7,1,000013,-253,-375.862,rear,22,front
7,2,000009,-253,-379.639,not_error,22,front
15,3,000061,-253,-363.989,rear,22,front
15,4,000042,-253,-367.654,rear,22,front
18,5,000083,467.667,-1056.24,rear,20,front
18,6,000073,467.25,-1052.58,not_error,20,front
18,7,000025,654.337,-1294.18,head,20,front
18,8,000021,653.578,-1290.86,rear,20,front
19,9,000082,-322.839,-306.622,rear,22,front
19,10,000076,-326.614,-306.69,not_error,22,front
19,11,000077,-42.9131,5.66459,not_error,20,front
19,12,000063,-39.2587,6.34727,rear,20,front
21,13,000048,654.089,-1295.71,head,20,front
21,14,000025,654.337,-1294.18,rear,20,front
23,15,000112,-315.062,-306.483,rear,22,front
23,16,000091,-318.707,-306.548,not_error,22,front
26,17,000064,-20.7275,-18.3884,rear,20,front
26,18,000045,-20.6031,-14.634,StraightError,20,front
32,19,000163,-55.1014,12.0426,head,20,front
32,20,000156,-52.3642,14.6042,LeftError,20,front
46,21,000260,468.778,-1059.41,rear,20,front
46,22,000248,467.25,-1055.95,not_error,20,front
53,23,000300,-295.256,-306.13,rear,22,front
53,24,000296,-298.987,-306.196,rear,22,front
53,25,000309,-291.673,-306.066,rear,22,front
53,26,000300,-295.256,-306.13,rear,22,front
56,27,000113,-15.0122,-223.189,head,20,front
56,28,000214,-13.8156,-226.258,not_error,20,front
57,29,000249,1066.78,-540.392,rear,20,front
57,30,000228,1063.43,-540.376,rear,20,front
57,31,000210,-306.934,-250.88,rear,22,front
57,32,000189,-304.079,-248.272,rear,22,front
59,33,000217,-309.428,-253.157,not_error,22,front
59,34,000210,-306.934,-250.88,rear,22,front
60,35,000105,-102.997,666.874,rear,20,front
60,36,000102,-104.149,663.23,rear,20,front
60,37,000280,1070.08,-540.409,rear,20,front
60,38,000249,1066.78,-540.392,rear,20,front
60,39,000174,-898.235,-1047.16,rear,20,front
60,40,000150,-895.09,-1045.42,rear,20,front
61,41,000149,-98.0645,682.476,rear,20,front
61,42,000141,-99.1266,679.116,rear,21,front
61,43,000188,-901.592,-1047.65,head,20,front
61,44,000174,-898.235,-1047.16,rear,20,front
63,45,000238,-232.372,-473.392,rear,22,front
63,46,000203,-232.334,-477.276,not_error,22,front
63,47,000033,992.532,-1174.23,head,20,head
63,48,000325,992.366,-1178.32,head,20,head
66,49,000302,-15.0032,3.92019,shift,20,intersection
66,50,000274,-18.2124,4.10354,not_error,20,intersection
66,51,000195,-95.4388,690.782,rear,20,front
66,52,000173,-96.5185,687.366,not_error,20,front
66,53,000323,1083.97,-540.478,rear,20,front
66,54,000305,1080.09,-540.458,rear,20,front
67,55,000084,-153.777,-479.999,not_error,22,front
67,56,000269,-153.374,-479.98,passing,22,front
67,57,000340,1087.24,-540.494,rear,20,front
67,58,000323,1083.97,-540.478,rear,20,front
67,59,000206,-94.5085,693.724,not_error,20,front
67,60,000195,-95.4388,690.782,rear,20,front
68,61,000227,-909.873,-1048.12,rear,20,front
68,62,000220,-906.84,-1045.69,rear,20,front
68,63,000331,-158.686,-451.547,rear,22,front
68,64,000319,-158.725,-455.322,rear,22,front
69,65,000370,1014.62,-1031.63,passing,20,intersection
69,66,000016,1018.14,-1030.34,StraightError,20,intersection
69,67,000099,-746.95,622.06,rear,20,front
69,68,000085,-744.376,624.904,rear,20,front
69,69,000368,992.708,-1182.07,head,20,front
69,70,000325,992.366,-1178.32,head,20,front
69,71,000351,1090.35,-540.509,rear,20,front
69,72,000340,1087.24,-540.494,rear,20,front
69,73,000342,-158.647,-447.72,rear,22,front
69,74,000331,-158.686,-451.547,rear,22,front
70,75,000278,-232.445,-465.756,rear,22,front
70,76,000253,-232.409,-469.524,not_error,22,front
70,77,000075,279.342,21.2464,rear,20,front
70,78,000022,282.305,19.0919,not_error,20,front
70,79,000235,-913.391,-1047.64,head,20,front
70,80,000227,-909.873,-1048.12,rear,20,front
70,81,000379,1020.69,-1032.41,passing,20,intersection
70,82,000016,1018.14,-1030.34,StraightError,20,intersection
71,83,000239,-919.805,-1040.21,rear,20,front
71,84,000221,-916.105,-1040.11,rear,20,front
71,85,000118,1058.88,-1029.51,rear,20,front
71,86,000110,1055,-1029.47,not_error,20,front
71,87,000130,1062.77,-1029.56,rear,20,front
71,88,000118,1058.88,-1029.51,rear,20,front
72,89,000243,-916.849,-1047.71,head,20,front
72,90,000235,-913.391,-1047.64,rear,20,front
72,91,000254,-923.421,-1040.31,rear,20,front
72,92,000239,-919.805,-1040.21,rear,20,front
72,93,000224,-93.3915,697.257,not_error,21,front
72,94,000206,-94.5085,693.724,rear,20,front
73,95,000147,1066.24,-1029.6,rear,20,front
73,96,000130,1062.77,-1029.56,rear,20,front
73,97,000176,-171.048,-480.159,rear,22,front
73,98,000159,-167.181,-480.257,rear,22,front
73,99,000402,1024.56,-1032.91,rear,20,front
73,100,000379,1020.69,-1032.41,passing,20,front
73,101,000185,1123.47,651.364,rear,21,front
73,102,000172,1119.87,651.393,not_error,20,front
73,103,000155,1091.91,651.617,rear,21,front
73,104,000116,1088.23,651.646,rear,20,front
75,105,000196,1127.13,651.335,rear,20,front
75,106,000185,1123.47,651.364,rear,21,front
75,107,000169,1095.72,651.586,rear,21,front
75,108,000155,1091.91,651.617,rear,21,front
75,109,000053,-675.74,-1042.1,head,20,front
75,110,000035,-672.045,-1040.95,not_error,20,front
75,111,000202,1032.57,213.897,rear,20,front
75,112,000123,1032.55,217.172,not_error,20,front
76,113,000177,1069.82,-1028.25,rear,20,front
76,114,000147,1066.24,-1029.6,rear,20,front
76,115,000230,-749.589,-85.0822,rear,21,front
76,116,000200,-746.115,-85.0652,rear,20,front
76,117,000218,-92.3553,700.535,not_error,20,front
76,118,000224,-93.3915,697.257,rear,21,front
77,119,000467,311.322,-1052.14,rear,20,front
77,120,000453,311.304,-1048.67,rear,20,front
77,121,000232,1130.34,651.309,rear,20,front
77,122,000196,1127.13,651.335,rear,20,front
77,123,000067,-679.46,-1041.31,head,20,front
77,124,000053,-675.74,-1042.1,head,20,front
77,125,000182,1073.22,-1029.26,head,20,front
77,126,000177,1069.82,-1028.25,rear,20,front
77,127,000456,-328.924,-306.731,rear,22,front
77,128,000440,-332.448,-306.794,not_error,22,front
79,129,000240,1133.6,651.283,rear,21,front
79,130,000232,1130.34,651.309,rear,20,front
80,131,000265,-156.287,426.549,head,20,head
80,132,000047,-154.437,430.003,not_error,20,head
80,133,000204,1076.64,-1027.5,head,20,front
80,134,000182,1073.22,-1029.26,head,20,front
81,135,000120,-131.044,544.158,head,21,head
81,136,000081,-132.28,542.053,RightError,20,head
81,137,000219,1079.86,-1027.67,head,20,front
81,138,000204,1076.64,-1027.5,rear,20,front
82,139,000285,-98.1055,670.645,rear,20,front
82,140,000242,-99.0835,667.551,rear,21,front
83,141,000510,994.962,224.26,rear,20,front
83,142,000496,998.339,225.226,not_error,20,front
84,143,000497,467.25,-1047.38,rear,20,front
84,144,000477,467.25,-1043.64,StraightError,20,front
84,145,000295,652.777,699.982,rear,20,front
84,146,000282,652.847,696.098,not_error,21,front
84,147,000080,1020.05,-1030.24,StraightError,20,intersection
84,148,000492,1017.11,-1031.95,not_error,20,intersection
85,149,000516,467.25,-1051.07,not_error,20,front
85,150,000497,467.25,-1047.38,rear,20,front
86,151,000524,-53.0449,10.9084,shift,20,side
86,152,000518,-55.7275,10.4064,rear,20,side
86,153,000211,1046.79,-1029.37,not_error,20,front
86,154,000092,1043.04,-1029.33,not_error,20,front
86,155,000275,-21.1994,-1056.56,not_error,20,front
86,156,000262,-19.5875,-1053.14,rear,20,front
88,157,000193,669.413,-543.169,rear,20,intersection
88,158,000192,667.51,-542.585,rear,20,intersection
88,159,000192,667.51,-542.585,rear,20,intersection
88,160,000193,669.413,-543.169,rear,20,intersection
88,161,000321,-22.7471,-1059.86,not_error,20,front
88,162,000275,-21.1994,-1056.56,rear,20,front
88,163,000422,1372.89,-1031.07,head,20,front
88,164,000407,1369.38,-1032.56,rear,21,front
90,165,000312,-23.8943,-1063.27,rear,21,front
90,166,000321,-22.7471,-1059.86,not_error,20,front
90,167,000546,467.25,-1054.93,not_error,20,front
90,168,000516,467.25,-1051.07,rear,20,front
90,169,000562,467.944,-1058.22,rear,20,front
90,170,000546,467.25,-1054.93,not_error,20,front
90,171,000413,-232.358,-474.787,rear,22,front
90,172,000354,-232.329,-477.856,rear,22,front
90,173,000426,1375.94,-1031.8,head,20,front
90,174,000422,1372.89,-1031.07,head,20,front
91,175,000349,651.887,703.082,head,20,front
91,176,000295,652.777,699.982,rear,20,front
91,177,000444,1090.84,-544.012,StraightError,20,front
91,178,000478,1089.84,-544.007,rear,20,front
91,179,000338,-25.725,-1066.19,rear,21,front
91,180,000312,-23.8943,-1063.27,rear,21,front
92,181,000582,469.333,-1061.58,head,20,front
92,182,000562,467.944,-1058.22,rear,20,front
92,183,000318,656.618,681.169,rear,20,front
92,184,000277,656.685,677.477,rear,20,front
92,185,000499,1094.38,-544.029,rear,20,front
92,186,000444,1090.84,-544.012,rear,20,front
92,187,000531,311.227,-1035.38,LeftError,20,intersection
92,188,000162,312.519,-1033.17,passing,20,intersection
93,189,000366,-20.2342,-1062.74,rear,20,front
93,190,000357,-18.622,-1059.31,rear,21,front
94,191,000139,-682.651,-1042.74,rear,21,front
94,192,000128,-679.003,-1043.67,not_error,20,front
94,193,000333,656.554,684.714,rear,20,front
94,194,000318,656.618,681.169,not_error,20,front
94,195,000356,-28.7288,-1072.57,rear,20,front
94,196,000360,-26.0082,-1070.7,head,20,front
95,197,000355,656.485,688.523,rear,20,front
95,198,000333,656.554,684.714,rear,20,front
95,199,000425,-655.396,-1067.21,rear,20,front
95,200,000410,-655.413,-1063.79,not_error,20,front
97,201,000316,-753.229,606.314,head,20,head
97,202,000322,-756.235,606.246,RightError,20,head
97,203,000144,-686.037,-1041.11,not_error,20,front
97,204,000139,-682.651,-1042.74,rear,21,front
97,205,000374,656.437,691.175,rear,21,front
97,206,000355,656.485,688.523,rear,20,front
97,207,000404,-20.3191,-1066.18,head,20,front
97,208,000366,-20.2342,-1062.74,rear,20,front
98,209,000389,648.739,-1064.87,not_error,20,front
98,210,000373,648.67,-1061.33,rear,20,front
99,211,000411,648.949,-1068.48,rear,20,front
99,212,000389,648.739,-1064.87,not_error,20,front
99,213,000449,-655.377,-1071.07,not_error,20,front
99,214,000425,-655.396,-1067.21,rear,20,front
99,215,000412,1025.79,443.09,head,20,intersection
99,216,000108,1022.89,442.161,StraightError,20,intersection
100,217,000454,-953.686,-1041.15,rear,20,front
100,218,000435,-949.789,-1041.04,rear,21,front
100,219,000606,-253,-384.272,rear,22,front
100,220,000586,-253,-388.158,rear,22,front
100,221,000205,-689.824,-1041.15,not_error,21,front
100,222,000144,-686.037,-1041.11,not_error,20,front
101,223,000442,-22.0947,-1066.69,rear,21,front
101,224,000404,-20.3191,-1066.18,head,20,front
101,225,000437,-31.1192,-1079.94,rear,20,front
101,226,000403,-30.5013,-1076.34,not_error,20,front
101,227,000460,650.383,-1070.79,rear,20,front
101,228,000411,648.949,-1068.48,rear,20,front
101,229,000468,-957.353,-1041.25,not_error,20,front
101,230,000454,-953.686,-1041.15,rear,20,front
101,231,000289,845.909,444.32,head,20,head
101,232,000027,842.781,444.405,head,20,head
101,233,000505,1090.52,441.201,rear,20,front
101,234,000494,1087.05,441.216,rear,20,front
101,235,000419,-99.9067,676.649,rear,20,front
101,236,000377,-101.071,672.966,rear,20,front
102,237,000486,-958.99,-1043.94,head,20,front
102,238,000468,-957.353,-1041.25,not_error,20,front
102,239,000563,653.301,-1227.02,head,20,front
102,240,000559,653.643,-1223.18,head,20,front
103,241,000485,-24.7176,-1067.7,rear,20,front
103,242,000442,-22.0947,-1066.69,rear,21,front
103,243,000345,-744.771,619.745,rear,21,front
103,244,000298,-742.218,622.062,not_error,20,front
103,245,000526,1094.26,441.185,rear,20,front
103,246,000505,1090.52,441.201,rear,20,front
103,247,000421,656.286,699.518,rear,20,front
103,248,000398,656.354,695.726,not_error,20,front
103,249,000446,656.221,703.093,not_error,20,front
103,250,000421,656.286,699.518,rear,20,front
104,251,000504,-30.7796,-1082.81,head,20,front
104,252,000437,-31.1192,-1079.94,rear,20,front
104,253,000385,1077.31,629.515,head,20,head
104,254,000272,1078.98,632.167,rear,21,head
104,255,000447,656.157,706.601,not_error,20,front
104,256,000446,656.221,703.093,rear,20,front
104,257,000359,-747.755,617.804,head,20,front
104,258,000345,-744.771,619.745,rear,21,front
104,259,000160,1008.32,-1087.17,head,20,head
104,260,000573,1006.85,-1088.21,rear,20,head
104,261,000317,1051.49,-1029.43,not_error,20,front
104,262,000284,1047.71,-1029.38,not_error,20,front
104,263,000363,1095.83,651.586,rear,21,front
104,264,000306,1092.14,651.615,not_error,20,front
104,265,000580,654.878,-1229.52,head,20,front
104,266,000563,653.301,-1227.02,not_error,20,front
105,267,000114,791.973,445.408,head,20,head
105,268,000266,794.526,446.582,head,20,head
105,269,000472,650.455,-1074.46,rear,20,front
105,270,000460,650.383,-1070.79,rear,20,front
105,271,000583,-88.1203,-1199.16,rear,20,front
105,272,000567,-86.6304,-1196.32,head,20,front
105,273,000371,1099.62,651.555,rear,20,front
105,274,000363,1095.83,651.586,rear,21,front
106,275,000515,-32.8603,-1085.92,head,21,front
106,276,000504,-30.7796,-1082.81,rear,20,front
106,277,000332,1055.24,-1029.47,not_error,20,front
106,278,000317,1051.49,-1029.43,rear,20,front
106,279,000584,1006.48,-1091.96,rear,20,front
106,280,000573,1006.85,-1088.21,rear,20,front
106,281,000664,-253,-375.734,rear,22,front
106,282,000643,-253,-379.607,rear,22,front
106,283,000068,200.582,745.951,head,20,head
106,284,000495,202.602,749.259,head,20,head
107,285,000378,1103.37,651.525,rear,20,front
107,286,000371,1099.62,651.555,rear,20,front
107,287,000600,1006.41,-1095.66,head,20,front
107,288,000584,1006.48,-1091.96,rear,20,front
108,289,000414,1107.17,651.495,rear,20,front
108,290,000378,1103.37,651.525,rear,20,front
108,291,000548,-967.44,-1041.53,not_error,21,front
108,292,000527,-964.086,-1041.86,rear,20,front
108,293,000509,-34.938,-1089.04,head,20,front
108,294,000515,-32.8603,-1085.92,head,21,front
108,295,000622,1005.62,-1099.44,head,20,front
108,296,000600,1006.41,-1095.66,head,20,front
109,297,000684,-253,-372.597,rear,22,front
109,298,000664,-253,-375.734,rear,22,front
109,299,000233,-2.47222,-779.238,StraightError,20,head
109,300,000041,-0.777775,-777.236,rear,20,head
109,301,000520,203.402,752.953,rear,20,front
109,302,000495,202.602,749.259,head,20,front
109,303,000133,788.749,445.602,head,20,front
109,304,000114,791.973,445.408,head,20,front
109,305,000438,1110.57,651.467,rear,21,front
109,306,000414,1107.17,651.495,rear,20,front
109,307,000513,655.256,710.365,head,20,front
109,308,000447,656.157,706.601,not_error,20,front
110,309,000626,1111.11,441.114,rear,20,front
110,310,000592,1107.31,441.13,rear,20,front
110,311,000552,653.395,751.766,head,20,front
110,312,000528,655.39,748.963,rear,20,front
111,313,000694,-253,-369.383,rear,22,front
111,314,000684,-253,-372.597,rear,22,front
111,315,000455,1114.13,651.439,rear,21,front
111,316,000438,1110.57,651.467,rear,21,front
111,317,000464,-888.431,-1045.28,rear,20,front
111,318,000432,-884.677,-1045.19,rear,20,front
112,319,000151,786.442,445.919,rear,20,front
112,320,000133,788.749,445.602,rear,20,front
112,321,000539,-36.484,-1089.06,not_error,21,front
112,322,000509,-34.938,-1089.04,rear,20,front
112,323,000465,1118,651.408,rear,20,front
112,324,000455,1114.13,651.439,rear,21,front
112,325,000553,653.468,755.368,head,20,front
112,326,000552,653.395,751.766,rear,20,front
112,327,000645,1005.7,-1103.07,rear,20,front
112,328,000622,1005.62,-1099.44,head,20,front
112,329,000709,-253,-365.885,rear,22,front
112,330,000694,-253,-369.383,rear,22,front
113,331,000514,-725.345,660.107,not_error,20,front
113,332,000487,-725.361,656.209,not_error,20,front
113,333,000480,-892.207,-1045.36,rear,20,front
113,334,000464,-888.431,-1045.28,rear,20,front
113,335,000483,1121.77,651.378,rear,20,front
113,336,000465,1118,651.408,rear,20,front
114,337,000140,-8.03479,-601.23,head,20,front
114,338,000065,-8.2231,-597.495,not_error,21,front
114,339,000659,1004.39,-1106.63,head,20,front
114,340,000645,1005.7,-1103.07,rear,20,front
114,341,000644,1114.99,441.097,not_error,20,front
114,342,000626,1111.11,441.114,rear,20,front
114,343,000730,-253,-362.259,passing,22,front
114,344,000709,-253,-365.885,rear,22,front
114,345,000595,1054.35,-540.331,rear,20,front
114,346,000578,1050.68,-540.313,rear,20,front
115,347,000530,-895.823,-1045.44,rear,20,front
115,348,000480,-892.207,-1045.36,rear,20,front
115,349,000498,1125.36,651.349,rear,20,front
115,350,000483,1121.77,651.378,rear,20,front
116,351,000746,-253,-358.515,rear,22,front
116,352,000730,-253,-362.259,passing,22,front
116,353,000208,1005.28,-1100.77,head,20,head
116,354,000645,1005.7,-1103.07,rear,20,head
117,355,000747,-238.279,71.4787,not_error,20,front
117,356,000732,-241.89,70.6278,not_error,20,front
117,357,000187,-660.797,-1036.87,LeftError,20,intersection
117,358,000439,-658.948,-1038.19,StraightError,20,intersection
117,359,000512,1128.68,651.322,rear,20,front
117,360,000498,1125.36,651.349,rear,20,front
117,361,000669,1118.59,441.082,not_error,20,front
117,362,000644,1114.99,441.097,rear,20,front
117,363,000762,-234.741,73.026,head,20,front
117,364,000747,-238.279,71.4787,not_error,20,front
117,365,000652,-20.8128,3.94599,not_error,20,intersection
117,366,000568,-18.9255,0.743515,StraightError,20,intersection
118,367,000777,-187.244,-1409.57,shift,20,side
118,368,000774,-187.145,-1413.6,not_error,20,side
118,369,000443,1087.75,655.159,rear,20,front
118,370,000434,1084.07,655.189,not_error,20,front
118,371,000677,1122.14,441.067,not_error,20,front
118,372,000669,1118.59,441.082,not_error,20,front
119,373,000662,-74.5317,-1170.27,rear,20,front
119,374,000574,-73.4694,-1167.69,rear,20,front
119,375,000764,-253,-354.711,passing,22,front
119,376,000746,-253,-358.515,rear,22,front
120,377,000458,1091.57,655.128,rear,21,front
120,378,000443,1087.75,655.159,not_error,20,front
120,379,000544,1132.15,651.294,rear,20,front
120,380,000512,1128.68,651.322,rear,20,front
121,381,000607,-915.953,-1047.42,rear,20,front
121,382,000593,-912.401,-1045.81,rear,21,front
121,383,000292,652.574,-798.103,rear,20,front
121,384,000276,652.649,-794.428,rear,20,front
121,385,000475,1095.36,655.098,rear,20,front
121,386,000458,1091.57,655.128,rear,21,front
122,387,000501,1099.25,655.067,rear,20,front
122,388,000475,1095.36,655.098,rear,20,front
122,389,000782,-253,-351.355,rear,22,front
122,390,000764,-253,-354.711,passing,22,front
123,391,000556,1136.03,651.263,rear,20,front
123,392,000544,1132.15,651.294,rear,20,front
123,393,000341,652.499,-801.771,rear,20,front
123,394,000292,652.574,-798.103,rear,20,front
123,395,000415,-9.78283,-507.069,head,20,head
123,396,000050,-10.9946,-511.528,StraightError,20,head
123,397,000538,1102.89,656.149,head,20,front
123,398,000501,1099.25,655.067,rear,20,front
124,399,000721,1125.97,441.051,not_error,20,front
124,400,000677,1122.14,441.067,rear,20,front
125,401,000581,1139.4,651.236,rear,21,front
125,402,000556,1136.03,651.263,rear,20,front
125,403,000703,1070.21,35.0669,head,20,front
125,404,000695,1066.79,34.6577,rear,20,front
125,405,000661,652.12,783.819,rear,20,front
125,406,000642,654.939,781.535,rear,20,front
126,407,000579,1142.3,651.213,rear,20,front
126,408,000581,1139.4,651.236,rear,21,front
127,409,000078,-133.667,643.948,rear,20,front
127,410,000034,-129.841,643.887,RightError,20,front
129,411,000756,1129.64,441.035,rear,20,front
129,412,000721,1125.97,441.051,not_error,20,front
131,413,000179,652.749,-559.608,rear,20,front
131,414,000171,652.749,-555.799,rear,20,front
131,415,000131,-16.6177,-492.779,rear,21,front
131,416,000056,-16.7899,-489.06,rear,20,front
132,417,000069,465.083,-1029.66,not_error,20,intersection
132,418,000787,467.76,-1030.8,rear,20,intersection
133,419,000819,-6.21378,979.467,head,21,front
133,420,000807,-5.34783,975.756,not_error,20,front
133,421,000780,1059.2,-793.739,rear,20,front
133,422,000748,1055.62,-795.218,not_error,20,front
133,423,000207,-16.4404,-496.61,rear,20,front
133,424,000131,-16.6177,-492.779,rear,21,front
133,425,000344,-676.132,-1041,rear,21,front
133,426,000335,-672.329,-1041.79,rear,20,front
133,427,000605,1097.89,-1026.47,not_error,21,front
133,428,000572,1094.5,-1024.9,rear,20,front
134,429,000576,-719.144,636.452,LeftError,20,intersection
134,430,000588,-721.907,638.725,rear,20,intersection
134,431,000625,1130.4,656.9,head,20,front
134,432,000589,1127.21,654.842,rear,20,front
134,433,000362,-678.654,-1043.66,head,20,front
134,434,000344,-676.132,-1041,rear,21,front
134,435,000666,-102.391,668.789,rear,21,front
134,436,000636,-103.474,665.365,rear,20,front
134,437,000616,1101.09,-1026.22,head,20,front
134,438,000605,1097.89,-1026.47,not_error,21,front
135,439,000624,1133.56,654.791,not_error,20,front
135,440,000625,1130.4,656.9,rear,20,front
135,441,000678,-101.337,672.125,rear,20,front
135,442,000666,-102.391,668.789,rear,21,front
135,443,000236,288.88,429.55,head,20,head
135,444,000198,285.328,429.874,head,20,head
135,445,000522,-750.905,620.282,rear,20,front
135,446,000502,-747.747,622.517,not_error,20,front
136,447,000629,1103.79,-1026.12,head,20,front
136,448,000616,1101.09,-1026.22,head,20,front
136,449,000630,1136.99,655.875,head,20,front
136,450,000624,1133.56,654.791,not_error,20,front
137,451,000261,282.834,431.691,rear,20,front
137,452,000198,285.96,429.871,head,20,front
137,453,000637,1140.56,655.291,head,20,front
137,454,000630,1136.99,655.875,head,20,front
138,455,000628,1105.02,-1030.05,not_error,20,front
138,456,000617,1101.37,-1030.01,not_error,20,front
138,457,000687,-727.946,649.929,not_error,20,front
138,458,000682,-728.249,646.15,not_error,20,front
138,459,000679,654.946,-1054.07,head,20,front
138,460,000672,651.98,-1051.56,not_error,20,front
139,461,000789,-58.1621,816.988,head,21,front
139,462,000737,-58.4663,813.261,head,20,front
139,463,000117,-649.725,-712.781,head,20,intersection
139,464,000427,-649.094,-714.696,RightError,20,intersection
139,465,000491,1019.2,455.299,head,20,head
139,466,000301,1020.4,453.199,not_error,20,head
139,467,000640,1108.29,-1029.11,rear,20,front
139,468,000628,1105.02,-1030.05,rear,20,front
139,469,000668,1143.68,655.543,head,20,front
139,470,000637,1140.56,655.291,head,20,front
140,471,000660,1110.96,-1028.03,head,20,front
140,472,000640,1108.29,-1029.11,rear,20,front
142,473,000810,-57.1391,820.685,head,20,front
142,474,000789,-58.1621,816.988,rear,21,front
142,475,000734,1013.04,-1049.66,rear,20,front
142,476,000718,1013.4,-1045.94,rear,20,front
142,477,000726,652.067,-1055.99,head,20,front
142,478,000679,654.946,-1054.07,rear,20,front
143,479,000324,381.538,13.4998,head,20,head
143,480,000143,384.515,12.6503,head,21,head
144,481,000241,628.171,19.305,head,20,front
144,482,000304,631.238,21.5476,not_error,20,front
144,483,000835,-0.717557,990.402,rear,21,front
144,484,000830,-1.88761,986.701,not_error,20,front
144,485,000829,-98.7035,-1227.53,head,20,front
144,486,000799,-97.8037,-1224.32,rear,20,front
145,487,000511,974.997,-1026.03,head,20,head
145,488,000346,972.122,-1026.95,head,20,head
146,489,000724,-95.8995,689.324,not_error,20,front
146,490,000711,-97.047,685.694,rear,20,front
147,491,000697,1153.5,654.631,not_error,20,front
147,492,000701,1149.72,654.661,rear,20,front
147,493,000566,1046.35,-1029.37,rear,20,front
147,494,000549,1042.67,-1029.33,rear,20,front
147,495,000146,488.757,-1032.97,rear,20,front
147,496,000129,485.066,-1032.99,rear,20,front
148,497,000873,-100.466,-1230.3,head,20,front
148,498,000829,-98.7035,-1227.53,head,20,front
148,499,000471,-455.453,-82.1392,rear,20,front
148,500,000387,-451.706,-82.0992,rear,21,front
148,501,000771,-95.9602,692.818,head,20,front
148,502,000724,-95.8995,689.324,not_error,20,front
149,503,000860,1055.61,-540.337,rear,20,front
149,504,000856,1416.41,-1033.66,head,20,front
149,505,000818,1052.67,-540.323,rear,20,front
149,506,000843,1413.01,-1031.81,rear,20,front
149,507,000479,-459.249,-82.1796,rear,20,front
149,508,000471,-455.453,-82.1392,rear,20,front
150,509,000597,1050.2,-1029.41,rear,20,front
150,510,000566,1046.35,-1029.37,not_error,20,front
150,511,000965,-253,-383.212,rear,22,front
150,512,000932,-253,-385.404,rear,22,front
150,513,000692,-742.419,-91.6688,rear,20,front
150,514,000696,-738.869,-91.9273,RightError,20,front
150,515,000881,1059.27,-540.355,shift,20,front
150,516,000860,1055.61,-540.337,rear,20,front
151,517,000754,656.484,688.551,rear,20,front
151,518,000715,656.555,684.67,rear,20,front
151,519,000863,1420.04,-1033.56,head,20,front
151,520,000856,1416.41,-1033.66,head,20,front
151,521,000772,656.283,692,rear,20,front
151,522,000754,656.484,688.551,rear,20,front
152,523,000808,-911.126,-1041.22,rear,20,front
152,524,000796,-907.717,-1039.88,not_error,20,front
152,525,000708,1120.94,651.384,rear,21,front
152,526,000685,1117.04,651.415,rear,20,front
152,527,000263,-16.4501,-496.399,rear,20,front
152,528,000255,-15.0813,-492.93,rear,21,front
153,529,000029,-723.601,-244.419,head,20,head
153,530,000154,-725.121,-248.681,head,20,head
153,531,000268,-16.2778,-500.121,rear,20,front
153,532,000263,-16.4501,-496.399,not_error,20,front
153,533,000770,1156.82,654.604,rear,20,front
153,534,000697,1153.5,654.631,not_error,20,front
153,535,000234,722.275,661.264,head,20,head
153,536,000314,723.987,661.083,head,20,head
154,537,000720,1124.49,651.356,rear,20,front
154,538,000708,1120.94,651.384,rear,21,front
154,539,000791,1040.4,53.2769,rear,20,front
154,540,000757,1040.42,49.3911,not_error,20,front
154,541,000646,-748.679,619.645,rear,20,front
154,542,000560,-745.469,621.747,rear,20,front
154,543,000226,492.536,-1032.95,rear,20,front
154,544,000146,488.757,-1032.97,rear,20,front
154,545,000793,1160.51,655.408,rear,20,front
154,546,000770,1156.82,654.604,rear,20,front
155,547,000001,-94.6143,642.308,rear,20,front
155,548,000209,-97.8681,640.387,StraightError,20,front
155,549,000469,-70.7477,-1019.19,rear,20,front
155,550,000106,-68.8295,-1022.09,StraightError,20,front
155,551,000372,727.291,661.686,head,20,front
155,552,000314,723.987,661.083,head,20,front
155,553,000766,1127.85,651.329,rear,20,front
155,554,000720,1124.49,651.356,rear,20,front
156,555,000089,-722.59,-242.729,head,20,front
156,556,000029,-723.601,-244.419,head,20,front
156,557,000244,-173.772,-480.945,head,21,head
156,558,000167,-177.056,-480.562,head,20,head
156,559,000250,1035.16,441.09,head,20,head
156,560,000801,1038.64,440.566,rear,20,head
157,561,000803,1164.3,654.961,head,20,front
157,562,000793,1160.51,655.408,rear,20,front
157,563,000424,402.211,-1023.63,rear,20,front
157,564,000392,405.59,-1022.16,not_error,20,front
157,565,000797,1131.46,651.3,rear,20,front
157,566,000766,1127.85,651.329,rear,20,front
158,567,000689,1087.44,651.653,rear,20,front
158,568,000671,1083.56,651.684,rear,20,front
158,569,000805,1042.35,440.628,rear,20,front
158,570,000801,1038.64,440.566,rear,20,front
159,571,000804,1134.81,651.273,rear,20,front
159,572,000797,1131.46,651.3,rear,20,front
159,573,000591,-25.6033,-167.694,passing,22,intersection
159,574,001045,-27.0998,-165.329,head,20,intersection
159,575,000832,-12.9897,-1047.01,head,20,front
159,576,000710,-11.2329,-1043.6,not_error,21,front
159,577,000023,-13.2363,-386.491,head,20,front
159,578,000481,-12.7046,-390.203,rear,20,front
160,579,000858,653.279,719.8,head,20,front
160,580,001038,311.312,-1050.13,rear,20,front
160,581,001004,311.293,-1046.42,not_error,20,front
160,582,000834,655.965,717.254,not_error,20,front
160,583,000569,-564.59,-1039.82,rear,21,front
160,584,000399,-560.874,-1038.69,not_error,20,front
160,585,000533,1002.12,-1119.19,head,20,head
160,586,000975,999.975,-1121.67,head,20,head
161,587,000735,-15.629,-1044.72,rear,20,front
161,588,000656,-14.0311,-1041.33,not_error,20,front
161,589,000812,1138.68,651.242,rear,21,front
161,590,000804,1134.81,651.273,rear,20,front
161,591,000870,652.944,722.941,head,20,front
161,592,000858,653.279,719.8,rear,20,front
161,593,000990,1002.01,-1124.61,head,20,front
161,594,000975,999.975,-1121.67,head,20,front
162,595,000158,645.75,-186.978,rear,20,front
162,596,000101,645.75,-183.079,not_error,20,front
162,597,000868,-23.9641,-1062.44,rear,21,front
162,598,000837,-22.3521,-1059.02,not_error,20,front
162,599,000879,-655.363,-1073.8,rear,20,front
162,600,000842,-655.381,-1070.11,rear,20,front
163,601,001003,-124.246,-1278.57,rear,20,front
163,602,000979,-123.868,-1274.83,not_error,20,front
163,603,000838,-721.874,647.841,rear,20,front
163,604,000811,-721.889,644.046,rear,20,front
163,605,001002,1001.08,-1128.37,head,20,front
163,606,000990,1002.01,-1124.61,head,20,front
163,607,000880,653.015,726.701,head,20,front
163,608,000870,652.944,722.941,rear,20,front
164,609,000326,1001.86,-1115.77,head,20,front
164,610,000533,1002.12,-1119.19,head,20,front
164,611,000939,1045.49,-539.297,RightError,20,intersection
164,612,000519,1042.37,-538.011,head,20,intersection
164,613,000181,-724.788,-222.434,head,20,head
164,614,000197,-723.886,-220.768,head,20,head
164,615,000848,-14.3891,-1050.31,rear,21,front
164,616,000832,-12.9897,-1047.01,head,20,front
164,617,001018,998.987,-1131.53,head,20,front
164,618,001002,1001.08,-1128.37,rear,20,front
165,619,000878,-721.844,655.332,rear,20,front
165,620,000855,-721.856,652.325,rear,20,front
165,621,001089,468.639,-1060.2,rear,20,front
165,622,001078,467.25,-1056.64,not_error,20,front
165,623,001023,-125.378,-1282.28,head,21,front
165,624,001003,-124.246,-1278.57,rear,20,front
165,625,000886,-721.831,658.729,rear,20,front
165,626,000878,-721.844,655.332,rear,20,front
166,627,001097,469.333,-1063.46,head,20,front
166,628,001089,468.639,-1060.2,rear,20,front
167,629,000857,1146.6,651.178,rear,21,front
167,630,000853,1143.17,651.206,rear,21,front
167,631,000982,-15.9495,-304.835,head,20,front
167,632,000066,-14.6496,-308.073,head,20,front
168,633,000968,1059.46,-543.856,rear,20,front
168,634,000959,1055.69,-543.838,not_error,20,front
168,635,000876,1150.4,651.148,rear,20,front
168,636,000857,1146.6,651.178,rear,21,front
168,637,001010,-16.9773,-301.228,head,20,front
168,638,000982,-15.9495,-304.835,head,20,front
169,639,000910,-27.7789,-1070.55,rear,20,front
169,640,000864,-26.161,-1067.11,not_error,20,front
170,641,000821,1090.45,-1027.17,rear,21,front
170,642,000820,1087.9,-1029.85,not_error,20,front
170,643,000972,1077.22,553.651,head,20,head
170,644,000871,1076.52,551.079,head,20,head
170,645,000930,-917.321,-1040.14,rear,20,front
170,646,000924,-914.015,-1040.05,rear,20,front
170,647,000999,221.714,803.459,head,20,head
170,648,000293,220.92,800.647,head,20,head
170,649,000874,1153.4,651.124,rear,20,front
170,650,000876,1150.4,651.148,rear,20,front
170,651,000104,-11.3847,-187.732,shift,20,side
170,652,000905,-12.4354,-184.919,head,20,side
171,653,000909,-29.3549,-1073.9,not_error,21,front
171,654,000910,-27.7789,-1070.55,rear,20,front
171,655,001061,-131.056,-1290.11,not_error,20,front
171,656,001048,-129.62,-1287.06,not_error,20,front
171,657,000941,-919.988,-1042.72,head,20,front
171,658,000930,-917.321,-1040.14,rear,20,front
172,659,001132,-233.069,74.1334,rear,20,front
172,660,001113,-234.715,72.3185,rear,20,front
172,661,000887,1156.8,651.097,rear,20,front
172,662,000874,1153.4,651.124,rear,20,front
172,663,000929,648.825,-1069.25,rear,20,front
172,664,000912,648.759,-1065.85,rear,20,front
172,665,000840,1091.57,-1028.64,head,20,front
172,666,000820,1087.9,-1029.85,not_error,20,front
173,667,000466,694.123,-1027.58,rear,20,front
173,668,000430,690.255,-1027.72,not_error,20,front
173,669,000806,1055.26,-1029.47,rear,21,front
173,670,000821,1055.07,-1026.76,rear,21,front
173,671,000950,-923.465,-1042.54,head,20,front
173,672,000941,-919.988,-1042.72,head,20,front
173,673,000675,921.008,-1027.87,head,20,head
173,674,000798,918.181,-1027.31,RightError,20,head
173,675,000540,-25.8786,-336.255,shift,22,side
173,676,000705,-24.245,-339.652,head,22,side
173,677,001031,1053.25,34.6875,not_error,20,front
173,678,001007,1049.51,34.6957,RightError,20,front
174,679,000545,1040.32,-540.705,rear,20,intersection
174,680,000894,1040.14,-543.811,StraightError,20,intersection
174,681,000462,0.611139,-734.185,head,20,head
174,682,000634,0.0277508,-735.304,head,20,head
174,683,000488,697.888,-1027.31,head,20,front
174,684,000466,694.123,-1027.58,rear,20,front
175,685,000758,1038.52,-1029.42,not_error,20,intersection
175,686,000821,1038.39,-1029.31,rear,21,intersection
175,687,000680,455.397,13.7841,passing,21,head
175,688,000651,453.461,13.8293,head,20,head
175,689,001122,1635.59,-1033.14,head,20,head
175,690,000303,1633.53,-1031.49,head,20,head
176,691,000722,924.125,-1027.28,head,20,front
176,692,000675,921.008,-1027.87,head,20,front
176,693,000259,1027.58,38.7508,head,20,intersection
176,694,000781,1030.98,38.8692,not_error,20,intersection
176,695,000919,-32.2134,-1083.24,head,21,front
176,696,000954,-31.9215,-1079.36,rear,20,front
176,697,001145,1639.06,-1033.18,head,20,front
176,698,001122,1635.59,-1033.14,head,20,front
177,699,000934,-12.2514,-1052.27,not_error,20,front
177,700,000915,-10.4848,-1049.16,not_error,20,front
177,701,000988,-926.722,-1040.4,not_error,20,front
177,702,000950,-923.465,-1042.54,rear,20,front
177,703,000989,1090.14,441.203,rear,20,front
177,704,000969,1086.52,441.218,rear,20,front
177,705,000649,-0.94447,-738.167,head,20,front
177,706,000634,0.0277508,-735.304,head,20,front
177,707,000935,-32.1164,-1086.95,head,20,front
177,708,000919,-32.2134,-1083.24,rear,21,front
177,709,000914,1036.3,53.9046,head,20,front
177,710,000844,1037.02,50.3859,RightError,20,front
178,711,000327,-72.5437,-1019.46,head,20,front
178,712,000575,-68.943,-1020.56,head,20,front
179,713,001167,13.6881,1037.35,head,20,front
179,714,001159,10.4087,1035.27,rear,21,front
179,715,000107,298.253,-1018.63,rear,20,front
179,716,000604,301.847,-1018.57,not_error,20,front
179,717,001020,651.486,-1091.64,head,20,front
179,718,000997,649.202,-1088.49,rear,20,front
180,719,001093,1102.64,443.094,head,20,front
180,720,001068,1099.32,441.164,rear,20,front
181,721,001029,129.069,14.4678,head,20,head
181,722,000011,133.124,14.5071,head,20,head
181,723,000750,705.429,15.826,StraightError,21,front
181,724,000698,705.186,15.9635,head,20,front
181,725,001033,650.025,-1095.09,head,20,front
181,726,001020,651.486,-1091.64,head,20,front
181,727,000231,1035.55,-248.225,head,20,head
181,728,000330,1036.58,-248.278,head,20,head
182,729,000428,653.379,-41.3103,head,20,head
182,730,000043,651.955,-41.3784,RightError,20,head
182,731,000290,-25.8471,-337.275,shift,21,side
182,732,000003,-25.7458,-340.548,not_error,20,side
182,733,001107,-658.211,-1206.26,rear,20,front
182,734,001117,-658.08,-1204.58,rear,20,front
183,735,001203,1648.13,-1031.18,head,20,front
183,736,001177,1645.52,-1032.81,shift,20,front
183,737,001053,651.479,-1098.41,head,20,front
183,738,001033,650.025,-1095.09,head,20,front
184,739,000564,704.352,-1031.05,shift,20,side
184,740,000707,702.983,-1031.09,rear,20,side
184,741,000550,-252.799,86.3343,rear,21,front
184,742,000461,-254.442,82.8834,RightError,21,front
184,743,000006,646.191,636.478,not_error,20,front
184,744,000570,646.24,640.185,StraightError,20,front
184,745,000962,1037.84,61.7257,rear,20,front
184,746,000948,1037.59,58.2418,rear,20,front
184,747,001209,1651.41,-1031.77,head,20,front
184,748,001203,1648.13,-1031.18,head,20,front
184,749,000051,731.235,661.31,head,20,head
184,750,000639,732.316,661.13,head,20,head
185,751,000940,1116.05,656.043,head,20,front
185,752,000913,1112.35,654.962,rear,20,front
185,753,000352,655.208,-38.0327,head,20,front
185,754,000428,653.379,-41.3103,head,20,front
185,755,001208,1655.16,-1032.65,head,20,front
185,756,001209,1651.41,-1031.77,head,20,front
186,757,001139,-658.192,-1209.97,rear,20,front
186,758,001107,-658.211,-1206.26,rear,20,front
186,759,001051,-650.451,-1073.38,rear,20,front
186,760,000981,-652.62,-1070.64,not_error,20,front
186,761,000785,-671.101,-1044.48,rear,20,front
186,762,000753,-667.286,-1044.42,not_error,20,front
186,763,000436,-65.6915,-478.102,rear,22,front
186,764,000991,-61.8695,-478.041,rear,22,front
186,765,000949,1119.21,656.434,head,20,front
186,766,000940,1116.05,656.043,head,20,front
187,767,001220,1658.18,-1032.26,head,20,front
187,768,001208,1655.16,-1032.65,head,20,front
187,769,000615,-252.978,90.0436,rear,20,front
187,770,000550,-252.799,86.3343,rear,21,front
187,771,000755,-661.784,-1034.68,LeftError,20,intersection
187,772,000960,-658.952,-1034.27,StraightError,20,intersection
188,773,000956,1122.79,655.989,head,20,front
188,774,000949,1119.21,656.434,not_error,20,front
189,775,001246,1661.53,-1032.16,head,20,front
189,776,001220,1658.18,-1032.26,not_error,20,front
190,777,000976,1126.22,656.1,head,20,front
190,778,000956,1122.79,655.989,rear,20,front
190,779,001027,-102.038,669.908,rear,20,front
190,780,001012,-103.153,666.379,rear,21,front
190,781,000752,261.74,665.034,rear,20,front
190,782,000736,265.394,665.678,not_error,20,front
191,783,000247,339.675,651.671,rear,20,front
191,784,000731,336.066,650.631,rear,20,front
191,785,001032,-100.99,673.22,rear,21,front
191,786,001027,-102.038,669.908,rear,20,front
192,787,001080,655.406,696.696,rear,20,front
192,788,001015,654.777,693.074,rear,20,front
192,789,000712,-20.5792,-13.9127,rear,22,front
192,790,000587,-20.4625,-10.3886,rear,22,front
192,791,000987,1048.94,-1021.36,head,20,front
192,792,000967,1045.37,-1022.85,not_error,20,front
192,793,000386,-150.318,448.618,head,20,head
192,794,000307,-149.725,451.073,not_error,20,head
192,795,001000,1129.67,654.823,not_error,20,front
192,796,000976,1126.22,656.1,rear,20,front
193,797,001069,-99.9333,676.565,not_error,21,front
193,798,001032,-100.99,673.22,rear,21,front
193,799,001270,1665.26,-1033.04,not_error,20,front
193,800,001246,1661.53,-1032.16,head,20,front
193,801,001187,-658.15,-1218.62,rear,20,front
193,802,001176,-658.168,-1214.92,rear,20,front
193,803,000920,653.164,678.601,not_error,20,front
193,804,001080,655.75,677.681,rear,20,front
193,805,001024,1132.2,657.441,head,20,front
193,806,001000,1129.67,654.823,not_error,20,front
194,807,001094,-99.2435,678.747,rear,21,front
194,808,001069,-99.9333,676.565,not_error,21,front
195,809,001293,1668.42,-1032.94,head,20,front
195,810,001270,1665.26,-1033.04,rear,20,front
195,811,001205,1061.1,-540.364,rear,20,front
195,812,001163,1058.43,-540.351,not_error,20,front
195,813,000998,1052.18,-1023.32,head,20,front
195,814,000987,1048.94,-1021.36,head,20,front
195,815,001028,1133.86,655.206,rear,20,front
195,816,001024,1132.2,657.441,head,20,front
195,817,001277,1161.29,7.03865,head,20,head
195,818,000087,1162.09,10.863,head,20,head
195,819,001227,-253.853,92.7096,head,20,head
195,820,000184,-252.176,93.1924,head,21,head
196,821,000783,302.164,-576.896,rear,20,intersection
196,822,000561,300.832,-573.987,StraightError,20,intersection
196,823,001215,1064.66,-540.382,rear,20,front
196,824,001205,1061.1,-540.364,rear,20,front
196,825,001087,-98.8973,679.842,rear,20,front
196,826,001094,-99.2435,678.747,rear,21,front
196,827,000901,-679.962,-1042.01,rear,20,front
196,828,000884,-676.399,-1043.36,rear,20,front
196,829,001126,656.068,711.526,shift,20,side
196,830,001066,653.491,708.124,rear,20,side
197,831,000916,690.663,-1031,head,20,front
197,832,000859,686.92,-1030.68,StraightError,20,front
197,833,001050,1136.77,656.988,head,20,front
197,834,001028,1133.86,655.206,rear,20,front
197,835,000165,-244.468,88.2734,rear,20,front
197,836,000704,-245.536,84.7714,rear,20,front
197,837,001226,1068.04,-540.399,rear,20,front
197,838,001215,1064.66,-540.382,rear,20,front
197,839,001304,1163.78,4.62346,head,20,front
197,840,001277,1161.29,7.03865,head,20,front
198,841,001102,655.999,715.368,rear,20,front
198,842,001126,656.068,711.526,not_error,20,front
198,843,001309,1672.18,-1033.12,not_error,20,front
198,844,001293,1668.42,-1032.94,rear,20,front
198,845,001155,-126.108,-484.367,head,22,head
198,846,000019,-124.731,-486.04,passing,21,head
198,847,001072,-31.1068,-474.053,rear,22,front
198,848,000892,-27.4854,-473.995,LeftError,22,front
198,849,000931,22.744,-1032.75,head,20,front
198,850,000841,19.5015,-1033.15,StraightError,20,front
198,851,001243,1071.75,-540.417,rear,20,front
198,852,001226,1068.04,-540.399,rear,20,front
198,853,001314,1676,-1033.17,head,20,front
198,854,001309,1672.18,-1033.12,rear,20,front
199,855,000451,-154.082,447.659,rear,20,front
199,856,000386,-150.318,448.618,head,20,front
199,857,001106,655.934,718.944,rear,21,front
199,858,001102,655.999,715.368,rear,20,front
199,859,001017,-11.4243,-272.133,passing,20,front
199,860,000039,-11.3715,-275.563,not_error,20,front
200,861,001310,1165.27,1.63742,head,20,front
200,862,001304,1163.78,4.62346,rear,20,front
200,863,000429,652.889,-273.653,head,20,head
200,864,000725,651.889,-274.115,head,20,head
200,865,000825,-659.273,-1035.95,head,20,intersection
200,866,000993,-658.947,-1038.9,StraightError,20,intersection
200,867,001056,-234.494,-441.746,head,22,head
200,868,001207,-234.101,-437.859,head,22,head
201,869,001269,1075.28,-540.435,rear,20,front
201,870,001243,1071.75,-540.417,rear,20,front
201,871,001334,1679.56,-1032.79,head,20,front
201,872,001314,1676,-1033.17,rear,20,front
201,873,001079,430.286,-1020.07,rear,20,front
201,874,000970,434.139,-1020.14,rear,20,front
202,875,001305,1091.8,-544.016,rear,20,front
202,876,001271,1088.36,-543.999,rear,20,front
202,877,000365,-26.1014,-1026.6,not_error,20,front
202,878,000339,-22.9881,-1028.78,RightError,20,front
203,879,000157,1013.08,-1061.07,head,20,head
203,880,001241,1012.17,-1064.56,rear,20,head
203,881,000252,1019.67,-1029.49,rear,20,intersection
203,882,001324,1018.15,-1032.09,not_error,20,intersection
203,883,000420,648.389,-207.959,rear,20,front
203,884,000040,645.75,-205.408,not_error,20,front
203,885,000347,-723.67,-199.505,head,20,head
203,886,000525,-722.114,-203.086,head,20,head
203,887,001301,1000.15,-1122.29,head,20,head
203,888,000380,1001.25,-1120.13,head,20,head
204,889,001121,-725.398,646.986,rear,20,front
204,890,001090,-725.413,643.4,not_error,20,front
204,891,000279,1042.68,-541.078,head,20,intersection
204,892,001193,1042.1,-543.808,rear,20,intersection
204,893,000256,1024.31,-1001.61,rear,20,front
204,894,000396,1024.02,-1005.19,StraightError,20,front
204,895,001135,426.714,-1020,rear,20,front
204,896,001079,430.286,-1020.07,rear,20,front
205,897,000394,645.75,-210.634,rear,20,front
205,898,000420,648.389,-207.959,rear,20,front
205,899,001129,-725.386,650.091,rear,20,front
205,900,001121,-725.398,646.986,not_error,20,front
205,901,000824,292.826,-1021.64,head,20,front
205,902,000776,295.216,-1018.68,not_error,20,front
205,903,001142,-98.7544,680.294,rear,21,front
205,904,001114,-99.7905,677.016,rear,21,front
207,905,001252,1056.2,-543.84,rear,20,front
207,906,001217,1052.48,-543.822,rear,20,front
207,907,000852,-23.1064,-250.091,not_error,22,intersection
207,908,000222,-22.5283,-247.183,StraightError,20,intersection
208,909,001144,-725.787,653.896,rear,20,front
208,910,001129,-725.386,650.091,rear,20,front
208,911,001327,998.99,-1129.06,head,20,front
208,912,001317,1001.45,-1126.21,rear,20,front
208,913,000111,-95.0251,642.874,rear,20,front
208,914,000423,-98.9161,642.739,not_error,20,front
209,915,001075,1055.29,-1025.97,not_error,20,front
209,916,001057,1052.72,-1023.58,rear,20,front
209,917,001160,-726.606,657.606,rear,20,front
209,918,001144,-725.787,653.896,rear,20,front
209,919,001339,998.63,-1132.79,head,20,front
209,920,001327,998.99,-1129.06,rear,20,front
209,921,001158,-97.5849,683.993,rear,20,front
209,922,001142,-98.7544,680.294,rear,21,front
210,923,001026,1051.25,-1029.43,rear,20,front
210,924,001022,1047.36,-1029.38,not_error,20,front
210,925,001043,1054.9,-1029.47,rear,20,front
210,926,001026,1051.25,-1029.43,rear,20,front
210,927,001179,-727.009,660.852,rear,20,front
210,928,001160,-726.606,657.606,rear,20,front
211,929,001103,1058.34,-1025.87,head,20,front
211,930,001075,1055.29,-1025.97,not_error,20,front
211,931,001175,652.008,-1052.98,not_error,20,front
211,932,001141,651.932,-1049.1,not_error,20,front
211,933,001185,-721.826,660.057,rear,20,front
211,934,001162,-721.84,656.487,rear,20,front
211,935,001058,1058.74,-1029.51,rear,21,front
211,936,001043,1054.9,-1029.47,rear,20,front
211,937,001173,-152.529,-480.357,head,22,front
211,938,001306,-148.802,-479.762,rear,22,front
212,939,001104,-751.479,619.195,rear,20,front
212,940,001059,-748.273,621.294,rear,20,front
212,941,001201,-721.811,663.735,rear,20,front
212,942,001185,-721.826,660.057,rear,20,front
213,943,000005,-279.321,-226.715,head,21,head
213,944,001222,-282.028,-227.344,not_error,22,head
213,945,001137,648.342,-1044.56,rear,20,front
213,946,001118,648.268,-1040.79,LeftError,20,front
214,947,001109,-244.127,-395.362,head,22,head
214,948,001360,-246.462,-393.59,passing,22,head
214,949,000623,-304.324,7.51595,shift,20,front
214,950,000716,-302.496,10.4303,rear,21,front
214,951,000977,678.855,15.6697,rear,21,front
214,952,000963,675.075,15.6474,rear,21,front
214,953,001077,1062.63,-1029.56,rear,20,front
214,954,001058,1058.74,-1029.51,rear,21,front
214,955,001233,-721.797,667.127,rear,20,front
214,956,001201,-721.811,663.735,rear,20,front
215,957,001088,1066.39,-1028.77,rear,20,front
215,958,001077,1062.63,-1029.56,rear,20,front
215,959,001202,-96.4611,687.548,rear,20,front
215,960,001158,-97.5849,683.993,rear,20,front
215,961,001412,-253,-381.07,rear,22,front
215,962,001402,-253,-384.605,rear,22,front
216,963,001245,-721.786,670.077,rear,20,front
216,964,001233,-721.797,667.127,rear,20,front
216,965,000180,681.605,15.6859,rear,20,front
216,966,000977,678.855,15.6697,rear,21,front
216,967,001333,1089.63,441.205,rear,20,front
216,968,001302,1085.93,441.221,rear,20,front
216,969,000343,-18.9692,-182.364,rear,20,front
216,970,000760,-18.8673,-178.678,not_error,22,front
216,971,001037,656.313,432.122,head,20,intersection
216,972,000383,654.11,432.51,StraightError,20,intersection
216,973,001272,-655.393,-1067.73,rear,20,front
216,974,001238,-655.412,-1063.84,rear,20,front
217,975,001234,653.323,-1056.29,head,20,front
217,976,001175,652.008,-1052.98,not_error,20,front
217,977,001287,-654.821,-1071.1,rear,20,front
217,978,001272,-655.393,-1067.73,rear,20,front
217,979,001383,997.432,-1140.59,rear,20,front
217,980,001371,997.445,-1137.24,rear,20,front
217,981,000223,221.092,428.879,head,20,head
217,982,000291,219.222,429.628,head,22,head
217,983,001343,1093.19,441.19,not_error,20,front
217,984,001333,1089.63,441.205,rear,20,front
217,985,000872,971.128,444.027,head,20,head
217,986,001166,974.909,442.266,head,20,head
217,987,000925,944.599,652.939,rear,21,front
217,988,000917,940.707,652.966,rear,20,front
218,989,001111,1046.91,-1022.99,rear,20,front
218,990,001083,1043.08,-1022.65,not_error,20,front
218,991,001236,652.122,-1058.83,rear,20,front
218,992,001234,653.323,-1056.29,rear,20,front
218,993,001390,996.466,-1142.94,rear,20,front
218,994,001383,997.432,-1140.59,not_error,20,front
219,995,001429,-253,-377.395,rear,22,front
219,996,001412,-253,-381.07,rear,22,front
219,997,000393,216.018,431.449,head,22,front
219,998,000291,219.222,429.628,head,22,front
219,999,001444,-253,-377.406,rear,22,front
219,1000,001412,-253,-381.07,rear,22,front
220,1001,000849,1013.73,597.657,rear,20,front
220,1002,000865,1013.74,600.711,rear,20,front
220,1003,001405,997.682,-1146.53,head,20,front
220,1004,001390,996.466,-1142.94,rear,20,front
220,1005,000866,675.617,-1027.82,head,21,front
220,1006,000827,673.016,-1030.48,head,20,front
220,1007,000885,1015.8,595.076,rear,20,front
220,1008,000849,1013.73,597.657,rear,20,front
220,1009,001489,311.411,-1069.71,rear,20,front
220,1010,001487,311.392,-1065.85,rear,20,front
221,1011,001415,1077.54,-540.446,rear,20,front
221,1012,001392,1074.18,-540.429,not_error,20,front
221,1013,001264,978.332,440.819,rear,20,front
221,1014,001166,974.909,442.266,head,20,front
221,1015,001127,-25.6351,-169.119,passing,22,intersection
221,1016,001490,-27.8279,-167.741,head,20,intersection
221,1017,001455,-253,-373.502,rear,22,front
221,1018,001429,-253,-377.395,rear,22,front
222,1019,001352,1054.09,-540.33,rear,20,front
222,1020,001331,1050.21,-540.31,rear,20,front
222,1021,001307,-893.397,-1047.75,head,20,front
222,1022,001268,-890.957,-1045.33,not_error,20,front
222,1023,000922,678.55,-1025.35,head,20,front
222,1024,000866,675.617,-1027.82,head,21,front
222,1025,001008,-674.966,-1046.77,rear,20,front
222,1026,000995,-671.851,-1044.5,rear,20,front
222,1027,001362,-726.969,809.034,head,20,front
222,1028,001363,-727.123,805.228,head,20,front
222,1029,001477,-253,-369.735,passing,22,front
222,1030,001455,-253,-373.502,rear,22,front
223,1031,001289,-87.7793,715.01,rear,20,front
223,1032,001276,-88.9179,711.408,rear,20,front
223,1033,001225,1111.74,655.383,rear,20,front
223,1034,001204,1107.97,654.997,not_error,20,front
223,1035,000315,657.111,-703.097,head,20,head
223,1036,000875,658.333,-705.126,head,20,head
223,1037,001060,-675.709,-1043.21,rear,20,front
223,1038,001030,-672.74,-1040.96,rear,21,front
223,1039,001005,-17.6843,6.59196,passing,22,intersection
223,1040,001491,-19.7922,6.65862,head,20,intersection
224,1041,001235,1114.86,656.33,rear,20,front
224,1042,001225,1111.74,655.383,rear,20,front
224,1043,001495,-253,-366.342,passing,22,front
224,1044,001477,-253,-369.735,passing,22,front
225,1045,001267,-14.1307,-1049.76,not_error,20,front
225,1046,001181,-12.553,-1046.41,rear,20,front
225,1047,001332,-88.8622,717.114,rear,21,front
225,1048,001289,-87.7793,715.01,rear,20,front
226,1049,001248,1118.32,654.775,head,20,front
226,1050,001235,1114.86,656.33,rear,20,front
226,1051,001115,292.166,14.9719,rear,20,front
226,1052,001070,295.861,15.7452,not_error,20,front
226,1053,001514,-253,-362.931,passing,22,front
226,1054,001495,-253,-366.342,passing,22,front
227,1055,001337,-88.7664,720.642,head,21,front
227,1056,001332,-88.8622,717.114,rear,21,front
227,1057,001345,-901.331,-1045.98,head,20,front
227,1058,001325,-897.68,-1047.01,not_error,20,front
227,1059,000994,657.083,-713.053,rear,20,front
227,1060,000928,656.25,-709.391,rear,20,front
227,1061,001260,1121.3,656.14,head,20,front
227,1062,001248,1118.32,654.775,head,20,front
228,1063,001354,-85.5727,721.99,not_error,20,front
228,1064,001337,-88.7664,720.642,rear,21,front
229,1065,001273,1124.74,655.834,head,20,front
229,1066,001260,1121.3,656.14,head,20,front
229,1067,001531,-253,-359.139,rear,22,front
229,1068,001514,-253,-362.931,passing,22,front
230,1069,001453,1097.21,-540.543,rear,20,front
230,1070,001456,1093.75,-540.526,rear,20,front
230,1071,001349,-85.9561,724.924,head,20,front
230,1072,001354,-85.5727,721.99,not_error,20,front
230,1073,001290,1128.47,656.777,head,20,front
230,1074,001273,1124.74,655.834,rear,20,front
231,1075,001550,-253,-355.284,rear,22,front
231,1076,001531,-253,-359.139,rear,22,front
232,1077,001242,1092.47,651.612,rear,20,front
232,1078,001230,1088.58,651.644,rear,20,front
232,1079,001505,1100.92,-540.561,rear,20,front
232,1080,001453,1097.21,-540.543,rear,20,front
232,1081,000946,446.088,-1020.5,rear,20,front
232,1082,000093,447.398,-1020.38,not_error,20,front
232,1083,001380,-85.3963,727.155,rear,20,front
232,1084,001349,-85.9561,724.924,head,20,front
232,1085,000779,305.96,-322.832,StraightError,20,intersection
232,1086,000565,306.106,-319.925,not_error,22,intersection
233,1087,000507,-650.88,-1070.29,head,20,head
233,1088,001366,-652.6,-1070.37,not_error,20,head
233,1089,001258,1096.31,651.582,rear,20,front
233,1090,001242,1092.47,651.612,rear,20,front
233,1091,001474,-91.402,-1205.81,shift,21,side
233,1092,001469,-91.5814,-1209.13,head,21,side
233,1093,001559,-253,-351.944,rear,22,front
233,1094,001550,-253,-355.284,rear,22,front
234,1095,001540,-0.132473,980.616,rear,21,front
234,1096,001535,-1.15989,977.366,rear,20,front
235,1097,001266,1100,651.552,rear,20,front
235,1098,001258,1096.31,651.582,rear,20,front
235,1099,001320,1119.16,651.398,rear,20,front
235,1100,001295,1115.54,651.427,rear,20,front
235,1101,001571,-1227.4,279.619,head,20,head
235,1102,001013,-1227.01,277.964,head,20,head
235,1103,001211,-106.319,-233.024,head,22,front
235,1104,001136,-103.896,-236.007,not_error,22,front
236,1105,001492,1491.32,-1028.8,head,20,front
236,1106,001478,1488.44,-1030.99,not_error,20,front
236,1107,001358,-17.562,-1048.83,rear,20,front
236,1108,001328,-15.9334,-1045.37,not_error,21,front
236,1109,000904,-231.029,-482.992,not_error,22,intersection
236,1110,001409,-227.422,-484.487,head,22,intersection
236,1111,001340,1122.84,651.369,rear,20,front
236,1112,001320,1119.16,651.398,rear,20,front
237,1113,001341,1137.3,654.761,rear,21,front
237,1114,001326,1133.42,654.792,rear,20,front
237,1115,001281,1103.83,651.521,rear,20,front
237,1116,001266,1100,651.552,rear,20,front
237,1117,001503,-92.2988,-1212.94,head,21,front
237,1118,001469,-91.5814,-1209.13,head,21,front
237,1119,001428,-83.6526,730.367,head,21,front
237,1120,001380,-85.3963,727.155,rear,20,front
237,1121,001376,-19.085,-1052.07,not_error,21,front
237,1122,001358,-17.562,-1048.83,rear,20,front
238,1123,001388,-18.4874,-1055.37,rear,20,front
238,1124,001376,-19.085,-1052.07,not_error,21,front
238,1125,001585,311.347,-1057.09,rear,20,front
238,1126,001440,311.327,-1053.19,not_error,20,front
238,1127,000938,200.269,744.335,head,20,head
238,1128,000648,201.055,748.307,head,20,head
238,1129,001583,-253,-348.066,passing,22,front
238,1130,001559,-253,-351.944,rear,22,front
238,1131,001592,263.264,911.037,not_error,20,front
238,1132,001574,262.165,907.392,rear,20,front
239,1133,001426,-82.203,732.188,rear,20,front
239,1134,001428,-83.6526,730.367,head,21,front
239,1135,000246,1037.09,7.48576,head,20,head
239,1136,000741,1036.36,11.0609,not_error,20,head
239,1137,000281,414.813,12.5079,head,22,head
239,1138,000103,418.743,11.9763,head,20,head
239,1139,001507,1494.37,-1031.2,head,20,front
239,1140,001492,1491.32,-1028.8,head,20,front
240,1141,001404,-21.5957,-1057.41,not_error,21,front
240,1142,001388,-18.4874,-1055.37,rear,20,front
240,1143,001614,-1230.62,278.026,head,20,front
240,1144,001571,-1227.4,279.619,head,20,front
240,1145,001411,651.911,-1048.03,not_error,20,front
240,1146,001403,652.259,-1044.55,rear,20,front
240,1147,001480,1052.48,-543.822,rear,20,front
240,1148,001414,1048.69,-543.803,rear,20,front
240,1149,001520,1497.73,-1030.68,head,20,front
240,1150,001507,1494.37,-1031.2,rear,20,front
240,1151,001566,1118.16,-544.147,rear,20,front
240,1152,001551,1114.59,-544.129,rear,20,front
241,1153,001587,3.03842,990.648,rear,20,front
241,1154,001573,1.96716,987.259,rear,20,front
241,1155,001436,-82.3777,735.782,head,20,front
241,1156,001426,-82.203,732.188,rear,20,front
241,1157,001446,1083.6,439.402,rear,20,intersection
241,1158,001063,1080.65,439.096,not_error,21,intersection
241,1159,001643,-244.158,-342,rear,22,front
241,1160,001611,-247.592,-342,rear,22,front
242,1161,001099,411.685,12.9526,head,20,front
242,1162,000281,414.813,12.5079,head,22,front
242,1163,000484,1002.42,-1114.98,head,20,head
242,1164,001555,1002.35,-1119.35,head,20,head
242,1165,001494,1056.32,-543.841,rear,20,front
242,1166,001480,1052.48,-543.822,rear,20,front
242,1167,001575,1121.76,-544.165,rear,20,front
242,1168,001566,1118.16,-544.147,rear,20,front
242,1169,001534,1501.32,-1030.45,head,20,front
242,1170,001520,1497.73,-1030.68,head,20,front
242,1171,001300,1071.72,-1026.16,rear,20,front
242,1172,001250,1068.08,-1026.12,rear,20,front
243,1173,001212,-669.42,-1043.28,rear,20,front
243,1174,001194,-666.351,-1040.88,StraightError,20,front
243,1175,001364,656.003,715.145,rear,20,front
243,1176,001355,656.069,711.459,not_error,20,front
243,1177,001461,-305.715,-249.766,rear,22,front
243,1178,001437,-302.969,-247.259,rear,22,front
243,1179,001091,1009.98,-1075.07,head,20,head
243,1180,001479,1010.06,-1078.51,rear,20,head
243,1181,001579,1001.13,-1122.31,head,20,front
243,1182,001555,1002.35,-1119.35,head,20,front
243,1183,001311,1075.24,-1026.2,not_error,20,front
243,1184,001300,1071.72,-1026.16,rear,20,front
244,1185,001108,-6.19371,-800.877,rear,20,front
244,1186,001095,-6.19494,-797.022,rear,20,front
244,1187,001523,1060.22,-543.86,rear,20,front
244,1188,001494,1056.32,-543.841,rear,20,front
244,1189,001539,1063.12,-543.874,rear,20,front
244,1190,001523,1060.22,-543.86,rear,20,front
244,1191,001645,467.528,-1054.33,head,20,front
244,1192,001631,467.25,-1050.58,rear,20,front
244,1193,001431,652.957,689.997,rear,21,front
244,1194,001407,653.024,686.304,not_error,20,front
245,1195,001476,1093.23,441.19,rear,20,front
245,1196,001466,1089.4,441.206,LeftError,20,front
245,1197,001532,1007.59,-1081.43,rear,20,front
245,1198,001479,1010.06,-1078.51,rear,20,front
245,1199,001406,-721.855,652.613,rear,20,front
245,1200,001356,-721.87,648.846,not_error,20,front
245,1201,001589,1001.82,-1125.73,head,20,front
245,1202,001579,1001.13,-1122.31,head,20,front
245,1203,001545,228.88,822.06,head,20,head
245,1204,000900,228.49,821.105,head,20,head
246,1205,001131,-569.641,-1037.84,rear,20,front
246,1206,000933,-566.03,-1036.44,rear,20,front
246,1207,000655,-130.956,-484.055,head,21,head
246,1208,001274,-131.104,-482.641,passing,22,head
246,1209,001445,-721.823,660.772,rear,20,front
246,1210,001413,-721.832,658.551,rear,20,front
246,1211,001637,1139.14,-544.251,rear,20,front
246,1212,001628,1135.73,-544.234,rear,20,front
246,1213,000476,-21.4742,-479.043,passing,20,intersection
246,1214,001197,-23.4927,-477.997,rear,22,intersection
246,1215,001459,-80.2486,738.831,not_error,20,front
246,1216,001436,-82.3777,735.782,head,20,front
247,1217,001604,1001.02,-1129.55,head,20,front
247,1218,001589,1001.82,-1125.73,head,20,front
247,1219,001519,-307.76,-252.951,rear,22,front
247,1220,001461,-305.715,-249.766,not_error,22,front
247,1221,001299,1011.17,-1071.4,rear,20,front
247,1222,001091,1009.98,-1075.07,head,20,front
247,1223,001184,-571.273,-1036.1,rear,20,front
247,1224,001131,-569.641,-1037.84,rear,20,front
247,1225,001638,1142.85,-544.269,rear,20,front
247,1226,001637,1139.14,-544.251,rear,20,front
247,1227,000517,-157.748,423.604,rear,21,intersection
247,1228,000529,-155.312,426.103,head,21,intersection
247,1229,000517,-157.748,423.604,rear,21,intersection
247,1230,000529,-155.312,426.103,head,21,intersection
248,1231,000161,-25.6147,-168.205,rear,20,intersection
248,1232,001690,-26.0416,-164.901,head,20,intersection
249,1233,000397,862.066,657.583,head,20,head
249,1234,000653,863.756,656.778,head,20,head
249,1235,001357,1078.76,-1026.24,not_error,20,front
249,1236,001311,1075.24,-1026.2,rear,20,front
249,1237,000899,1072.97,661.057,passing,20,intersection
249,1238,001569,1075.6,663.352,not_error,20,intersection
249,1239,001496,-79.1609,742.271,rear,21,front
249,1240,001459,-80.2486,738.831,rear,20,front
249,1241,001062,-143.596,647.576,rear,20,front
249,1242,001035,-140.966,650.289,rear,20,front
250,1243,001662,1152.85,-544.319,rear,20,front
250,1244,001649,1149.19,-544.3,rear,20,front
250,1245,000673,-18.2322,-357.047,rear,20,front
250,1246,001232,-18.3498,-353.244,not_error,22,front
250,1247,001076,-147.154,648.728,head,20,front
250,1248,001062,-143.596,647.576,rear,20,front
251,1249,001513,-81.3504,741.796,rear,20,front
251,1250,001459,-80.2486,738.831,rear,20,front
252,1251,000062,2.68873,-993.12,rear,20,front
252,1252,000602,4.13353,-996.485,not_error,20,front
253,1253,000665,867.023,655.25,head,20,front
253,1254,000653,863.756,656.778,head,20,front
253,1255,000647,305.273,-573.933,rear,20,intersection
253,1256,000008,302.166,-574.455,not_error,20,intersection
254,1257,000898,194.786,730.59,head,20,head
254,1258,001515,195.401,734.5,rear,20,head
254,1259,001467,1013.43,-1011.62,rear,20,intersection
254,1260,000046,1011.12,-1010.38,not_error,20,intersection
255,1261,001442,-155.028,425.804,passing,20,head
255,1262,000541,-154.408,430.134,not_error,21,head
255,1263,001512,-13.8268,-1049.11,rear,20,front
255,1264,001395,-12.4633,-1046.22,not_error,20,front
255,1265,000571,-390.123,-81.4916,head,22,head
255,1266,001001,-393.199,-80.4296,head,20,head
256,1267,001677,1545.63,-1031.79,rear,20,front
256,1268,001670,1543.66,-1031.49,head,20,front
256,1269,001156,927.402,653.056,not_error,20,front
256,1270,001157,923.506,653.083,not_error,21,front
256,1271,001313,-150.082,475.14,shift,20,front
256,1272,000590,-149.328,478.659,not_error,20,front
257,1273,001263,123.077,551.021,head,20,head
257,1274,000445,125.541,552.67,head,20,head
257,1275,001769,311.388,-1065.06,rear,20,front
257,1276,001750,311.368,-1061.19,rear,20,front
257,1277,001040,1035.92,-422.242,head,20,head
257,1278,001086,1034.64,-424.444,StraightError,20,head
259,1279,001527,-11.3766,-1055.79,head,20,front
259,1280,001518,-12.0702,-1051.95,not_error,20,front
259,1281,000418,-122.288,621.526,rear,20,front
259,1282,000036,-121.547,625.063,StraightError,20,front
259,1283,000620,314.896,-574.181,rear,20,front
259,1284,000691,311.035,-574.052,rear,20,front
259,1285,001451,1112.83,-1026.64,not_error,20,front
259,1286,001401,1108.98,-1026.59,rear,20,front
259,1287,000951,-723.222,-226.798,head,20,head
259,1288,000690,-724.823,-225.241,head,20,head
259,1289,001610,655.07,758.985,rear,20,front
259,1290,001567,655.268,755.709,rear,20,front
259,1291,000543,1037.56,-419.445,head,20,front
259,1292,001040,1035.92,-422.242,head,20,front
260,1293,000361,-506.797,-84.0751,rear,20,front
260,1294,001279,-503.437,-82.6504,rear,21,front
260,1295,001688,1554.15,-1031.75,not_error,20,front
260,1296,001679,1550.34,-1031.71,rear,20,front
261,1297,001039,-0.543337,38.7028,rear,20,front
261,1298,000883,-1.15945,35.263,not_error,20,front
261,1299,001130,873.48,655.528,head,20,front
261,1300,001085,870.129,654,rear,20,front
261,1301,000809,857.591,21.163,head,20,head
261,1302,001073,858.04,19.5996,head,20,head
262,1303,001700,1557.55,-1031.79,not_error,20,front
262,1304,001688,1554.15,-1031.75,rear,20,front
262,1305,001804,311.405,-1068.42,rear,20,front
262,1306,001769,311.388,-1065.06,rear,20,front
262,1307,001009,857.942,445.119,head,20,head
262,1308,001420,860.094,444.773,head,20,head
263,1309,001465,1116.3,-1024.87,rear,20,front
263,1310,001451,1112.83,-1026.64,not_error,20,front
263,1311,001724,1561.25,-1031.56,head,20,front
263,1312,001700,1557.55,-1031.79,not_error,20,front
263,1313,001553,-658.882,-1070.01,rear,20,front
263,1314,001552,-658.901,-1066.22,rear,20,front
263,1315,001361,1067.31,-1026.11,rear,20,front
263,1316,001200,1063.48,-1026.07,not_error,21,front
263,1317,001484,1119.95,-1025.33,head,20,front
263,1318,001537,655.836,724.377,rear,20,front
263,1319,001465,1116.3,-1024.87,rear,20,front
263,1320,001498,654.372,720.799,not_error,21,front
263,1321,000784,1002.51,-1111.97,head,20,head
263,1322,001682,1001.54,-1115.05,head,20,head
263,1323,001425,1071.1,-1026.16,rear,20,front
263,1324,001361,1067.31,-1026.11,rear,20,front
263,1325,000060,58.3938,355.001,head,20,head
263,1326,001170,58.1849,357.167,head,20,head
264,1327,001294,-510.407,-82.7246,rear,21,front
264,1328,000361,-506.797,-84.0751,rear,20,front
264,1329,000833,-11.0007,-2.45236,RightError,22,intersection
264,1330,001702,-8.33792,-0.350353,RightError,20,intersection
264,1331,001538,649.788,685.337,head,20,front
264,1332,001443,648.879,681.774,not_error,20,front
264,1333,001765,-30.5561,15.1172,rear,20,front
264,1334,001725,-26.8133,15.8176,StraightError,20,front
264,1335,001693,1002.15,-1118.87,rear,20,front
264,1336,001682,1001.54,-1115.05,head,20,front
265,1337,000320,-729.503,601.723,rear,20,front
265,1338,000308,-729.225,605.548,RightError,20,front
265,1339,001756,1563.68,-1028.95,head,20,front
265,1340,001724,1561.25,-1031.56,head,20,front
265,1341,001025,193.649,728.755,head,20,head
265,1342,001558,194.131,731.135,head,20,head
265,1343,001336,-514.256,-82.7656,rear,20,front
265,1344,001294,-510.407,-82.7246,rear,21,front
266,1345,000676,-155.25,435.831,head,20,head
266,1346,001278,-154.177,438.804,head,20,head
266,1347,000851,110.393,-585.136,rear,20,front
266,1348,000727,106.653,-585.358,rear,20,front
266,1349,001482,1100.64,651.547,rear,21,front
266,1350,001463,1096.82,651.578,rear,21,front
266,1351,001703,1002.33,-1122.73,head,20,front
266,1352,001693,1002.15,-1118.87,rear,20,front
266,1353,001674,1054.6,-540.332,rear,20,front
266,1354,001660,1050.96,-540.314,StraightError,20,front
266,1355,000907,613.061,662.81,head,20,front
266,1356,000288,616.88,662.882,rear,22,front
266,1357,001647,1045.67,-546.159,LeftError,20,intersection
266,1358,000122,1043,-545.818,StraightError,20,intersection
267,1359,000706,-9.75018,-719.899,rear,20,front
267,1360,000700,-9.47241,-716.036,rear,21,front
267,1361,001504,1104.24,651.518,rear,21,front
267,1362,001482,1100.64,651.547,rear,21,front
267,1363,001822,467.25,-1054.83,not_error,20,front
267,1364,001811,467.25,-1051.02,not_error,20,front
268,1365,001719,1000.99,-1125.61,head,20,front
268,1366,001703,1002.33,-1122.73,rear,20,front
268,1367,001836,468.5,-1057.63,head,20,front
268,1368,001822,467.25,-1054.83,rear,20,front
269,1369,001791,1566.82,-1030.23,head,20,front
269,1370,001756,1563.68,-1028.95,head,20,front
269,1371,001240,1042.08,218.402,head,20,front
269,1372,001704,1043.07,215.845,rear,20,front
270,1373,001739,1001.16,-1128.73,head,20,front
270,1374,001719,1000.99,-1125.61,rear,20,front
270,1375,001854,469.056,-1060.5,head,20,front
270,1376,001836,468.5,-1057.63,head,20,front
271,1377,001560,-787.98,593.02,rear,20,front
271,1378,001533,-785.488,595.805,rear,20,front
271,1379,001691,1337.07,650.726,rear,21,front
271,1380,001671,1335.22,654.144,head,20,front
271,1381,001758,1001.15,-1132.08,head,20,front
271,1382,001739,1001.16,-1128.73,rear,20,front
272,1383,001687,-970.942,-1048.08,head,21,head
272,1384,000032,-969.504,-1049.65,head,20,head
272,1385,001483,-746.669,622.43,rear,20,front
272,1386,001434,-743.975,625.187,rear,20,front
272,1387,001871,470.028,-1064.22,head,20,front
272,1388,001854,469.056,-1060.5,head,20,front
272,1389,001858,-253,-376.725,rear,22,front
272,1390,001848,-253,-380.046,not_error,22,front
273,1391,001525,-749.872,620.333,rear,21,front
273,1392,001483,-746.669,622.43,not_error,20,front
273,1393,001698,-975.37,-1049.16,head,20,head
273,1394,000032,-971.116,-1049.68,head,20,head
273,1395,001572,-16.8949,-1047.41,rear,20,front
273,1396,001564,-15.2416,-1043.9,StraightError,21,front
273,1397,001792,998.251,-1134.18,head,20,front
273,1398,001758,1001.15,-1132.08,rear,20,front
274,1399,001701,1339.04,654.113,head,20,front
274,1400,001671,1335.22,654.144,head,20,front
274,1401,001889,470.028,-1067.2,head,20,front
274,1402,001871,470.028,-1064.22,head,20,front
274,1403,001393,490.556,-1032.96,not_error,20,front
274,1404,000992,486.678,-1032.98,rear,20,front
274,1405,001471,1086.65,655.168,rear,21,front
274,1406,001470,1083.29,655.195,StraightError,20,front
274,1407,001165,846.07,654.556,head,20,head
274,1408,000031,844.727,655.917,head,20,head
274,1409,001867,-253,-373.555,rear,22,front
274,1410,001858,-253,-376.725,rear,22,front
275,1411,001335,-21.9275,-272.004,rear,22,front
275,1412,000927,-21.9859,-268.206,not_error,20,front
275,1413,000973,-967.528,-1050.04,head,20,front
275,1414,000032,-971.116,-1049.68,head,20,front
275,1415,001903,470.167,-1070.19,head,20,front
275,1416,001889,470.028,-1067.2,head,20,front
275,1417,000633,657.528,-733.136,head,20,head
275,1418,001378,656.25,-737.39,not_error,20,head
275,1419,001807,1549.86,651.448,shift,20,side
275,1420,001819,1551.59,651.851,rear,20,side
276,1421,001521,-756.768,616.133,rear,20,front
276,1422,001497,-753.693,618.139,rear,20,front
276,1423,001709,-979.174,-1049.93,head,21,front
276,1424,001698,-975.37,-1049.16,head,20,front
276,1425,001897,1193.85,-541.021,rear,20,front
276,1426,001895,1190.04,-541.003,rear,20,front
276,1427,001735,1341.39,656.039,head,20,front
276,1428,001701,1339.04,654.113,head,20,front
276,1429,001435,1077.67,594.284,head,21,head
276,1430,001561,1077.68,590.355,head,20,head
277,1431,000767,-21.8688,-275.821,rear,20,front
277,1432,001335,-21.9275,-272.004,rear,22,front
277,1433,001915,469.889,-1074.02,head,20,front
277,1434,001903,470.167,-1070.19,rear,20,front
277,1435,001883,1640.85,652.662,head,20,front
277,1436,001876,1637.44,651.161,rear,20,front
277,1437,001737,1344.61,655.319,head,20,front
277,1438,001735,1341.39,656.039,head,20,front
277,1439,001581,-754.225,613.566,rear,20,front
277,1440,001546,-751.061,615.804,rear,20,front
277,1441,001603,1120.52,651.388,rear,21,front
277,1442,001607,1116.88,651.417,rear,21,front
277,1443,000367,-235.081,-184.199,passing,21,head
277,1444,001651,-236.429,-184.631,head,22,head
278,1445,001742,1348.3,654.594,head,21,front
278,1446,001737,1344.61,655.319,head,20,front
278,1447,001901,1644.33,651.8,head,20,front
278,1448,001883,1640.85,652.662,head,20,front
278,1449,000463,447.464,13.8438,RightError,20,head
278,1450,000294,444.628,14.186,head,22,head
278,1451,001927,642.724,1117.04,head,20,head
278,1452,000847,641.468,1120.21,head,20,head
279,1453,001627,1124.31,651.357,rear,21,front
279,1454,001603,1120.52,651.388,rear,21,front
279,1455,001372,997.124,-1144.2,head,20,head
279,1456,001839,996.275,-1145.69,rear,20,head
279,1457,001720,-922.704,-1040.29,not_error,20,front
279,1458,001705,-918.896,-1040.19,rear,20,front
280,1459,000775,678.711,12.1688,rear,20,front
280,1460,000790,675.376,12.1492,rear,20,front
280,1461,001303,-654.558,-728.696,shift,20,front
280,1462,001342,-653.715,-725.349,head,20,front
280,1463,001634,1128.18,651.326,rear,20,front
280,1464,001627,1124.31,651.357,rear,21,front
280,1465,001712,-655.393,-1067.71,rear,20,front
280,1466,001680,-655.412,-1063.9,not_error,20,front
281,1467,001853,995.371,-1149.32,rear,20,front
281,1468,001839,996.275,-1145.69,rear,20,front
281,1469,001916,1647.85,650.661,not_error,20,front
281,1470,001901,1644.33,651.8,head,20,front
281,1471,001738,-926.027,-1041.91,head,20,front
281,1472,001720,-922.704,-1040.29,not_error,20,front
282,1473,001862,994.896,-1152.91,rear,20,front
282,1474,001853,995.371,-1149.32,rear,20,front
282,1475,001635,1131.39,651.3,rear,20,front
282,1476,001634,1128.18,651.326,rear,20,front
282,1477,001641,1110.97,654.973,not_error,20,front
282,1478,001626,1107.65,654.999,rear,20,front
282,1479,001938,1651.48,651.187,head,20,front
282,1480,001916,1647.85,650.661,rear,20,front
282,1481,001618,-754.873,610.044,rear,20,front
282,1482,001581,-754.225,613.566,rear,20,front
282,1483,001757,-655.376,-1071.12,not_error,20,front
282,1484,001712,-655.393,-1067.71,rear,20,front
282,1485,001549,1099.38,655.066,rear,20,front
282,1486,001536,1095.61,655.096,not_error,20,front
283,1487,001655,1114.3,654.807,head,20,front
283,1488,001641,1110.97,654.973,rear,20,front
283,1489,001906,-28.0407,16.3342,rear,20,front
283,1490,001864,-26.2576,19.4942,LeftError,20,front
283,1491,001882,994.312,-1156.31,head,20,front
283,1492,001862,994.896,-1152.91,rear,20,front
284,1493,001644,1134.94,651.272,rear,21,front
284,1494,001635,1131.39,651.3,rear,20,front
284,1495,001510,-3.22427,-402.897,rear,20,front
284,1496,001014,-2.69289,-406.6,not_error,20,front
284,1497,001668,1117.13,654.923,head,20,front
284,1498,001655,1114.3,654.807,rear,20,front
284,1499,001894,1557.37,647.885,rear,20,front
284,1500,001865,1553.97,647.913,not_error,21,front
285,1501,001963,1655.25,652.129,head,21,front
285,1502,001938,1651.48,651.187,rear,20,front
285,1503,001394,-20.5656,-13.501,rear,22,front
285,1504,001213,-20.439,-9.67831,rear,22,front
285,1505,001666,-767.296,-85.1689,rear,20,front
285,1506,001664,-763.484,-85.1502,rear,20,front
285,1507,001965,-231.974,74.1061,head,20,front
285,1508,001947,-235.066,72.236,not_error,20,front
286,1509,001714,-770.536,-85.1847,rear,20,front
286,1510,001666,-767.296,-85.1689,rear,20,front
286,1511,001065,-133.204,537.68,head,21,head
286,1512,001493,-134.348,534.554,head,20,head
286,1513,001905,1560.4,649.944,rear,20,front
286,1514,001894,1557.37,647.885,rear,20,front
286,1515,001762,651.922,-1048.63,rear,20,front
286,1516,001718,651.851,-1044.99,not_error,20,front
287,1517,001979,-228.988,75.666,head,20,front
287,1518,001965,-231.974,74.1061,rear,20,front
287,1519,001653,1091.11,-1025.55,head,21,front
287,1520,001640,1087.32,-1026.34,not_error,20,front
287,1521,001716,653.338,724.213,rear,20,front
287,1522,001648,655.891,721.32,not_error,20,front
288,1523,001329,124.906,-789.062,head,20,head
288,1524,000328,129.183,-788.798,head,21,head
288,1525,001257,-30.3204,-1020.32,rear,20,front
288,1526,001198,-26.7056,-1020.16,rear,20,front
288,1527,001727,-658.867,-1073.1,rear,20,front
288,1528,001730,-658.885,-1069.48,not_error,20,front
288,1529,001754,-774.037,-85.2019,rear,20,front
288,1530,001714,-770.536,-85.1847,rear,20,front
288,1531,001770,651.993,-1052.25,not_error,20,front
288,1532,001762,651.922,-1048.63,rear,20,front
288,1533,001989,-225.73,75.7204,head,20,front
288,1534,001979,-228.988,75.666,head,20,front
288,1535,001229,746.284,21.8164,head,20,head
288,1536,001386,749.123,21.1109,head,20,head
288,1537,001767,-721.862,650.959,rear,20,front
288,1538,001740,-721.876,647.286,rear,20,front
289,1539,000503,453.987,11.4335,RightError,20,head
289,1540,001416,451.56,11.7629,rear,20,head
289,1541,001686,1094.47,-1026.29,head,20,front
289,1542,001653,1091.11,-1025.55,rear,21,front
289,1543,001809,-933.121,-1040.58,not_error,20,front
289,1544,001784,-929.447,-1040.48,rear,20,front
290,1545,001909,1059.44,-543.856,rear,20,front
290,1546,001881,1055.76,-543.838,rear,20,front
290,1547,001262,-136.752,645.777,rear,20,front
290,1548,001256,-133.227,646.986,not_error,20,front
290,1549,002000,-222.364,76.2282,head,20,front
290,1550,001989,-225.73,75.7204,head,20,front
290,1551,000376,-345.473,-303.042,head,21,intersection
290,1552,001975,-344.316,-303.763,passing,22,intersection
290,1553,001744,654.243,727.945,rear,20,front
290,1554,001716,653.338,724.213,rear,20,front
290,1555,001613,1067.61,-1026.11,rear,21,front
290,1556,001441,1063.82,-1026.07,not_error,20,front
291,1557,001563,-653.262,-806.573,head,20,front
291,1558,001460,-654.084,-802.96,head,20,front
293,1559,000213,17.2936,13.6478,head,20,front
293,1560,000168,14.3639,12.0824,shift,20,front
293,1561,000119,349.521,429.315,LeftError,20,head
293,1562,001285,351.928,428.322,not_error,20,head
293,1563,001625,-746.15,-1046.63,head,20,front
293,1564,001602,-742.83,-1047.82,head,20,front
293,1565,001783,652.814,682.578,rear,20,front
293,1566,001760,650.226,679.73,rear,20,front
294,1567,000613,-646.49,-710.594,head,20,intersection
294,1568,000098,-646.909,-713.808,RightError,21,intersection
294,1569,001547,294.062,15.7069,rear,20,front
294,1570,001562,297.879,15.7882,RightError,20,front
294,1571,001308,-723.024,-76.1807,head,20,front
294,1572,001071,-720.745,-79.164,not_error,20,front
294,1573,001298,-292.71,22.9189,rear,21,front
294,1574,001275,-289.525,24.3331,rear,20,front
294,1575,001789,-96.6595,686.92,rear,20,front
294,1576,001768,-97.8259,683.231,not_error,21,front
294,1577,001707,1078.72,511.971,head,20,head
294,1578,001829,1078.71,510.134,head,20,head
294,1579,000828,332.099,-571.474,passing,20,intersection
294,1580,001151,330.478,-574.518,rear,20,intersection
295,1581,001605,-736.247,630.39,LeftError,20,intersection
295,1582,001214,-735.997,626.707,passing,20,intersection
295,1583,001813,-17.3651,-1048.41,not_error,20,front
295,1584,001781,-15.7334,-1044.94,rear,20,front
295,1585,001803,-721.848,654.453,shift,20,front
295,1586,001767,-721.862,650.959,rear,20,front
295,1587,001935,1096.53,442.287,rear,20,front
295,1588,001913,1093,441.191,rear,20,front
295,1589,001615,-748.449,-1043.75,rear,20,front
295,1590,001625,-746.15,-1046.63,rear,20,front
295,1591,001457,994.385,-1160.98,head,20,head
295,1592,001961,995.434,-1161.27,head,20,head
296,1593,001948,1099.76,443.662,rear,20,front
296,1594,001935,1096.53,442.287,rear,20,front
296,1595,001584,290.684,15.6349,rear,20,front
296,1596,001547,294.062,15.7069,rear,20,front
296,1597,001593,1043.06,-1029.33,rear,21,front
296,1598,001565,1039.2,-1029.29,StraightError,20,front
296,1599,001818,-18.9203,-1051.72,not_error,20,front
296,1600,001813,-17.3651,-1048.41,not_error,20,front
297,1601,001195,-276.554,42.1087,head,20,front
297,1602,001298,-279.257,44.332,rear,21,front
297,1603,001786,1235.34,650.467,rear,20,front
297,1604,001766,1231.78,650.912,not_error,20,front
297,1605,000015,650.832,-331.023,passing,20,intersection
297,1606,001359,647.992,-331.995,head,20,intersection
297,1607,001788,1043.76,54.7161,head,20,front
297,1608,001776,1043.91,52.4223,rear,20,front
297,1609,001468,-722.823,-216.891,head,20,head
297,1610,001186,-722.943,-220.757,head,20,head
297,1611,001812,1008.14,440.451,rear,20,front
297,1612,000601,1006.18,440.484,passing,20,front
297,1613,001846,-20.4604,-1054.99,not_error,20,front
297,1614,001818,-18.9203,-1051.72,not_error,20,front
298,1615,001956,1103.63,443.229,head,20,front
298,1616,001948,1099.76,443.662,rear,20,front
298,1617,001978,-15.3823,13.6777,not_error,20,intersection
298,1618,001381,-12.163,15.9939,StraightError,22,intersection
298,1619,001678,-24.9343,-348.817,head,22,front
298,1620,001636,-25.5909,-345.559,shift,22,front
298,1621,001667,687.25,15.7191,rear,21,front
298,1622,001096,683.575,15.6974,rear,20,front
298,1623,001748,-733.33,628.753,not_error,20,intersection
298,1624,001214,-735.997,626.707,passing,20,intersection
298,1625,001779,1238.97,650.438,rear,20,front
298,1626,001786,1235.34,650.467,rear,20,front
298,1627,001870,-19.6164,-1057.44,rear,20,front
298,1628,001846,-20.4604,-1054.99,rear,20,front
298,1629,001945,1502.61,652.938,rear,20,front
298,1630,001919,1499.53,651.852,not_error,20,front
299,1631,001833,-721.806,665.062,rear,20,front
299,1632,001831,-721.82,661.364,rear,20,front
299,1633,001827,-655.388,-1068.74,rear,20,front
299,1634,001805,-655.407,-1065.01,rear,20,front
