31,1,000024,-777.163,51.75,21
37,2,000026,680.8,48.25,21
38,3,000026,654.133,48.3889,21
42,4,000013,460.349,98.25,51
43,5,000043,-748.228,101.75,21
47,6,000048,702.549,98.25,51
48,7,000055,-799.509,-48.25,21
57,8,000041,477.292,98.25,21
61,9,000002,0.866667,51.75,21
66,10,000036,281.907,98.25,51
71,11,000064,582.349,98.25,21
73,12,000066,564.671,48.25,21
78,13,000026,-0.866667,48.5278,21
78,14,000054,271.159,-1.75,21
79,15,000072,-552.534,51.75,51
87,16,000042,1.8483,1.75,51
87,17,000086,574.432,98.25,51
91,18,000095,-640.132,-48.25,21
92,19,000019,319.425,1.75,21
92,20,000097,602.534,-51.75,21
93,21,000111,795.556,-51.75,51
100,22,000093,446.031,98.25,21
101,23,000057,57.9623,51.75,51
102,24,000089,349.286,-51.75,21
104,25,000089,327.623,-51.6111,21
105,26,000125,803.768,-1.75,51
113,27,000095,-279.985,-48.3889,21
114,28,000001,-904.2,-51.75,21
114,29,000031,561.876,1.75,51
117,30,000001,-962.533,-51.6111,21
120,31,000148,858.65,98.25,21
124,32,000085,37.7098,-48.25,51
127,33,000127,495.242,-51.75,21
127,34,000129,-480.586,-48.25,21
129,35,000045,650.084,1.75,21
129,36,000053,-526.518,98.25,21
131,37,000158,-837.791,101.75,21
133,38,000132,-412.481,101.75,21
135,39,000037,-837.291,-51.75,21
135,40,000097,-129.047,-51.6111,21
137,41,000063,-547.724,48.25,21
140,42,000174,919.702,-51.75,21
141,43,000184,-981.141,51.75,21
142,44,000141,401.499,48.25,51
142,45,000163,722.102,-1.75,51
143,46,000171,-839.95,1.75,21
144,47,000169,799.76,98.25,21
146,48,000170,-790.821,-48.25,21
154,49,000182,778.954,48.25,21
156,50,000088,558.506,51.75,51
162,51,000147,173.577,-51.75,51
165,52,000135,-59.1994,-1.75,21
166,53,000135,-74.1994,-1.61111,21
169,54,000133,-68.3769,-51.75,21
170,55,000081,-886.875,-51.75,21
171,56,000163,250.436,-1.61111,51
171,57,000079,905.401,1.75,21
172,58,000170,-345.848,-48.3889,21
173,59,000227,942.791,48.25,21
173,60,000113,-467.194,98.25,51
175,61,000193,525.511,98.25,21
175,62,000140,100.254,1.75,51
175,63,000225,861.309,-51.75,21
177,64,000121,427.441,1.75,21
177,65,000220,802.11,-1.75,51
179,66,000170,-234.188,-48.5278,21
181,67,000160,-5.53679,1.75,21
185,68,000153,-95.3171,98.25,51
186,69,000226,-703.824,-48.25,21
187,70,000226,-685.835,-48.3889,21
188,71,000108,-814.159,98.25,51
192,72,000110,870.794,-48.25,21
193,73,000132,580.847,101.611,21
195,74,000261,961.377,98.25,21
197,75,000145,-451.443,98.25,21
197,76,000217,445.966,98.25,21
197,77,000196,-186.961,51.75,21
198,78,000172,-62.5318,-1.75,21
199,79,000153,-331.981,98.3889,51
201,80,000220,395.46,-1.61111,51
202,81,000134,-671.852,98.25,21
203,82,000164,-271.411,-51.75,21
203,83,000206,-278.536,-48.25,21
203,84,000270,907.997,-1.75,21
205,85,000216,326.609,48.25,51
207,86,000275,849.803,98.25,21
208,87,000182,-114.064,48.3889,21
209,88,000253,-577.12,51.75,21
210,89,000155,522.168,-48.25,21
211,90,000246,471.766,-1.75,21
214,91,000244,-419.936,51.75,21
215,92,000232,295.73,-1.75,51
221,93,000297,-890.299,101.75,21
223,94,000291,-779.01,1.75,51
223,95,000298,-867.56,-48.25,21
224,96,000178,-419.541,98.25,51
224,97,000181,419.66,51.75,51
225,98,000160,729.632,1.61111,21
229,99,000186,439.281,-48.25,21
231,100,000286,634.631,-51.75,51
244,101,000241,-92.6246,-51.75,21
245,102,000215,-361.521,-51.75,21
255,103,000301,421.707,-51.75,21
260,104,000331,-726.601,51.75,21
260,105,000313,-504.769,51.75,21
261,106,000299,-277.094,51.75,21
261,107,000298,-232.07,-48.3889,21
261,108,000327,632.114,48.25,21
264,109,000264,-158.507,-1.75,21
265,110,000284,49.0268,48.25,21
270,111,000361,933.784,-1.75,51
272,112,000261,-319.305,98.3889,21
275,113,000333,494.778,-1.75,51
278,114,000206,958.742,-48.3889,21
280,115,000318,-262.919,101.75,21
282,116,000263,-477.977,48.25,21
283,117,000357,713.98,48.25,21
284,118,000327,245.93,48.3889,21
288,119,000228,-917.804,98.25,51
289,120,000301,-147.664,-51.6111,21
290,121,000245,-772.577,-51.75,21
291,122,000246,-858.351,-1.61111,21
292,123,000306,131.379,51.75,21
292,124,000282,-427.695,98.25,51
292,125,000295,-302.249,-51.75,21
296,126,000320,39.1423,1.75,21
298,127,000259,-759.796,-1.75,21
299,128,000303,-285.969,-1.75,21
299,129,000357,438.924,48.3889,21
299,130,000393,-944.808,51.75,21
306,131,000405,987.968,48.25,21
308,132,000386,659.078,-1.75,21
308,133,000402,-895.478,101.75,51
313,134,000310,414.111,51.75,21
313,135,000371,352.474,-51.75,21
316,136,000302,595.585,1.75,21
318,137,000402,-742.239,101.611,51
318,138,000361,147.283,-1.61111,51
320,139,000377,334.7,48.25,21
330,140,000408,-602.545,51.75,51
331,141,000341,-342.466,48.25,21
333,142,000422,-695.096,101.75,21
334,143,000345,322.144,1.75,21
334,144,000423,-667.924,-48.25,21
336,145,000425,-729.352,-48.25,21
340,146,000434,-724.234,1.75,21
342,147,000340,-531.197,-1.75,21
344,148,000459,-869.853,-48.25,21
346,149,000362,282.229,1.75,51
348,150,000368,297.199,101.75,51
351,151,000428,475.479,48.25,51
352,152,000324,-875.528,98.25,21
353,153,000417,324.131,-51.75,21
356,154,000471,-914.92,-48.25,51
356,155,000387,108.549,51.75,21
359,156,000373,-367.434,-1.75,21
361,157,000369,474.392,51.75,21
362,158,000447,-524.754,101.75,51
365,159,000418,-109.371,101.75,21
366,160,000338,-928.445,98.25,51
367,161,000399,-118.07,-51.75,21
367,162,000472,720.846,-1.75,51
370,163,000468,-641.572,1.75,51
370,164,000423,-74.3877,-48.3889,21
379,165,000414,108.821,51.75,51
381,166,000397,372.411,101.75,21
382,167,000478,562.26,48.25,51
385,168,000508,-839.753,1.75,51
386,169,000382,694.28,-48.25,51
394,170,000488,-465.46,-48.25,21
395,171,000402,545.335,101.472,51
395,172,000406,-491.597,-1.75,21
396,173,000492,-442.334,51.75,21
400,174,000475,-215.551,101.75,21
401,175,000406,-588.225,-1.61111,21
402,176,000513,-651.077,-48.25,21
408,177,000420,568.038,1.75,21
411,178,000413,690.457,51.75,21
413,179,000419,-674.077,98.25,21
420,180,000514,357.258,-1.75,51
426,181,000519,277.815,98.25,21
427,182,000506,-157.19,101.75,21
428,183,000411,-993.332,-1.75,21
429,184,000498,26.2143,51.75,51
432,185,000528,-290.493,-48.25,21
433,186,000571,-764.821,101.75,21
437,187,000453,713.343,51.75,21
440,188,000444,789.998,101.75,21
442,189,000596,900.249,48.25,21
444,190,000588,799.068,48.25,21
445,191,000486,-374.144,-1.75,21
449,192,000588,730.454,48.3889,21
449,193,000577,534.391,48.25,21
449,194,000599,-808.43,1.75,21
450,195,000459,898.873,-48.3889,21
451,196,000466,720.639,101.75,21
452,197,000479,-586.409,-1.75,51
452,198,000477,567.208,-48.25,21
453,199,000501,391.264,1.75,21
456,200,000469,781.676,-48.25,21
458,201,000479,-686.289,-1.61111,51
462,202,000462,997.504,-48.25,21
463,203,000503,495.415,51.75,21
464,204,000588,481.916,48.5278,21
464,205,000528,246.182,-48.3889,21
465,206,000540,-111.885,98.25,51
471,207,000574,177.049,-1.75,21
473,208,000510,-566.558,-1.75,21
475,209,000626,-762.061,1.75,21
475,210,000632,812.787,-51.75,21
478,211,000556,96.783,-48.25,51
479,212,000576,-40.0629,51.75,21
481,213,000631,-748.456,-48.25,21
482,214,000633,713.26,48.25,21
482,215,000600,-269.282,101.75,21
483,216,000573,-71.72,98.25,51
484,217,000539,425.319,-48.25,21
487,218,000502,931.675,51.75,21
489,219,000582,-41.3853,-51.75,21
489,220,000579,76.2603,51.75,51
491,221,000591,-32.681,51.75,21
492,222,000627,-521.967,-48.25,21
493,223,000563,283.093,1.75,21
498,224,000545,-610.724,48.25,21
499,225,000575,291.511,101.75,21
502,226,000584,-163.127,-1.75,51
505,227,000678,-923.387,1.75,21
506,228,000554,-592.68,-1.75,21
510,229,000566,548.154,51.75,21
514,230,000655,509.078,-1.75,21
514,231,000691,-902.806,101.75,21
516,232,000693,-894.845,1.75,21
528,233,000605,416.655,-48.25,21
529,234,000557,883.095,-48.25,21
531,235,000621,223.248,1.75,21
540,236,000698,628.24,98.25,21
543,237,000615,-512.739,98.25,21
548,238,000640,279.816,101.75,21
551,239,000634,-397.264,-51.75,21
554,240,000724,673.759,-1.75,21
554,241,000631,413.83,-48.3889,21
563,242,000609,-950.5,-1.75,21
564,243,000726,518.279,-51.75,21
566,244,000647,-487.288,-1.75,21
566,245,000674,192.504,51.75,51
566,246,000700,245.111,98.25,21
566,247,000645,-540.202,-1.75,21
569,248,000701,101.16,-1.75,51
570,249,000630,709.37,-48.25,21
573,250,000711,251.747,98.25,21
574,251,000645,-678.535,-1.61111,21
575,252,000631,752.99,-48.5278,21
575,253,000632,-849.7,-51.6111,21
576,254,000706,29.6915,-51.75,21
578,255,000633,-891.85,48.3889,21
579,256,000675,362.612,1.75,51
580,257,000759,672.271,98.25,21
581,258,000786,950.802,48.25,21
581,259,000668,-443.864,-1.75,21
582,260,000763,-721.585,51.75,21
582,261,000709,-22.3765,101.75,21
587,262,000748,364.922,-1.75,21
588,263,000771,-665.844,1.75,21
590,264,000771,-639.181,1.61111,21
590,265,000651,-834.975,48.25,21
592,266,000763,-550.271,51.6111,21
593,267,000744,336.009,98.25,21
593,268,000731,-110.714,-48.25,51
594,269,000683,531.441,-48.25,51
601,270,000763,-409.805,51.4722,21
602,271,000727,102.17,-48.25,21
603,272,000686,-625.728,98.25,21
604,273,000743,163.448,-51.75,21
604,274,000719,-204.308,48.25,51
607,275,000733,-47.6638,-51.75,51
614,276,000674,990.588,51.6111,51
616,277,000817,835.524,-1.75,21
620,278,000718,433.121,101.75,21
621,279,000726,-416.456,-51.6111,21
622,280,000831,-849.444,101.75,21
625,281,000829,777.583,-51.75,21
628,282,000733,-395.27,-51.6111,51
632,283,000731,525.787,-48.3889,51
632,284,000724,-622.134,-1.61111,21
636,285,000747,441.71,101.75,21
638,286,000787,-2.11945,101.75,21
640,287,000788,-24.0897,-1.75,51
641,288,000766,244.819,101.75,21
644,289,000856,-834.658,51.75,21
651,290,000742,-661.057,98.25,21
651,291,000843,-492.327,-48.25,21
653,292,000875,917.363,-51.75,21
654,293,000874,-856.048,101.75,21
655,294,000762,537.471,51.75,21
656,295,000868,-769.584,101.75,21
657,296,000857,-629.197,101.75,21
661,297,000858,-606.902,51.75,21
662,298,000795,-307.769,-51.75,51
662,299,000876,762.584,48.25,21
674,300,000781,588.337,51.75,51
676,301,000902,-890.153,101.75,21
677,302,000879,-533.503,-48.25,51
679,303,000829,-113.108,-51.6111,21
681,304,000838,73.3081,-48.25,21
684,305,000835,-113.775,98.25,21
685,306,000868,-285.609,101.611,21
690,307,000806,629.204,101.75,51
690,308,000826,295.527,51.75,21
692,309,000855,57.6822,98.25,21
695,310,000919,750.413,-1.75,21
698,311,000860,3.87826,98.25,51
699,312,000852,-111.486,48.25,51
702,313,000887,277.529,-51.75,21
703,314,000804,-855.52,48.25,21
706,315,000864,62.4397,-48.25,21
708,316,000956,864.854,-1.75,21
710,317,000944,730.732,-51.75,21
710,318,000936,-663.388,51.75,51
712,319,000866,169.267,1.75,21
716,320,000889,39.4244,-1.75,21
719,321,000892,38.3534,98.25,21
724,322,000827,-880.154,98.25,21
727,323,000921,227.226,-51.75,21
728,324,000881,277.321,-48.25,21
730,325,000927,219.657,48.25,21
730,326,000883,315.908,101.75,21
734,327,000988,827.155,98.25,51
734,328,000957,-463.651,51.75,21
734,329,000994,885.297,98.25,21
736,330,000913,-1.89917,98.25,51
738,331,000946,289.931,98.25,21
739,332,000981,676.553,48.25,51
740,333,000888,-403.177,48.25,21
743,334,000941,-167.617,101.75,21
748,335,000932,-8.32967,101.75,21
750,336,000900,-383.994,-51.75,21
751,337,001018,-933.774,-48.25,21
753,338,000873,-783.272,-51.75,21
753,339,001000,-650.137,51.75,21
753,340,001016,-865.623,-48.25,21
755,341,000996,-541.218,1.75,21
756,342,001014,-735.446,51.75,21
757,343,000911,376.856,51.75,21
759,344,000959,-86.5763,51.75,51
760,345,001017,-750.272,1.75,51
762,346,001000,-491.496,51.6111,21
762,347,000896,-630.772,98.25,21
763,348,000864,997.806,-48.3889,21
764,349,001003,-507.143,51.75,21
766,350,000921,-415.642,-51.6111,21
766,351,000949,148.321,51.75,21
766,352,000995,369.746,-1.75,21
767,353,000937,316.136,-48.25,51
767,354,000972,106.282,-1.75,21
776,355,001030,667.19,48.25,21
779,356,000908,-787.673,-1.75,21
781,357,000976,77.0198,1.75,51
781,358,000986,19.5965,-51.75,21
782,359,001068,-964.641,101.75,21
783,360,000948,471.11,1.75,51
784,361,001006,164.158,-51.75,51
785,362,000921,-737.331,-51.4722,21
788,363,000962,-365.997,48.25,21
789,364,001026,-443.6,1.75,51
790,365,001051,629.493,48.25,21
792,366,000945,596.844,101.75,21
792,367,001034,-416.453,51.75,51
793,368,000951,-574.234,-51.75,21
793,369,000991,131.317,1.75,21
795,370,000967,405.034,51.75,21
796,371,000991,181.236,1.61111,21
796,372,000970,330.141,51.75,21
799,373,001003,78.0432,51.6111,21
801,374,001047,368.728,98.25,21
802,375,001042,-339.921,-48.25,21
806,376,001044,284.399,48.25,21
807,377,001040,-265.343,1.75,21
808,378,000973,-535.135,98.25,21
810,379,001017,89.57,1.61111,51
812,380,001095,843.394,48.25,21
813,381,000944,-963.026,-51.6111,21
813,382,001091,-731.473,101.75,21
814,383,001094,782.975,-1.75,21
819,384,001106,-865.537,101.75,21
821,385,000981,-700.595,48.3889,51
824,386,000969,-854.485,48.25,21
826,387,000998,603.269,101.75,51
827,388,001108,749.207,48.25,21
830,389,001091,-449.934,101.611,21
833,390,001056,-34.9094,48.25,21
833,391,001024,-321.814,-51.75,21
835,392,001031,-306.58,-51.75,21
838,393,001064,-6.08338,101.75,21
843,394,000992,921.249,51.75,21
846,395,001005,865.398,101.75,21
847,396,001145,-799.266,1.75,21
848,397,001077,59.0776,51.75,21
849,398,001022,616.139,1.75,51
850,399,001090,-118.521,51.75,21
850,400,001131,-621.584,1.75,51
852,401,001130,586.617,-51.75,21
853,402,001087,-29.1033,101.75,21
854,403,001010,894.118,101.75,51
855,404,001025,-680.777,48.25,21
859,405,001086,90.6285,51.75,21
860,406,001063,409.228,51.75,51
860,407,001156,-726.947,1.75,21
861,408,001086,113.957,51.6111,21
862,409,001163,-806.88,1.75,21
862,410,001175,969.189,98.25,21
865,411,001022,879.433,1.61111,51
866,412,001057,585.837,101.75,21
868,413,001176,-888.252,101.75,21
877,414,001069,-615.235,98.25,21
879,415,001077,579.043,51.6111,21
883,416,001144,-213.595,101.75,21
886,417,001121,57.5233,1.75,21
890,418,001121,128.554,1.61111,21
891,419,001150,-141.861,51.75,21
900,420,001105,544.647,-48.25,21
902,421,001122,353.503,101.75,21
903,422,001190,511.045,-51.75,21
905,423,001221,-861.541,101.75,21
905,424,001099,651.011,101.75,21
906,425,001086,868.792,51.4722,21
907,426,001213,-745.791,1.75,21
908,427,001236,-977.424,101.75,51
911,428,001154,137.147,1.75,21
911,429,001222,774.941,-1.75,21
911,430,001206,-574.219,51.75,21
912,431,001199,507.17,-51.75,51
912,432,001236,-913.367,101.611,51
919,433,001144,371.232,101.611,21
921,434,001181,96.9787,98.25,51
921,435,001214,-540.688,101.75,21
923,436,001225,631.111,98.25,21
924,437,001102,964.375,1.75,21
924,438,001118,756.893,101.75,21
927,439,001168,149.542,1.75,51
929,440,001186,-14.5878,-48.25,21
929,441,001249,814.196,48.25,21
931,442,001204,-204.831,1.75,21
936,443,001254,-755.717,101.75,21
937,444,001136,-752.096,98.25,21
942,445,001267,-792.435,101.75,51
944,446,001273,-898.556,-48.25,21
944,447,001282,988.785,-51.75,51
947,448,001259,625.325,-1.75,21
948,449,001206,50.6811,51.6111,21
952,450,001284,-888.007,101.75,21
952,451,001191,312.234,51.75,51
954,452,001270,-647.879,101.75,51
955,453,001234,-165.953,1.75,51
958,454,001262,447.798,-51.75,51
959,455,001198,-302.817,48.25,51
959,456,001187,-481.645,98.25,21
960,457,001222,-47.4325,-1.61111,21
961,458,001224,-43.1517,-51.75,21
972,459,001197,523.931,101.75,51
972,460,001173,939.928,-48.25,21
974,461,001292,625.379,48.25,21
975,462,001315,-917.361,51.75,21
975,463,001228,-252.15,48.25,21
977,464,001187,-782.299,98.3889,21
980,465,001185,-883.396,-51.75,51
981,466,001294,-575.716,1.75,51
981,467,001207,572.966,1.75,51
987,468,001285,304.15,48.25,21
992,469,001265,54.197,51.75,21
994,470,001273,-71.352,-48.3889,21
994,471,001204,838.989,1.61111,21
997,472,001261,177.107,-48.25,21
998,473,001301,329.165,98.25,21
1000,474,001225,-641.081,98.3889,21
1000,475,001241,516.211,51.75,51
1001,476,001222,-720.817,-1.47222,21
1004,477,001236,601.806,101.472,51
1005,478,001309,-337.591,1.75,21
1007,479,001246,-526.309,-51.75,51
1010,480,001297,145.99,-51.75,21
1010,481,001289,-16.5549,-1.75,21
1013,482,001334,-504.105,51.75,21
1015,483,001271,358.685,1.75,21
1020,484,001292,-137.325,48.3889,21
1024,485,001351,472.295,48.25,51
1027,486,001361,-573.801,1.75,21
1028,487,001351,403.986,48.3889,51
1029,488,001395,994.159,98.25,21
1032,489,001262,-788.637,-51.6111,51
1033,490,001261,773.828,-48.3889,21
1037,491,001277,597.774,101.75,21
1042,492,001306,-320.227,48.25,21
1047,493,001349,74.9916,-1.75,21
1047,494,001365,287.671,-1.75,21
1047,495,001368,332.531,48.25,21
1048,496,001405,799.076,98.25,51
1048,497,001378,452.567,98.25,21
1049,498,001317,313.333,101.75,21
1049,499,001424,982.412,-51.75,21
1052,500,001420,-917.483,51.75,21
1052,501,001363,-176.98,101.75,51
1055,502,001309,490.413,1.61111,21
1058,503,001307,537.914,51.75,51
1058,504,001402,-577.683,51.75,21
1059,505,001332,291.604,1.75,21
1062,506,001315,498.85,51.6111,21
1063,507,001382,-272.691,-48.25,21
1066,508,001402,-441.082,51.6111,21
1073,509,001428,606.462,98.25,21
1075,510,001391,-191.375,1.75,21
1076,511,001383,61.8062,-1.75,21
1077,512,001391,-154.727,1.61111,21
1077,513,001406,-345.472,1.75,21
1077,514,001472,972.006,-1.75,21
1078,515,001360,241.66,-48.25,21
1079,516,001428,520.332,98.3889,21
1080,517,001305,-927.99,-51.75,21
1080,518,001414,380.806,-1.75,21
1083,519,001476,-916.495,-48.25,21
1086,520,001372,-264.859,98.25,21
1087,521,001312,951.913,51.75,21
1088,522,001447,554.723,-1.75,21
1091,523,001448,554.961,-1.75,21
1094,524,001477,784.193,-1.75,21
1096,525,001367,483.091,51.75,21
1100,526,001417,-48.7831,101.75,51
1104,527,001416,27.2899,51.75,21
1108,528,001468,-441.03,-48.25,21
1112,529,001428,-25.4456,98.5278,21
1113,530,001507,695.532,-1.75,21
1115,531,001461,-250.483,-48.25,21
1118,532,001457,144.757,48.25,21
1119,533,001380,-684.313,98.25,21
1121,534,001522,-802.718,101.75,51
1121,535,001370,-897.307,98.25,21
1122,536,001517,-714.409,101.75,21
1123,537,001435,-161.97,98.25,21
1125,538,001460,119.545,-1.75,21
1126,539,001467,104.918,48.25,51
1126,540,001469,146.175,48.25,21
1126,541,001395,-595.655,98.3889,21
1128,542,001492,304.759,98.25,21
1129,543,001479,-178.216,51.75,21
1129,544,001515,541.95,-1.75,21
1130,545,001443,-210.184,-1.75,21
1130,546,001519,619.02,-1.75,21
1132,547,001533,816.51,-1.75,21
1133,548,001465,-51.0978,98.25,21
1135,549,001413,-531.818,98.25,21
1135,550,001427,430.857,101.75,21
1136,551,001382,941.804,-48.3889,21
1140,552,001405,-727.602,98.3889,51
1140,553,001477,37.2455,-1.61111,21
1142,554,001450,318.089,-48.25,21
1144,555,001573,-963.059,-48.25,51
1154,556,001532,477.641,98.25,21
1160,557,001583,788.267,-1.75,21
1162,558,001580,734.531,48.25,21
1162,559,001424,-864.591,-51.6111,21
1163,560,001585,-781.424,101.75,21
1164,561,001421,-954.104,-51.75,21
1165,562,001461,587.257,-48.3889,21
1165,563,001520,34.704,48.25,21
1166,564,001467,-555.356,48.3889,51
1166,565,001512,100.113,-48.25,21
1166,566,001567,-553.812,101.75,51
1168,567,001456,-635.138,-1.75,21
1169,568,001592,696.679,98.25,51
1170,569,001623,-957.509,1.75,21
1175,570,001547,248.179,48.25,21
1175,571,001494,371.535,-48.25,21
1175,572,001514,215.344,1.75,21
1176,573,001603,715.561,98.25,21
1176,574,001455,838.605,101.75,51
1179,575,001508,355.817,1.75,21
1179,576,001519,-193.137,-1.61111,21
1179,577,001575,-456.321,101.75,51
1180,578,001593,577.031,-1.75,21
1182,579,001521,207.378,1.75,21
1183,580,001535,43.8364,98.25,21
1187,581,001465,-953.474,98.3889,21
1190,582,001648,-987.978,101.75,21
1192,583,001513,584.698,51.75,21
1194,584,001619,-529.063,51.75,21
1194,585,001587,272.834,-1.75,51
1200,586,001547,-160.774,48.3889,21
1201,587,001555,110.216,-48.25,21
1201,588,001662,-936.964,101.75,21
1203,589,001519,-582.529,-1.47222,21
1204,590,001657,-843.191,1.75,51
1209,591,001556,-144.35,98.25,51
1209,592,001538,-417.41,48.25,21
1210,593,001654,704.123,98.25,21
1210,594,001611,-275.269,101.75,21
1212,595,001597,-8.84212,1.75,21
1214,596,001677,944.135,48.25,21
1215,597,001640,-454.433,51.75,21
1217,598,001524,-745.472,48.25,21
1219,599,001556,-299.218,98.3889,51
1224,600,001686,-926.074,101.75,21
1232,601,001544,729.801,1.75,51
1233,602,001630,-3.62183,-48.25,21
1235,603,001577,516.548,51.75,51
1236,604,001687,-743.064,1.75,21
1240,605,001682,-618.602,-48.25,21
1240,606,001587,-483.755,-1.61111,51
1241,607,001644,63.6813,-1.75,21
1241,608,001631,99.1804,51.75,21
1241,609,001692,772.411,98.25,21
1243,610,001686,-609.393,101.611,21
1243,611,001673,-415.527,51.75,21
1244,612,001538,-990.728,48.3889,21
1246,613,001724,971.953,48.25,21
1246,614,001705,831.08,98.25,21
1248,615,001662,-190.54,101.611,21
1250,616,001705,770.44,98.3889,21
1252,617,001640,151.123,51.6111,21
1258,618,001556,-935.86,98.5278,51
1260,619,001690,-359.741,51.75,21
1260,620,001630,446.556,-48.3889,21
1266,621,001587,-911.521,-1.47222,51
1270,622,001657,236.351,1.61111,51
1273,623,001671,136.003,-48.25,51
1274,624,001632,-639.014,-1.75,21
1275,625,001686,-82.7334,101.472,21
1278,626,001686,-36.3181,101.333,21
1280,627,001711,-340.249,101.75,51
1284,628,001696,85.9959,-1.75,21
1286,629,001688,-81.9259,48.25,21
1291,630,001624,916.028,101.75,21
1291,631,001648,685.728,101.611,21
1295,632,001642,817.999,1.75,21
1295,633,001720,129.617,48.25,21
1296,634,001638,-911.779,-1.75,21
1301,635,001791,-920.572,-48.25,21
1304,636,001664,660.65,1.75,21
1305,637,001794,-911.022,1.75,21
1305,638,001781,745.933,-1.75,21
1308,639,001795,-892.091,1.75,21
1310,640,001672,-730.833,48.25,21
1311,641,001678,629.234,51.75,21
1311,642,001678,637.551,51.6111,21
1314,643,001701,320.761,51.75,51
1314,644,001750,-198.076,-48.25,51
1315,645,001801,-864.87,1.75,21
1321,646,001725,271.769,-48.25,51
1323,647,001779,403.49,-51.75,51
1323,648,001796,-621.132,51.75,21
1326,649,001779,355.368,-51.6111,51
1334,650,001786,-310.822,1.75,21
1335,651,001725,495.693,-48.3889,51
1336,652,001803,-479.55,101.75,21
1337,653,001831,-839.243,51.75,21
1337,654,001696,-802.312,-1.61111,21
1340,655,001768,34.2587,48.25,21
1351,656,001765,-155.875,-1.75,51
1351,657,001831,-618.66,51.6111,21
1352,658,001761,-281.366,-1.75,51
1353,659,001796,-126.442,51.6111,21
1353,660,001717,-839.869,-1.75,21
1353,661,001811,-305.353,-48.25,21
1361,662,001884,-978.926,-48.25,21
1361,663,001772,-272.925,98.25,51
1363,664,001839,-494.537,1.75,21
1365,665,001724,-979.028,48.3889,21
1366,666,001827,288.224,-51.75,51
1366,667,001726,-919.055,-1.75,51
1368,668,001842,-431.28,101.75,21
1369,669,001749,781.155,101.75,21
1371,670,001824,-183,51.75,21
1374,671,001825,-179.922,51.75,21
1374,672,001885,770.921,-1.75,21
1377,673,001792,316.699,1.75,21
1377,674,001828,-156.877,51.75,21
1381,675,001757,-830.001,48.25,21
1381,676,001747,961.683,51.75,21
1382,677,001865,-420.219,51.75,21
1386,678,001828,-22.2634,51.6111,21
1386,679,001852,-217.897,51.75,21
1389,680,001865,-292.696,51.6111,21
1390,681,001883,-492.03,51.75,21
1391,682,001912,-818.203,-48.25,21
1391,683,001810,-358.036,-1.75,21
1392,684,001863,252.58,-1.75,21
1392,685,001801,399.654,1.61111,21
1397,686,001839,75.4045,1.61111,21
1397,687,001790,704.056,51.75,21
1399,688,001893,-464.685,51.75,21
1400,689,001875,-205.6,101.75,21
1401,690,001822,-353.448,98.25,21
1402,691,001913,680.388,-1.75,21
1403,692,001815,-495.635,98.25,51
1404,693,001889,328.966,48.25,51
1405,694,001776,974.111,1.75,21
1409,695,001819,525.196,101.75,21
1415,696,001830,524.063,-48.25,21
1416,697,001953,-865.112,101.75,21
1417,698,001908,-401.788,1.75,21
1419,699,001965,982.59,48.25,51
1419,700,001805,855.853,101.75,21
1420,701,001827,-606.542,-51.6111,51
1420,702,001940,683.333,48.25,21
1421,703,001883,38.6107,51.6111,21
1422,704,001921,-440.774,1.75,21
1423,705,001881,69.1028,-48.25,21
1426,706,001830,702.317,-48.3889,21
1427,707,001873,-220.224,-51.75,51
1427,708,001827,-727.832,-51.4722,51
1427,709,001912,-219.449,-48.3889,21
1428,710,001819,834.801,101.611,21
1428,711,001872,-282.097,-51.75,21
1428,712,001950,-644.804,-48.25,21
1430,713,001939,-565.938,-48.25,51
1431,714,001950,-603.97,-48.3889,21
1431,715,001874,-327.855,-1.75,21
1435,716,001925,276.293,-51.75,21
1437,717,001914,81.4359,98.25,21
1439,718,001905,-29.3927,-51.75,51
1441,719,001850,-727.59,98.25,21
1443,720,001834,-919.891,98.25,51
1443,721,001871,541.618,1.75,21
1443,722,001959,-448.816,51.75,51
1444,723,001862,650.801,-48.25,21
1445,724,001977,-685.75,101.75,21
1445,725,001919,-24.366,101.75,21
1445,726,001977,-677.673,101.611,21
1446,727,001828,979.205,51.4722,21
1448,728,001968,572.12,48.25,21
1448,729,001893,347.908,51.6111,21
1448,730,001875,592.972,101.611,21
1449,731,001920,16.8103,98.25,21
1451,732,001865,731.615,51.4722,21
1452,733,001945,-193.042,101.75,21
1453,734,001871,702.72,1.61111,21
1455,735,001879,-640.982,98.25,51
1455,736,001936,86.0177,98.25,21
1458,737,001979,521.298,48.25,21
1459,738,002016,816.741,-1.75,51
1459,739,001853,-973.72,-51.75,21
1463,740,001942,18.7385,48.25,51
1464,741,001869,942.737,1.75,21
1468,742,001976,253.755,98.25,21
1468,743,002015,675.027,48.25,21
1472,744,001951,-79.1652,48.25,21
1473,745,001992,390.958,-1.75,51
1480,746,001897,833.553,51.75,51
1482,747,002061,950.887,-1.75,21
1489,748,002004,-242.452,51.75,21
1490,749,001921,674.671,1.61111,21
1499,750,002046,460.891,-1.75,21
1502,751,001965,-348.501,48.3889,51
1505,752,001929,830.072,51.75,21
1506,753,002036,-256.783,51.75,21
1510,754,002009,-112.591,-51.75,21
1511,755,002057,416.57,48.25,51
1511,756,001983,356.081,1.75,21
1512,757,002058,-396.796,101.75,51
1516,758,001987,-362.729,48.25,51
1518,759,002099,-887.194,101.75,21
1519,760,002074,-551.932,1.75,21
1521,761,002007,-260.364,48.25,21
1525,762,002040,8.28454,-48.25,21
1526,763,001983,595.811,1.61111,21
1530,764,002116,879.308,-51.75,21
1535,765,002125,-841.139,101.75,21
1537,766,002052,-115.82,98.25,21
1538,767,001984,-781.134,98.25,21
1542,768,002142,-935.818,1.75,21
1544,769,001986,884,-48.25,21
1546,770,002061,-119.482,-1.61111,21
1549,771,002077,122.181,-51.75,21
1550,772,002103,426.636,48.25,51
1552,773,002158,899.403,48.25,21
1552,774,002106,-372.22,51.75,51
1553,775,002001,864.443,51.75,21
1555,776,002017,-745.205,98.25,21
1558,777,002152,-781.86,101.75,21
1563,778,002157,-739.998,1.75,21
1563,779,002115,-275.607,-48.25,21
1563,780,002051,543.446,1.75,21
1565,781,002168,-790.128,101.75,21
1566,782,002063,-391.947,-1.75,21
1566,783,002115,-217.346,-48.3889,21
1568,784,002058,528.179,101.611,51
1569,785,002135,343.238,48.25,21
1570,786,002051,661.569,1.61111,21
1573,787,002146,-466.349,101.75,21
1574,788,002183,-871.226,51.75,21
1575,789,002173,-697.72,1.75,21
1576,790,002177,-755.518,51.75,21
1576,791,002152,-491.584,101.611,21
1584,792,002143,-253.185,51.75,51
1585,793,002093,-303.463,98.25,21
1588,794,002076,-590.431,98.25,51
1592,795,002161,281.763,48.25,51
1592,796,002098,363.744,1.75,21
1602,797,002123,312.802,-48.25,21
1603,798,002127,306.545,1.75,21
1605,799,002223,871.047,98.25,21
1608,800,002146,123.559,101.611,21
1612,801,002226,-785.212,-48.25,21
1613,802,002220,710.631,98.25,51
1615,803,002180,153.372,48.25,21
1615,804,002095,-749.19,48.25,21
1615,805,002118,-552.157,98.25,51
1617,806,002244,-907.244,1.75,51
1620,807,002144,-322.796,48.25,21
1621,808,002235,764.581,98.25,21
1622,809,002090,958.188,1.75,21
1622,810,002165,173.409,101.75,21
1625,811,002170,179.546,1.75,21
1628,812,002175,-165.995,-1.75,51
1630,813,002150,444.608,101.75,51
1632,814,002223,437.778,98.3889,21
1633,815,002131,-785.883,-1.75,21
1634,816,002177,202.025,51.6111,21
1637,817,002257,-760.933,-48.25,21
1638,818,002154,-549.787,-1.75,21
1638,819,002171,399.136,-48.25,21
1638,820,002263,-788.01,1.75,21
1638,821,002262,775.08,48.25,21
1639,822,002276,915.697,-51.75,21
1639,823,002131,-887.313,-1.61111,21
1641,824,002246,-529.286,101.75,21
1645,825,002193,-188.439,98.25,21
1645,826,002197,-97.0206,98.25,51
1645,827,002222,-168.473,101.75,51
1646,828,002261,-655.833,-48.25,21
1648,829,002177,427.153,51.4722,21
1648,830,002288,894.528,-51.75,51
1649,831,002279,787.275,-51.75,51
1652,832,002299,976.024,48.25,21
1653,833,002290,-865.84,101.75,21
1654,834,002273,-635.815,101.75,21
1656,835,002149,901.494,1.75,51
1658,836,002171,740.8,-48.3889,21
1659,837,002272,549.888,-51.75,21
1659,838,002184,-524.067,48.25,21
1659,839,002296,842.187,48.25,21
1660,840,002298,-829.927,51.75,21
1661,841,002205,333.531,1.75,21
1662,842,002204,-343.694,-51.75,51
1663,843,002318,-977.578,1.75,21
1663,844,002211,-272.44,-1.75,21
1666,845,002314,-901.804,101.75,21
1668,846,002227,-132.506,-1.75,21
1669,847,002262,257.792,48.3889,21
1670,848,002328,-972.702,51.75,51
1670,849,002206,456.403,-48.25,21
1675,850,002304,-635.842,101.75,21
1677,851,002199,643.971,51.75,51
1681,852,002279,271.013,-51.6111,51
1688,853,002298,-376.272,51.6111,21
1688,854,002347,-929.034,51.75,21
1688,855,002322,-597.771,51.75,51
1691,856,002314,-493.703,101.611,21
1695,857,002231,518.441,51.75,21
1696,858,002248,-337.796,-51.75,21
1697,859,002335,-623.675,51.75,51
1701,860,002292,69.9495,48.25,51
1707,861,002226,793.544,-48.3889,21
1709,862,002275,241.376,101.75,51
1712,863,002245,591.22,-48.25,51
1715,864,002315,113.394,48.25,21
1716,865,002327,-215.673,-48.25,51
1717,866,002240,-774.776,48.25,21
1717,867,002334,-285.324,101.75,21
1721,868,002303,140.701,51.75,21
1724,869,002251,-755.351,-1.75,51
1725,870,002345,-292.875,51.75,21
1727,871,002377,817.388,98.25,51
1729,872,002336,-93.8372,-48.25,21
1730,873,002254,854.05,1.75,21
1734,874,002279,-598.844,-51.4722,51
1734,875,002348,178.019,-1.75,21
1736,876,002334,35.7134,101.611,21
1738,877,002335,52.0847,51.6111,51
1739,878,002262,-899.347,48.5278,21
1739,879,002283,-664.413,48.25,21
1742,880,002326,-231.054,-1.75,21
1745,881,002300,-564.748,-1.75,21
1746,882,002381,527.515,-51.75,21
1748,883,002355,-44.6146,51.75,51
1749,884,002351,-50.2532,-51.75,51
1749,885,002339,226.439,1.75,21
1750,886,002405,-638.459,101.75,21
1754,887,002323,482.637,1.75,51
1756,888,002403,-532.334,1.75,21
1756,889,002445,982.985,-51.75,21
1760,890,002371,105.579,98.25,51
1761,891,002330,-519.958,-51.75,21
1762,892,002306,-768.441,98.25,21
1762,893,002439,-839.142,51.75,21
1764,894,002448,928.163,98.25,21
1765,895,002447,872.847,-51.75,21
1767,896,002411,443.861,-1.75,21
1768,897,002446,817.727,-1.75,21
1769,898,002446,800.069,-1.61111,21
1771,899,002457,-885.852,1.75,51
1773,900,002391,191.77,48.25,21
1774,901,002429,526.915,98.25,51
1778,902,002474,894.213,48.25,51
1783,903,002343,692.444,1.75,21
1784,904,002377,-122.103,98.3889,51
1785,905,002464,-683.268,1.75,21
1792,906,002421,-180.721,51.75,21
1793,907,002497,970.352,98.25,21
1793,908,002384,-216.36,-1.75,21
1799,909,002360,-710.236,98.25,21
1800,910,002398,-228.977,-51.75,21
1803,911,002372,554.329,51.75,21
1805,912,002367,635.951,51.75,21
1805,913,002455,298.293,98.25,21
1805,914,002354,-950.624,48.25,21
1807,915,002490,667.446,-1.75,51
1809,916,002370,-699.201,-51.75,51
1809,917,002473,-353.176,51.75,51
1812,918,002393,466.021,51.75,51
1813,919,002459,214.51,-51.75,21
1813,920,002410,-362.408,48.25,21
1815,921,002518,924.16,-51.75,21
1818,922,002492,521.171,98.25,51
1818,923,002516,876.948,48.25,21
1818,924,002455,87.6551,98.3889,21
1824,925,002431,-296.084,-1.75,51
1827,926,002396,700.743,1.75,51
1827,927,002478,125.984,98.25,51
1828,928,002503,512.832,48.25,21
1828,929,002476,80.9094,-51.75,51
1828,930,002470,25.8068,-51.75,51
1828,931,002440,202.792,51.75,21
1835,932,002414,-631.923,-1.75,21
1836,933,002427,464.837,-48.25,51
1843,934,002496,175.191,48.25,21
1844,935,002396,991.694,1.61111,51
1847,936,002408,952.505,-48.25,21
1853,937,002427,744.252,-48.3889,51
1853,938,002514,-232.602,101.75,21
1854,939,002586,-986.539,51.75,21
1855,940,002567,765.55,48.25,21
1855,941,002573,855.748,-51.75,51
1856,942,002509,-119.192,-48.25,21
1858,943,002579,891.285,-1.75,21
1858,944,002572,783.014,98.25,51
1865,945,002469,547.049,1.75,51
1872,946,002536,-169.194,1.75,21
1872,947,002464,754.87,1.61111,21
1873,948,002595,806.636,-51.75,21
1874,949,002473,721.402,51.6111,51
1879,950,002548,-176.824,1.75,21
1882,951,002471,-871.921,-1.75,21
1883,952,002577,-427.468,-48.25,21
1887,953,002536,87.4588,1.61111,21
1889,954,002537,65.7437,1.75,21
1890,955,002630,942.635,-1.75,21
1890,956,002503,-517.213,48.3889,21
1894,957,002604,578.101,98.25,21
1894,958,002635,926.148,-51.75,21
1894,959,002558,56.8772,98.25,21
1894,960,002544,86.8845,-48.25,51
1895,961,002584,-314.807,-48.25,21
1897,962,002493,828.753,-48.25,21
1899,963,002520,-437.074,98.25,21
1900,964,002590,-311.521,-48.25,21
1902,965,002604,439.833,98.3889,21
1903,966,002558,-90.563,98.3889,21
1903,967,002629,694.329,-51.75,51
1904,968,002610,-468.557,1.75,21
1909,969,002571,-62.6825,-51.75,21
1909,970,002648,-815.314,1.75,51
1909,971,002557,196.746,101.75,51
1911,972,002602,256.213,-51.75,21
1913,973,002529,524.008,-48.25,21
1928,974,002518,-952.408,-51.6111,21
1928,975,002568,-423.858,-51.75,21
1930,976,002560,-535.551,-1.75,21
1931,977,002592,197.066,51.75,21
1932,978,002676,-855.707,101.75,21
1935,979,002648,-383.311,1.61111,51
1936,980,002637,-250.736,101.75,21
1937,981,002663,-573.032,51.75,51
1939,982,002539,915.229,101.75,21
1940,983,002672,703.994,98.25,21
1942,984,002563,-685.999,-1.75,21
1942,985,002559,751.998,1.75,21
1948,986,002606,316.912,1.75,51
1949,987,002649,-207.467,1.75,21
1949,988,002639,-71.1406,-48.25,21
1950,989,002693,-768.845,51.75,21
1952,990,002688,655.839,-1.75,21
1954,991,002658,193.548,48.25,51
1955,992,002683,530.873,-1.75,21
1957,993,002574,848.729,1.75,51
1959,994,002596,-598.882,-1.75,51
1963,995,002691,532.782,-1.75,21
1965,996,002682,-368.588,51.75,21
1966,997,002678,-323.13,1.75,21
1970,998,002709,-595.081,101.75,21
1978,999,002644,-387.548,-1.75,21
1980,1000,002654,222.382,1.75,21
1981,1001,002761,942.75,48.25,21
1982,1002,002688,147.551,-1.61111,21
1986,1003,002619,838.207,101.75,21
1988,1004,002640,531.483,-48.25,21
1991,1005,002747,-624.285,-48.25,21
1993,1006,002763,785.953,48.25,21
1996,1007,002703,155.99,48.25,21
1996,1008,002653,-568.514,-51.75,21
1997,1009,002650,545.167,1.75,21
1997,1010,002735,427.758,-1.75,21
1998,1011,002712,199.592,48.25,51
2000,1012,002693,64.3618,51.6111,21
2000,1013,002702,37.5365,-1.75,21
2002,1014,002791,889.359,48.25,51
2003,1015,002734,-351.037,101.75,21
2005,1016,002662,-574.888,-1.75,21
2007,1017,002802,-990.87,-48.25,21
2009,1018,002703,-57.3915,48.3889,21
2011,1019,002726,-82.6729,101.75,51
2011,1020,002811,-992.59,-48.25,51
2012,1021,002751,-322.117,101.75,21
2012,1022,002673,-486.984,-51.75,21
2013,1023,002734,-184.266,101.611,21
2014,1024,002797,774.745,-51.75,21
2015,1025,002797,759.899,-51.6111,21
2016,1026,002776,-502.541,1.75,21
2016,1027,002806,878.792,48.25,21
2021,1028,002678,577.896,1.61111,21
2021,1029,002715,-194.476,-51.75,51
2022,1030,002798,-692.51,1.75,21
2026,1031,002805,-754.594,-48.25,21
2026,1032,002700,-438.387,98.25,21
2029,1033,002741,49.1944,-48.25,21
2036,1034,002777,172.68,98.25,21
2039,1035,002765,81.9368,48.25,21
2039,1036,002790,303.725,-51.75,21
2042,1037,002743,218.086,51.75,21
2045,1038,002690,865.458,-48.25,21
2047,1039,002744,298.636,101.75,21
2049,1040,002850,-830.645,101.75,21
2051,1041,002760,-202.824,-1.75,21
2053,1042,002715,-723.578,-51.6111,51
2054,1043,002755,-320.295,-51.75,21
2054,1044,002807,-247.689,101.75,21
2055,1045,002850,-739.346,101.611,21
2055,1046,002858,-824.81,-48.25,51
2058,1047,002873,-958.113,-48.25,51
2059,1048,002779,161.072,101.75,51
2062,1049,002801,-67.3793,101.75,21
2063,1050,002722,820.559,1.75,21
2065,1051,002777,-305.204,98.3889,21
2065,1052,002862,-736.413,101.75,21
2065,1053,002874,850.325,98.25,51
2069,1054,002894,972.802,-1.75,21
2070,1055,002769,397.081,51.75,51
2073,1056,002738,-815.829,48.25,21
2075,1057,002829,143.356,48.25,21
2077,1058,002724,-982.374,-51.75,21
2082,1059,002886,711.431,48.25,51
2083,1060,002771,-633.431,-51.75,51
2085,1061,002825,47.3045,-48.25,21
2089,1062,002821,160.601,1.75,21
2089,1063,002761,-852.96,48.3889,21
2090,1064,002804,341.854,-48.25,21
2093,1065,002844,37.963,48.25,21
2093,1066,002839,35.3439,101.75,21
2094,1067,002860,-216.17,-48.25,51
2102,1068,002931,-921.706,1.75,21
2104,1069,002897,432.457,48.25,21
2108,1070,002878,204.646,98.25,21
2113,1071,002805,672.276,-48.3889,21
2114,1072,002908,374.966,48.25,51
2118,1073,002792,-989.241,-1.75,21
2122,1074,002876,66.0982,-48.25,21
2126,1075,002966,-906.787,51.75,21
2130,1076,002959,738.749,-1.75,21
2132,1077,002957,-701.359,-48.25,51
2132,1078,002810,-991.863,48.25,51
2133,1079,002856,-511.889,48.25,21
2134,1080,002897,-62.6718,48.3889,21
2134,1081,002894,-65.9814,-1.61111,21
2135,1082,002893,-74.6355,98.25,21
2135,1083,002965,-750.264,1.75,21
2137,1084,002955,-589.52,101.75,21
2137,1085,002970,-797.569,101.75,21
2140,1086,002859,561.019,51.75,21
2148,1087,002944,274.779,-51.75,21
2149,1088,002850,826.473,101.472,21
2149,1089,002881,452.912,101.75,21
2150,1090,002925,67.7148,-51.75,21
2152,1091,002959,374.418,-1.61111,21
2155,1092,002925,-3.66664,-51.6111,21
2155,1093,002947,170.509,98.25,51
2158,1094,002932,2.76372,-1.75,21
2158,1095,002967,-423.624,51.75,21
2159,1096,002989,-708.691,1.75,21
2165,1097,002903,-447.396,98.25,21
2166,1098,002914,-319.892,-1.75,21
2167,1099,002923,209.289,101.75,51
2181,1100,002900,847.448,1.75,21
2184,1101,002969,12.1901,101.75,21
2185,1102,002915,-657.248,48.25,21
2187,1103,002972,27.1669,1.75,21
2189,1104,002969,101.997,101.611,21
2191,1105,002950,373.673,1.75,21
2194,1106,002950,423.271,1.61111,21
2196,1107,002936,551.736,101.75,51
2197,1108,003014,487.119,48.25,51
2198,1109,003052,958.768,48.25,51
2199,1110,002962,-348.382,-1.75,21
2199,1111,003033,634.373,-51.75,21
2201,1112,003060,-969.212,1.75,21
2202,1113,002944,-625.001,-51.6111,21
2208,1114,002997,37.1611,-48.25,21
2208,1115,002916,990.919,1.75,51
2208,1116,003019,-365.916,101.75,21
2213,1117,003010,172.49,98.25,21
2215,1118,002988,254.34,-48.25,21
2215,1119,003071,-841.805,1.75,21
2218,1120,003074,-837.094,-48.25,51
2221,1121,003046,-468.258,101.75,21
2222,1122,002984,406.98,1.75,21
2222,1123,003016,-88.2043,101.75,21
2224,1124,003019,-107.857,101.611,21
2230,1125,003108,-992.85,-48.25,21
2232,1126,002987,549.189,51.75,21
2235,1127,003076,580.949,-1.75,21
2236,1128,003078,608.407,98.25,21
2236,1129,003098,-798.697,-48.25,51
2239,1130,003069,414.502,-1.75,21
2252,1131,003048,-55.8661,48.25,21
2255,1132,003023,-338.854,98.25,21
2261,1133,003030,426.233,51.75,51
2263,1134,003079,-173.913,-48.25,21
2267,1135,002999,-996.319,-1.75,21
2269,1136,003077,-47.9387,101.75,21
2269,1137,003007,-795.856,-51.75,21
2269,1138,003114,-454.403,-48.25,21
2271,1139,003133,-609.217,-48.25,21
2272,1140,003124,-479.284,51.75,21
2273,1141,003065,-176.877,98.25,21
2274,1142,003142,-589.545,1.75,21
2274,1143,003128,-519.602,-48.25,51
2275,1144,003071,143.536,1.61111,21
2275,1145,003057,-269.766,48.25,51
2280,1146,003088,10.0456,48.25,21
2282,1147,003081,95.1188,-48.25,21
2282,1148,003080,-153.374,48.25,21
2284,1149,003103,-84.7426,-48.25,21
2284,1150,003053,-467.786,-1.75,21
2288,1151,003185,970.482,-1.75,51
2290,1152,003097,-98.6103,-1.75,51
2292,1153,003164,-565.809,-48.25,51
2295,1154,003198,-975.163,101.75,21
2297,1155,003201,974.136,-1.75,21
2299,1156,003196,-891.869,-48.25,21
2303,1157,003101,-310.323,-51.75,51
2304,1158,003188,-758.487,51.75,21
2306,1159,003076,-602.124,-1.61111,21
2308,1160,003072,646.566,1.75,21
2308,1161,003127,-93.7921,-51.75,21
2311,1162,003096,508.465,51.75,21
2313,1163,003162,-185.6,-48.25,51
2314,1164,003155,49.4845,98.25,21
2317,1165,003166,134.233,-51.75,21
2319,1166,003203,-700.021,1.75,21
2320,1167,003078,-783.8,98.3889,21
2323,1168,003070,-954.443,98.25,21
2325,1169,003108,535.776,-48.3889,21
2325,1170,003139,276.862,101.75,21
2328,1171,003208,-530.079,51.75,21
2329,1172,003120,477.082,1.75,21
2334,1173,003226,-702.514,51.75,21
2340,1174,003200,-335.466,1.75,21
2340,1175,003242,-744.146,-48.25,21
2341,1176,003127,-651.987,-51.6111,21
2343,1177,003114,766.897,-48.3889,21
2344,1178,003265,913.729,-51.75,51
2344,1179,003138,-629.983,-51.75,21
2346,1180,003237,-639.514,101.75,51
2350,1181,003239,573.053,98.25,21
2351,1182,003118,889.872,1.75,21
2355,1183,003238,463.69,48.25,21
2359,1184,003212,22.5168,-1.75,21
2360,1185,003191,148.006,1.75,51
2360,1186,003224,197.482,-1.75,21
2366,1187,003200,73.3841,1.61111,21
2366,1188,003175,449.254,1.75,21
2367,1189,003279,790.836,48.25,21
2370,1190,003222,-0.975216,-48.25,21
2370,1191,003195,-301.001,48.25,51
2371,1192,003251,320.244,98.25,21
2371,1193,003171,646.408,51.75,21
2380,1194,003208,336.088,51.6111,21
2382,1195,003174,-750.535,48.25,21
2382,1196,003272,347.588,98.25,21
2384,1197,003178,679.073,1.75,51
2384,1198,003226,136.911,51.6111,21
2384,1199,003297,-746.5,-48.25,21
2385,1200,003198,516.953,101.611,21
2388,1201,003296,664.59,98.25,21
2397,1202,003285,379.911,-1.75,21
2403,1203,003238,-330.781,48.3889,21
2405,1204,003247,-249.905,-51.75,21
2406,1205,003343,941.665,-51.75,21
2411,1206,003204,894.858,-48.25,21
2411,1207,003250,332.973,1.75,51
2414,1208,003226,632.722,51.4722,21
2414,1209,003360,993.768,48.25,51
2415,1210,003231,602.411,101.75,51
2417,1211,003278,-67.9448,-51.75,21
2417,1212,003319,520.248,48.25,21
2418,1213,003219,-815.869,98.25,51
2422,1214,003307,201.6,-51.75,51
2422,1215,003299,112.36,-1.75,51
2422,1216,003303,-171.189,-48.25,21
2423,1217,003315,-341.2,-48.25,21
2424,1218,003338,-561.381,-48.25,21
2425,1219,003271,-371.948,48.25,21
2427,1220,003342,-581.384,1.75,51
2429,1221,003333,431.072,98.25,21
2431,1222,003366,831.634,-51.75,21
2432,1223,003381,977.585,-51.75,21
2439,1224,003234,947.454,101.75,21
2444,1225,003338,-235.142,-48.3889,21
2447,1226,003406,937.69,98.25,51
2448,1227,003303,250.409,-48.3889,21
2450,1228,003284,-531.104,-51.75,21
2451,1229,003259,-991.151,-1.75,21
2453,1230,003402,-839.489,-48.25,21
2456,1231,003369,-456.377,-48.25,21
2456,1232,003291,540.371,101.75,51
2457,1233,003297,458.097,-48.3889,21
2458,1234,003276,-787.888,98.25,21
2464,1235,003330,-127.13,-51.75,21
2465,1236,003361,-159.152,51.75,51
2465,1237,003367,-251.716,-48.25,21
2466,1238,003312,413.956,1.75,21
2468,1239,003294,-701.963,-1.75,21
2469,1240,003329,-249.019,-51.75,21
2469,1241,003298,-674.183,-51.75,21
2481,1242,003400,-333.559,-48.25,21
2482,1243,003385,-199.803,-48.25,21
2485,1244,003346,301.509,1.75,21
2487,1245,003337,459.357,51.75,21
2487,1246,003461,-942.349,101.75,21
2494,1247,003333,-638.781,98.3889,21
2497,1248,003467,881.407,-51.75,21
2498,1249,003397,30.2385,48.25,21
2501,1250,003405,-92.9478,-48.25,21
2505,1251,003480,863.492,48.25,21
2507,1252,003464,-684.132,-48.25,21
2507,1253,003370,-403.126,48.25,21
2508,1254,003341,-763.573,-51.75,21
2512,1255,003369,481.629,-48.3889,21
2513,1256,003435,246.367,-51.75,21
2514,1257,003408,125.316,101.75,21
2515,1258,003344,838.149,1.75,21
2516,1259,003406,-197.333,98.3889,51
2518,1260,003474,-595.285,101.75,21
2518,1261,003509,-965.819,-48.25,21
2518,1262,003511,-985.717,-48.25,51
2519,1263,003340,-981.054,48.25,21
2520,1264,003506,931.317,-51.75,21
2520,1265,003472,-595.046,-48.25,21
2522,1266,003369,644.342,-48.5278,21
2524,1267,003421,-103.91,-1.75,21
2525,1268,003344,997.715,1.61111,21
2526,1269,003383,-516.063,-51.75,21
2528,1270,003486,562.189,-1.75,21
2534,1271,003497,-585.826,1.75,21
2535,1272,003374,-756.27,-51.75,51
2541,1273,003432,236.712,1.75,21
2546,1274,003498,-414.1,101.75,21
2550,1275,003472,-113.762,-48.3889,21
2550,1276,003530,778.188,98.25,21
2554,1277,003523,572.326,-51.75,21
2554,1278,003519,495,48.25,51
2555,1279,003520,518.366,48.25,21
2557,1280,003533,-662.672,101.75,51
2565,1281,003550,-845.8,1.75,21
2568,1282,003455,-498.983,98.25,21
2569,1283,003541,631.576,-1.75,21
2573,1284,003462,-463.003,98.25,21
2574,1285,003549,696.448,48.25,21
2577,1286,003452,688.615,51.75,21
2580,1287,003434,-836.825,48.25,21
2582,1288,003472,413.585,-48.5278,21
2582,1289,003572,867.023,-1.75,21
2589,1290,003497,324.144,1.61111,21
2595,1291,003590,831.458,98.25,21
2599,1292,003603,987.962,-51.75,21
2601,1293,003521,-259.251,98.25,51
2602,1294,003605,968.85,-51.75,21
2604,1295,003548,188.054,-1.75,21
2607,1296,003597,774.136,-51.75,21
2611,1297,003596,662.549,98.25,21
2611,1298,003516,-458.569,-1.75,21
2617,1299,003529,-403.013,-51.75,21
2623,1300,003529,-487.921,-51.6111,21
2623,1301,003557,49.0327,1.75,21
2624,1302,003576,-237.728,101.75,21
2638,1303,003549,-359.059,48.3889,21
2639,1304,003619,-645.907,51.75,21
2640,1305,003573,76.4403,51.75,21
2640,1306,003621,-652.565,101.75,21
2640,1307,003558,339.041,101.75,21
2648,1308,003590,-45.7994,98.3889,21
2649,1309,003616,404.445,-51.75,21
2650,1310,003555,-537.519,98.25,51
2652,1311,003535,850.741,-48.25,21
2662,1312,003607,35.2812,-48.25,51
2662,1313,003565,-546.092,-1.75,21
2663,1314,003688,973.096,-1.75,21
2664,1315,003662,731.016,98.25,51
2667,1316,003619,-189.307,51.6111,21
2670,1317,003619,-130.981,51.4722,21
2676,1318,003602,-312.691,98.25,51
2677,1319,003569,-737.507,-1.75,21
2677,1320,003636,227.051,98.25,21
2678,1321,003704,-917.783,51.75,51
2681,1322,003651,302.768,-51.75,21
2681,1323,003614,-221.9,98.25,21
2684,1324,003628,2.80369,51.75,51
2686,1325,003572,-848.998,-1.61111,21
2688,1326,003710,-824.924,1.75,21
2689,1327,003583,783.067,101.75,21
2691,1328,003611,439.192,-48.25,21
2691,1329,003649,119.814,48.25,21
2692,1330,003706,-735.24,51.75,21
2693,1331,003675,-403.21,51.75,21
2694,1332,003635,93.9514,-48.25,21
2699,1333,003659,123.021,48.25,21
2701,1334,003727,-865.457,-48.25,51
2705,1335,003729,854.077,98.25,51
2706,1336,003721,694.472,48.25,21
2707,1337,003728,813.39,-51.75,21
2707,1338,003688,261.213,-1.61111,21
2710,1339,003617,-545.584,98.25,21
2710,1340,003702,-365.979,1.75,21
2714,1341,003729,702.678,98.3889,51
2714,1342,003713,-416.778,101.75,51
2716,1343,003669,-43.7176,48.25,21
2718,1344,003752,-903.369,51.75,21
2719,1345,003755,903.209,48.25,51
2725,1346,003637,-562.379,-1.75,21
2731,1347,003679,-177.778,-1.75,51
2734,1348,003628,842.759,51.6111,51
2735,1349,003633,801.535,1.75,21
2736,1350,003779,-933.124,51.75,21
2738,1351,003777,864.134,-51.75,51
2738,1352,003780,927.639,-51.75,21
2740,1353,003626,-942.695,48.25,21
2741,1354,003700,191.83,51.75,21
2744,1355,003701,192.632,51.75,21
2744,1356,003666,-537.525,-1.75,51
2747,1357,003680,-469.481,48.25,21
2747,1358,003634,-987.134,98.25,21
2747,1359,003645,-845.346,98.25,21
2749,1360,003681,-439.175,98.25,21
2751,1361,003729,85.2734,98.5278,51
2753,1362,003801,-955.909,101.75,51
2753,1363,003713,230.971,101.611,51
2754,1364,003660,791.076,-48.25,51
2755,1365,003765,-448.39,101.75,21
2755,1366,003725,54.5938,101.75,51
2760,1367,003806,-908.476,51.75,21
2762,1368,003726,-145.539,-51.75,21
2763,1369,003709,376.435,51.75,21
2765,1370,003716,-400.787,48.25,51
2767,1371,003751,83.762,98.25,51
2767,1372,003817,-851.766,1.75,21
2769,1373,003754,-117.376,51.75,21
2769,1374,003670,897.257,101.75,21
2773,1375,003776,277.643,98.25,21
2777,1376,003704,693.64,51.6111,51
2777,1377,003730,316.97,101.75,51
2778,1378,003708,692.106,1.75,21
2785,1379,003697,968.418,1.75,21
2786,1380,003740,-333.761,48.25,21
2789,1381,003861,-903.893,101.75,51
2791,1382,003712,-860.357,-1.75,21
2791,1383,003801,-317.183,101.611,51
2793,1384,003795,-228.266,1.75,51
2794,1385,003778,36.5082,-48.25,21
2794,1386,003833,602.632,98.25,51
2794,1387,003728,-638.615,-51.6111,21
2795,1388,003821,-427.114,51.75,21
2797,1389,003817,-354.911,1.61111,21
2797,1390,003736,554.412,1.75,21
2798,1391,003861,-752.01,101.611,51
2801,1392,003721,-889.653,48.3889,21
2803,1393,003743,-623.832,-1.75,51
2805,1394,003834,409.201,-1.75,21
2805,1395,003806,-186.734,51.6111,21
2807,1396,003768,369.116,1.75,21
2807,1397,003843,-487.631,1.75,21
2812,1398,003798,51.2731,1.75,21
2813,1399,003746,746.97,51.75,51
2814,1400,003753,-691.167,48.25,21
2814,1401,003763,564.094,51.75,21
2814,1402,003858,-519.046,-48.25,51
2816,1403,003803,96.7637,51.75,21
2817,1404,003815,-50.8144,-48.25,51
2821,1405,003786,365.987,1.75,21
2823,1406,003878,626.254,98.25,51
2826,1407,003884,604.475,-51.75,21
2827,1408,003844,169.786,98.25,21
2828,1409,003800,221.876,-48.25,51
2829,1410,003914,-921.28,-48.25,21
2833,1411,003874,-370.809,101.75,21
2837,1412,003822,-246.932,98.25,51
2838,1413,003803,463.276,51.6111,21
2839,1414,003764,968.419,101.75,21
2840,1415,003871,225.526,98.25,51
2840,1416,003835,-168.235,48.25,51
2842,1417,003802,-518.339,48.25,21
2842,1418,003889,-413.708,101.75,51
2843,1419,003835,-213.139,48.3889,51
2843,1420,003918,715.549,-51.75,51
2844,1421,003775,-910.823,-1.75,21
2848,1422,003917,625.719,48.25,21
2851,1423,003899,-445.298,101.75,21
2851,1424,003826,399.68,51.75,21
2853,1425,003880,-120.317,101.75,21
2853,1426,003837,372.354,1.75,21
2857,1427,003891,-174.809,1.75,21
2861,1428,003820,633.81,-48.25,21
2866,1429,003820,719.368,-48.3889,21
2871,1430,003805,-974.993,-51.75,51
2874,1431,003976,899.253,-1.75,21
2875,1432,003924,304.348,-1.75,21
2875,1433,003944,-633.697,1.75,21
2875,1434,003986,-994.142,-48.25,21
2882,1435,003938,408.867,-1.75,21
2883,1436,003838,-796.225,98.25,21
2883,1437,003833,-843.026,98.3889,51
2884,1438,003974,-762.621,101.75,51
2885,1439,003986,-831.018,-48.3889,21
2887,1440,003923,-111.999,1.75,21
2888,1441,003876,490.118,-48.25,51
2889,1442,003962,500.855,98.25,21
2889,1443,003973,-640.81,101.75,21
2891,1444,003863,728.957,1.75,21
2896,1445,004015,874.374,-51.75,21
2896,1446,003908,256.279,-48.25,21
2897,1447,003844,-988.432,98.3889,21
2898,1448,003965,440.886,98.25,21
2902,1449,003977,474.759,-1.75,21
2903,1450,003935,35.8446,-51.75,21
2905,1451,003944,-135.745,1.61111,21
2907,1452,003934,31.5675,1.75,21
2911,1453,003908,494.065,-48.3889,21
2913,1454,004014,624.321,48.25,21
2913,1455,003882,-859.909,48.25,51
2914,1456,004016,-634.196,101.75,21
2920,1457,003920,524.037,1.75,21
2925,1458,004006,-325.811,-48.25,21
2925,1459,004028,551.444,-1.75,21
2927,1460,004011,-342.737,51.75,51
2927,1461,004048,699.356,-51.75,21
2928,1462,003934,377.259,1.61111,21
2930,1463,003925,-600.049,98.25,21
2930,1464,004066,-870.118,1.75,51
2938,1465,004031,-365.202,51.75,21
2946,1466,004048,392.998,-51.6111,21
2947,1467,004097,857.837,48.25,51
2948,1468,003937,656.882,1.75,21
2949,1469,004071,578.583,98.25,21
2950,1470,003979,296.675,1.75,51
2950,1471,003976,-362.608,-1.61111,21
2954,1472,004012,-88.7776,48.25,51
2954,1473,003979,362.654,1.61111,51
2956,1474,003929,923.732,51.75,21
2956,1475,004033,-82.5698,101.75,21
2964,1476,004096,605.943,-51.75,51
2964,1477,003987,-446.372,-1.75,21
2967,1478,004092,553.948,-1.75,21
2971,1479,004080,-322.334,101.75,21
2975,1480,004104,536.678,-1.75,21
2977,1481,003970,835.4,101.75,21
2979,1482,004048,-153.207,-51.4722,21
2983,1483,004143,757.693,48.25,51
2985,1484,004026,421.649,101.75,51
2987,1485,004013,599.581,101.75,51
2987,1486,004096,225.787,-51.6111,51
2990,1487,003983,-908.094,98.25,21
2991,1488,004138,532.953,48.25,21
2993,1489,004097,103.843,48.3889,51
2993,1490,004101,-144.407,-48.25,21
2998,1491,004121,278.991,-51.75,21
3001,1492,004159,-630.026,1.75,21
3001,1493,004091,69.9125,-48.25,21
3004,1494,004003,981.171,101.75,21
3007,1495,004115,-62.2138,-48.25,21
3008,1496,004200,-962.105,51.75,51
3009,1497,004115,-37.2371,-48.3889,21
3009,1498,004052,-603.47,-1.75,21
3010,1499,004167,-611.459,1.75,51
3010,1500,004051,637.392,1.75,51
3014,1501,004123,-28.9364,101.75,21
3022,1502,004052,-827.367,-1.61111,21
3023,1503,004154,-202.878,1.75,21
3024,1504,004131,58.47,1.75,21
3024,1505,004130,103.77,-48.25,21
3026,1506,004216,-898.578,-48.25,21
3028,1507,004131,134.708,1.61111,21
3031,1508,004101,487.658,-48.3889,21
3031,1509,004065,834.729,-48.25,21
3034,1510,004215,-706.624,1.75,21
3035,1511,004204,601.61,-1.75,21
3036,1512,004162,-153.968,-48.25,51
3036,1513,004157,131.955,-51.75,21
3036,1514,004075,-714.018,-1.75,21
3037,1515,004059,-952.248,48.25,21
3040,1516,004083,-704.054,-1.75,21
3043,1517,004192,369.434,98.25,21
3044,1518,004152,172.96,-48.25,21
3049,1519,004194,281.756,-51.75,51
3053,1520,004108,-672.88,-1.75,51
3055,1521,004126,-514.727,-1.75,51
3059,1522,004223,-445.912,51.75,21
3059,1523,004136,-596.946,98.25,21
3059,1524,004117,-790.566,98.25,51
3060,1525,004173,-98.9832,-51.75,21
3060,1526,004114,-674.608,-1.75,21
3061,1527,004157,-267.397,-51.6111,21
3062,1528,004173,-137.297,-51.6111,21
3063,1529,004271,-959.686,101.75,51
3067,1530,004147,595.719,1.75,51
3069,1531,004237,434.225,48.25,21
3069,1532,004181,-181.806,48.25,51
3069,1533,004129,864.632,1.75,21
3071,1534,004168,-396.528,48.25,21
3075,1535,004180,296.376,1.75,51
3081,1536,004214,-65.6751,-1.75,51
3082,1537,004193,-236.776,98.25,21
3083,1538,004244,-302.315,101.75,21
3086,1539,004177,536.275,1.75,21
3095,1540,004177,682.383,1.61111,21
3095,1541,004226,-113.787,98.25,21
3097,1542,004202,467.563,51.75,21
3098,1543,004299,727.672,98.25,51
3100,1544,004258,191.933,-1.75,51
3103,1545,004210,468.012,-48.25,21
3104,1546,004184,-764.595,-1.75,21
3105,1547,004321,922.316,48.25,51
3105,1548,004286,429.806,-1.75,21
3106,1549,004300,603.491,48.25,21
3107,1550,004168,-996.151,48.3889,21
3108,1551,004189,790.693,51.75,21
3108,1552,004234,185.729,51.75,21
3108,1553,004166,-940.174,-51.75,21
3108,1554,004221,402.526,101.75,51
3108,1555,004297,516.165,-1.75,21
3108,1556,004179,-895.941,98.25,51
3108,1557,004281,-341.19,51.75,21
3110,1558,004210,582.227,-48.3889,21
3110,1559,004317,751.144,-51.75,21
3111,1560,004178,-919.873,48.25,51
3111,1561,004174,-991.331,98.25,51
3112,1562,004184,-902.929,-1.61111,21
3112,1563,004217,484.559,-48.25,21
3113,1564,004231,-344.942,-51.75,21
3114,1565,004296,-402.953,51.75,51
3119,1566,004215,684.984,1.61111,21
3127,1567,004307,341.803,98.25,21
3127,1568,004351,858.014,-51.75,51
3127,1569,004342,795.85,-51.75,21
3130,1570,004237,-591.993,48.3889,21
3131,1571,004243,-508.654,-1.75,21
3131,1572,004310,-358.035,51.75,21
3133,1573,004367,965.622,-1.75,51
3133,1574,004216,877.631,-48.3889,21
3134,1575,004222,795.108,1.75,51
3137,1576,004228,773.514,51.75,51
3138,1577,004351,683.998,-51.6111,51
3138,1578,004240,606.869,51.75,21
3139,1579,004311,229.022,98.25,21
3140,1580,004229,810.364,1.75,51
3141,1581,004257,513.786,101.75,21
3143,1582,004243,-711.866,-1.61111,21
3143,1583,004314,187.505,-1.75,21
3143,1584,004321,278.261,48.3889,51
3145,1585,004228,898.414,51.6111,51
3147,1586,004240,755.042,51.6111,21
3150,1587,004236,-927.452,-1.75,21
3156,1588,004335,-195.889,101.75,21
3156,1589,004316,30.1173,98.25,51
3158,1590,004342,289.696,-51.6111,21
3158,1591,004295,-314.674,48.25,21
3159,1592,004299,-287.775,98.3889,51
3159,1593,004301,-282.29,-1.75,21
3165,1594,004294,-472.912,-51.75,51
3166,1595,004373,-536.61,-48.25,21
3167,1596,004308,303.229,-48.25,21
3171,1597,004423,-961.209,51.75,51
3182,1598,004368,-178.427,101.75,21
3182,1599,004362,-82.1919,51.75,21
3183,1600,004414,676.249,48.25,21
3184,1601,004402,-485.615,1.75,51
3186,1602,004363,37.9881,48.25,21
3187,1603,004310,564.774,51.6111,21
3188,1604,004387,340.192,98.25,21
3188,1605,004444,895.32,-1.75,21
3193,1606,004312,662.487,1.75,21
3194,1607,004407,416.594,-1.75,51
3196,1608,004349,260.82,-48.25,21
3199,1609,004297,-990.677,-1.61111,21
3201,1610,004336,519.99,-48.25,21
3201,1611,004416,-406.624,-48.25,21
3204,1612,004330,682.282,-48.25,51
3209,1613,004355,-394.8,98.25,21
3209,1614,004341,-606.97,-51.75,21
3210,1615,004471,-984.079,1.75,51
3211,1616,004315,904.585,1.75,21
3212,1617,004427,-363.595,-48.25,51
3213,1618,004346,-607.226,98.25,21
3217,1619,004375,318.395,1.75,21
3228,1620,004437,-176.262,101.75,51
3229,1621,004387,-347.195,98.3889,21
3234,1622,004405,-300.389,48.25,21
3235,1623,004392,-418.741,48.25,51
3236,1624,004488,786.994,48.25,21
3237,1625,004393,467.368,101.75,21
3238,1626,004485,-741.317,51.75,21
3241,1627,004463,-297.176,-48.25,21
3243,1628,004478,-535.915,101.75,21
3244,1629,004419,-245.619,48.25,21
3244,1630,004486,-634.728,1.75,21
3247,1631,004467,332.275,98.25,21
3249,1632,004437,171.857,101.611,51
3258,1633,004487,-443.088,101.75,21
3263,1634,004440,-378.548,-1.75,21
3267,1635,004554,-982.14,-48.25,51
3268,1636,004414,-736.279,48.3889,21
3272,1637,004539,-806.345,1.75,21
3274,1638,004543,810.667,-1.75,21
3274,1639,004425,703.871,-48.25,21
3274,1640,004563,-957.991,101.75,21
3275,1641,004484,-123.335,101.75,21
3277,1642,004480,9.80274,98.25,21
3277,1643,004530,-648.703,51.75,21
3278,1644,004442,-507.249,48.25,21
3278,1645,004447,562.552,1.75,21
3280,1646,004492,106.198,48.25,21
3280,1647,004558,825.891,98.25,21
3281,1648,004580,-993.768,51.75,51
3286,1649,004527,-455.471,1.75,21
3286,1650,004461,507.05,101.75,21
3286,1651,004455,-594.21,-51.75,21
3286,1652,004547,605.943,-51.75,21
3290,1653,004458,599.492,51.75,21
3290,1654,004422,985.524,1.75,21
3290,1655,004468,375.646,1.75,21
3292,1656,004477,-298.055,-51.75,21
3293,1657,004551,507.549,98.25,51
3294,1658,004469,-418.301,-51.75,21
3295,1659,004484,213.412,101.611,21
3297,1660,004453,-676.538,48.25,21
3298,1661,004461,708.603,101.611,21
3302,1662,004566,546.088,98.25,21
3302,1663,004519,-56.6144,-48.25,21
3309,1664,004465,784.456,-48.25,21
3312,1665,004500,318.278,101.75,21
3312,1666,004483,545.723,101.75,21
3312,1667,004521,81.5801,101.75,21
3320,1668,004472,823.187,-48.25,21
3320,1669,004612,-630.261,51.75,21
3323,1670,004536,69.8037,1.75,21
3323,1671,004490,629.028,1.75,21
3323,1672,004622,-705.257,51.75,21
3326,1673,004598,-388.749,101.75,21
3327,1674,004556,47.7491,48.25,21
3327,1675,004656,961.426,98.25,21
3328,1676,004526,-264.918,48.25,21
3330,1677,004655,894.256,-1.75,21
3331,1678,004555,-67.8996,48.25,21
3331,1679,004565,73.4807,-1.75,21
3335,1680,004510,646.828,1.75,21
3337,1681,004628,-561.62,101.75,21
3337,1682,004658,-823.557,51.75,21
3343,1683,004578,60.501,101.75,21
3343,1684,004678,-949.646,-48.25,21
3345,1685,004508,-849.568,-51.75,21
3346,1686,004496,971.873,-48.25,21
3346,1687,004563,216.188,101.611,21
3348,1688,004688,965.95,48.25,51
3348,1689,004548,-346.905,-1.75,21
3349,1690,004658,-626.301,51.6111,21
3350,1691,004663,-664.452,1.75,21
3352,1692,004529,-632.312,-1.75,21
3354,1693,004552,481.817,101.75,21
3355,1694,004544,-579.025,-51.75,21
3356,1695,004672,682.513,48.25,21
3357,1696,004527,735.923,1.61111,21
3361,1697,004529,-782.298,-1.61111,21
3361,1698,004540,-647.334,-1.75,21
3364,1699,004650,344.112,48.25,51
3370,1700,004537,-881.529,98.25,21
3370,1701,004588,386.895,51.75,21
3370,1702,004583,-405.412,98.25,21
3370,1703,004613,236.867,-48.25,21
3374,1704,004569,-581.009,-1.75,51
3374,1705,004556,-741.234,48.3889,21
3378,1706,004729,982.147,-51.75,51
3378,1707,004557,-784.147,-1.75,51
3379,1708,004713,-720.946,51.75,21
3379,1709,004630,154.05,-48.25,21
3380,1710,004556,-835.836,48.5278,21
3381,1711,004570,723.316,-48.25,21
3382,1712,004716,-721.004,51.75,21
3383,1713,004738,967.162,-51.75,21
3383,1714,004652,13.2531,101.75,21
3385,1715,004659,71.9536,-1.75,21
3387,1716,004734,-877.772,-48.25,51
3388,1717,004714,593.142,-51.75,21
3396,1718,004750,914.371,48.25,21
3396,1719,004605,736.354,1.75,21
3398,1720,004729,652.539,-51.6111,51
3399,1721,004728,619.294,-1.75,21
3402,1722,004660,242.378,1.75,21
3403,1723,004666,161.093,1.75,21
3403,1724,004670,154.977,101.75,21
3405,1725,004724,-499.193,101.75,21
3407,1726,004647,478.244,-48.25,21
3410,1727,004643,-489.978,48.25,21
3410,1728,004770,-915.482,101.75,21
3414,1729,004760,712.324,98.25,21
3416,1730,004640,-675.74,98.25,21
3418,1731,004690,-147.628,48.25,21
3423,1732,004695,-140.975,48.25,21
3424,1733,004785,-799.376,101.75,51
3425,1734,004695,-181.975,48.3889,21
3426,1735,004739,290.671,48.25,51
3427,1736,004671,-494.558,-1.75,51
3429,1737,004657,-692.404,-1.75,51
3429,1738,004770,-612.69,101.611,21
3431,1739,004770,-579.764,101.472,21
3431,1740,004649,-790.594,98.25,21
3434,1741,004659,-726.741,-1.61111,21
3434,1742,004768,519.763,-51.75,21
3436,1743,004680,574.207,1.75,21
3440,1744,004670,764.304,101.611,21
3440,1745,004726,32.7787,101.75,21
3445,1746,004786,492.571,48.25,21
3445,1747,004820,899.301,48.25,21
3446,1748,004686,653.839,1.75,21
3449,1749,004738,-110.999,-51.6111,21
3451,1750,004723,310.29,101.75,21
3455,1751,004681,891.839,101.75,21
3455,1752,004803,532.131,-1.75,51
3456,1753,004735,-254.442,48.25,51
3457,1754,004699,696.211,1.75,21
3458,1755,004791,-301.456,1.75,21
3461,1756,004775,-120.269,1.75,21
3462,1757,004805,468.247,-1.75,21
3464,1758,004755,173.935,1.75,21
3465,1759,004708,767.011,-48.25,21
3467,1760,004804,344.424,98.25,21
3470,1761,004740,421.111,-48.25,21
3470,1762,004856,-887.849,-48.25,21
3470,1763,004845,845.8,98.25,21
3472,1764,004729,-575.844,-51.4722,51
3472,1765,004720,-709.458,98.25,21
3473,1766,004762,-222.207,98.25,21
3474,1767,004695,-977.94,48.5278,21
3479,1768,004714,-923.443,-51.6111,21
3480,1769,004824,390.938,-1.75,21
3482,1770,004834,-496.744,101.75,21
3484,1771,004781,-211.108,-51.75,21
3486,1772,004877,-791.054,1.75,51
3487,1773,004746,-636.088,-51.75,21
3490,1774,004841,435.16,-51.75,51
3492,1775,004824,191.57,-1.61111,21
3493,1776,004761,-560.27,48.25,21
3493,1777,004750,-645.118,48.3889,21
3495,1778,004771,493.929,1.75,51
3499,1779,004755,748.125,1.61111,21
3499,1780,004866,498.767,98.25,21
3503,1781,004827,-14.53,1.75,21
3507,1782,004903,817.23,-51.75,21
3508,1783,004816,212.015,51.75,21
3509,1784,004884,503.159,-51.75,21
3510,1785,004830,-69.113,-51.75,21
3512,1786,004793,-581.663,-51.75,51
3514,1787,004783,-625.909,98.25,21
3514,1788,004899,595.815,-1.75,21
3517,1789,004843,25.0604,98.25,21
3518,1790,004786,-720.341,48.3889,21
3519,1791,004830,-205.131,-51.6111,21
3520,1792,004800,605.686,51.75,21
3521,1793,004817,371.947,101.75,21
3524,1794,004830,-301.377,-51.4722,21
3526,1795,004840,-176.519,98.25,21
3528,1796,004910,535.042,48.25,21
3531,1797,004861,71.9088,101.75,51
3533,1798,004855,-124.306,48.25,51
3534,1799,004955,969.938,98.25,51
3534,1800,004953,-934.357,1.75,21
3536,1801,004833,462.368,51.75,21
3538,1802,004794,942.031,-48.25,21
3539,1803,004799,945.131,1.75,21
3540,1804,004851,-277.103,48.25,21
3543,1805,004915,-347.785,-48.25,21
3544,1806,004875,-177.017,98.25,21
3550,1807,004881,209.86,1.75,21
3550,1808,004970,846.555,48.25,21
3552,1809,004888,226.97,101.75,51
3552,1810,004847,533.534,-48.25,51
3554,1811,004947,-573.247,-48.25,21
3554,1812,004889,-232.738,98.25,21
3554,1813,004859,-425.866,48.25,21
3556,1814,004834,691.986,101.611,21
3556,1815,004904,34.0242,51.75,51
3558,1816,004903,-7.60835,-51.6111,21
3559,1817,004946,-480.068,51.75,21
3559,1818,004995,-952.865,1.75,21
3561,1819,004831,812.42,101.75,21
3563,1820,004830,-947.468,-51.3333,21
3566,1821,004915,34.0781,-48.3889,21
3566,1822,004836,921.274,51.75,21
3572,1823,005009,-962.02,101.75,51
3572,1824,004951,313.861,48.25,21
3573,1825,004993,-735.922,101.75,21
3575,1826,004986,612.091,-51.75,21
3576,1827,004971,-434.677,1.75,21
3576,1828,004951,257.869,48.3889,21
3577,1829,004849,-933.381,-1.75,21
3581,1830,004974,352.242,98.25,21
3581,1831,004887,-582.119,48.25,21
3582,1832,004998,-647.743,101.75,21
3582,1833,004899,-534.171,-1.61111,21
3583,1834,005006,760.514,98.25,51
3585,1835,004959,-192.958,1.75,51
3587,1836,004872,-888.706,-51.75,51
3587,1837,004957,-99.7578,101.75,51
3589,1838,004988,426.091,-1.75,21
3590,1839,004995,-442.414,1.61111,21
3591,1840,004938,-161.845,98.25,21
3593,1841,004966,-102.897,51.75,51
3595,1842,004995,-369.195,1.47222,21
3596,1843,004927,415.057,1.75,51
3598,1844,005020,657.698,-1.75,21
3600,1845,005029,766.526,98.25,21
3604,1846,004945,-305.864,-51.75,21
3604,1847,004974,-37.8367,98.3889,21
3605,1848,005036,-721.723,51.75,21
3607,1849,004925,-553.907,-1.75,21
3607,1850,004967,-140.189,98.25,21
3608,1851,004970,-97.1341,48.3889,21
3615,1852,004954,354.953,1.75,51
3615,1853,004957,373.188,101.611,51
3623,1854,005043,510.361,48.25,51
3629,1855,005053,-567.812,101.75,21
3630,1856,005093,-975.142,-48.25,21
3634,1857,004981,-477.936,-51.75,51
3645,1858,005083,624.389,48.25,21
3645,1859,005072,-471.94,101.75,21
3645,1860,005109,947.598,-1.75,21
3646,1861,005061,392.082,-1.75,21
3648,1862,004982,668.729,51.75,21
3648,1863,005024,-97.5785,98.25,21
3650,1864,005005,-370.087,-51.75,21
3651,1865,005075,-410.186,-48.25,21
3652,1866,004982,729.959,51.6111,21
3654,1867,005003,-467.557,-1.75,21
3654,1868,005037,33.1555,1.75,51
3655,1869,005049,-38.2055,51.75,51
3673,1870,005120,673.465,98.25,21
3679,1871,005087,67.5968,-51.75,21
3680,1872,005150,802.668,-51.75,21
3681,1873,005146,-768.64,51.75,21
3681,1874,005062,-206.288,48.25,51
3686,1875,005060,-297.587,98.25,51
3686,1876,005142,640.967,-1.75,51
3691,1877,005145,597.14,-1.75,51
3691,1878,005127,437.519,-51.75,21
3696,1879,005106,65.3811,98.25,51
3699,1880,005030,889.308,-48.25,51
3700,1881,005169,699.629,48.25,51
3701,1882,005172,692.954,-1.75,21
3705,1883,005105,139.437,1.75,21
3708,1884,005149,319.663,48.25,21
3709,1885,005044,-921.82,-51.75,51
3709,1886,005105,217.703,1.61111,21
3709,1887,005163,-443.763,-48.25,21
3711,1888,005145,273.412,-1.61111,51
3712,1889,005190,754.641,48.25,21
3713,1890,005186,-677.697,51.75,21
3716,1891,005122,14.1744,98.25,21
3717,1892,005109,-243.657,-1.61111,21
3717,1893,005128,-17.6016,-48.25,21
3721,1894,005070,790.419,51.75,21
3724,1895,005056,-979.508,48.25,21
3724,1896,005197,662.256,48.25,21
3725,1897,005105,480.821,1.47222,21
3726,1898,005206,-803.475,101.75,21
3728,1899,005165,115.037,48.25,51
3729,1900,005136,93.7577,-48.25,51
3730,1901,005153,-23.0098,51.75,21
3735,1902,005162,-17.2268,1.75,21
3735,1903,005222,817.132,-51.75,51
3736,1904,005097,684.161,-48.25,21
3738,1905,005134,259.706,1.75,51
3740,1906,005108,-613.918,98.25,21
3740,1907,005150,-193.878,-51.6111,21
3743,1908,005096,-862.952,48.25,51
3744,1909,005164,126.659,101.75,21
3747,1910,005147,-265.203,-1.75,21
3748,1911,005226,658.409,-51.75,51
3752,1912,005251,-900.818,1.75,21
3753,1913,005176,-114.478,-51.75,21
3753,1914,005244,795.957,-1.75,21
3759,1915,005129,650.191,1.75,21
3759,1916,005139,-611.065,48.25,21
3760,1917,005200,-153.902,101.75,51
3760,1918,005238,-616.176,51.75,51
3762,1919,005185,-140.628,48.25,51
3763,1920,005148,600.385,101.75,21
3765,1921,005165,-483.672,48.3889,51
3768,1922,005194,91.6364,51.75,51
3770,1923,005207,-79.2931,51.75,21
3771,1924,005187,-284.727,-1.75,21
3776,1925,005162,656.233,1.61111,21
3777,1926,005213,11.7708,48.25,21
3779,1927,005183,464.167,1.75,21
3782,1928,005221,36.4507,-1.75,51
3787,1929,005290,810.858,-51.75,51
3788,1930,005184,602.179,51.75,21
3788,1931,005256,-336.843,-48.25,21
3790,1932,005192,487.815,101.75,21
3801,1933,005274,381.844,48.25,21
3801,1934,005286,519.01,-51.75,21
3804,1935,005225,-277.553,-1.75,21
3813,1936,005196,787.081,51.75,51
3816,1937,005307,538.816,98.25,21
3816,1938,005286,283.357,-51.6111,21
3816,1939,005305,-541.295,1.75,21
3821,1940,005291,245.161,98.25,21
3821,1941,005343,-817.518,-48.25,21
3826,1942,005212,756.11,-48.25,21
3827,1943,005306,345.08,-1.75,21
3827,1944,005354,827.711,98.25,51
3827,1945,005361,921.528,98.25,21
3830,1946,005220,725.065,-48.25,21
3833,1947,005334,-499.386,-48.25,21
3835,1948,005287,31.7417,1.75,21
3835,1949,005269,-320.372,-51.75,51
3836,1950,005273,241.139,-48.25,21
3839,1951,005292,-10.2958,-1.75,21
3843,1952,005316,-175.461,1.75,21
3844,1953,005348,502.543,98.25,21
3844,1954,005233,-856.638,98.25,21
3845,1955,005242,-711.88,-51.75,21
3847,1956,005305,-43.0628,1.61111,21
3848,1957,005241,-809.523,-51.75,21
3849,1958,005393,-902.354,101.75,51
3853,1959,005399,952.898,-1.75,21
3853,1960,005265,623.511,-48.25,51
3855,1961,005309,-64.1691,98.25,21
3855,1962,005274,-502.592,48.3889,21
3857,1963,005317,94.3957,51.75,21
3859,1964,005337,124.775,-51.75,21
3860,1965,005282,535.824,-48.25,21
3860,1966,005367,431.484,-1.75,21
3863,1967,005380,573.807,98.25,51
3864,1968,005248,-989.868,98.25,21
3865,1969,005398,724.915,-1.75,51
3865,1970,005254,929.419,1.75,21
3868,1971,005355,-163.066,1.75,21
3871,1972,005366,210.935,-51.75,21
3878,1973,005340,186.428,51.75,51
3878,1974,005447,-980.891,-48.25,21
3879,1975,005271,-945.936,48.25,21
3879,1976,005380,298.999,98.3889,51
3881,1977,005307,-541.986,98.3889,21
3882,1978,005340,243.048,51.6111,51
3882,1979,005316,454.723,1.61111,21
3883,1980,005451,947.498,98.25,21
3884,1981,005383,-250.06,1.75,21
3889,1982,005434,720.561,98.25,21
3889,1983,005374,25.7306,98.25,21
3891,1984,005307,-719.746,98.5278,21
3893,1985,005387,-152.103,-48.25,51
3893,1986,005351,-245.475,-1.75,21
3893,1987,005388,124.839,-1.75,51
3897,1988,005306,-812.812,-1.61111,21
3898,1989,005468,879.653,98.25,21
3900,1990,005444,622.561,98.25,21
3901,1991,005451,680.034,98.3889,21
3903,1992,005352,465.84,101.75,21
3904,1993,005416,-332.241,1.75,21
3911,1994,005347,-585.878,-1.75,21
3911,1995,005385,197.218,51.75,21
3915,1996,005441,-324.854,51.75,51
3916,1997,005416,-133.584,1.61111,21
3917,1998,005388,-266.872,-1.61111,51
3917,1999,005372,-495.521,48.25,21
3922,2000,005395,238.991,51.75,21
3929,2001,005339,981.684,1.75,21
3936,2002,005489,558.016,-1.75,21
3936,2003,005458,188.903,98.25,21
3938,2004,005421,186.218,1.75,21
3939,2005,005437,98.087,1.75,21
3940,2006,005368,929.307,51.75,51
3942,2007,005399,-518.283,-1.61111,21
3943,2008,005436,188.337,101.75,21
3946,2009,005547,-959.947,1.75,21
3947,2010,005480,-171.496,1.75,51
3948,2011,005478,-189.719,-48.25,51
3949,2012,005396,714.349,1.75,51
3949,2013,005534,790.066,98.25,21
3951,2014,005514,548.433,48.25,21
3958,2015,005490,201.359,48.25,21
3960,2016,005388,-981.712,-1.47222,51
3962,2017,005431,442.095,-48.25,51
3970,2018,005431,574.927,-48.3889,51
3970,2019,005568,932.719,98.25,51
3971,2020,005461,-421.185,-51.75,21
3971,2021,005452,-422.132,-1.75,21
3973,2022,005491,-15.799,-1.75,21
3976,2023,005456,-551.078,48.25,21
3976,2024,005414,911.007,1.75,21
3977,2025,005494,86.0715,1.75,51
3978,2026,005470,-426.072,-51.75,51
3979,2027,005531,-357.709,-48.25,21
3981,2028,005536,318.3,98.25,21
3982,2029,005507,-20.8214,101.75,51
3984,2030,005477,-462.42,48.25,51
3985,2031,005507,16.9508,101.611,51
3985,2032,005554,-425.261,101.75,21
3990,2033,005446,-817.231,-1.75,21
3990,2034,005572,-720.528,51.75,21
3991,2035,005568,589.402,98.3889,51
3991,2036,005479,-527.861,98.25,21
3993,2037,005560,-417.84,51.75,21
3995,2038,005488,429.208,51.75,21
4002,2039,005477,-763.107,48.3889,51
4007,2040,005580,-527.546,-48.25,21
4007,2041,005591,-641.306,101.75,51
4010,2042,005454,989.043,-48.25,51
4011,2043,005475,868.381,-48.25,21
4011,2044,005503,-550.936,98.25,21
4013,2045,005580,-419.87,-48.3889,21
4016,2046,005571,280.796,98.25,21
4017,2047,005527,388.849,1.75,21
4017,2048,005513,508.511,-48.25,21
4020,2049,005594,-450.835,1.75,51
4021,2050,005531,323.844,-48.3889,21
4022,2051,005638,-969.156,51.75,21
4025,2052,005584,304.39,-51.75,21
4025,2053,005628,-776.236,51.75,21
4026,2054,005588,-296.916,-48.25,21
4028,2055,005511,731.369,-48.25,21
4030,2056,005602,347.329,-1.75,51
4031,2057,005624,-620.124,-48.25,21
4033,2058,005495,987.63,51.75,21
4037,2059,005562,231.987,101.75,21
4037,2060,005508,931.533,-48.25,21
4037,2061,005585,-78.2997,101.75,21
4038,2062,005646,-807.87,101.75,21
4043,2063,005602,137.656,-1.61111,51
4045,2064,005575,-176.461,-51.75,21
4048,2065,005588,68.699,-48.3889,21
4049,2066,005654,-736.553,-48.25,21
4053,2067,005647,-594.024,51.75,21
4054,2068,005533,869.507,1.75,21
4055,2069,005537,935.62,101.75,51
4060,2070,005559,709.763,101.75,21
4063,2071,005610,35.6109,101.75,21
4070,2072,005571,-618.086,98.3889,21
4070,2073,005582,496.026,51.75,21
4075,2074,005606,353.019,-48.25,21
4076,2075,005713,913.998,98.25,51
4079,2076,005561,985.875,101.75,21
4089,2077,005706,656.838,-1.75,21
4089,2078,005717,763.165,-1.75,21
4090,2079,005580,851.16,-48.5278,21
4090,2080,005609,535.137,101.75,21
4090,2081,005577,-874.685,-51.75,21
4092,2082,005723,-755.024,101.75,51
4092,2083,005666,-140.199,1.75,21
4093,2084,005713,644.6,98.3889,51
4095,2085,005739,-890.548,51.75,21
4098,2086,005621,-530.572,98.25,21
4099,2087,005747,-929.082,51.75,51
4099,2088,005596,-779.131,98.25,21
4100,2089,005722,600.802,48.25,21
4102,2090,005676,112.882,98.25,21
4107,2091,005618,-723.432,-1.75,21
4108,2092,005627,607.522,-48.25,21
4113,2093,005697,-149.28,1.75,51
4116,2094,005708,-220.203,1.75,51
4116,2095,005752,-705.111,1.75,51
4120,2096,005749,-591.253,101.75,21
4122,2097,005696,-49.5478,48.25,51
4122,2098,005623,934.905,1.75,21
4123,2099,005679,-223.318,-1.75,21
4123,2100,005668,328.858,51.75,21
4124,2101,005746,-532.973,-48.25,21
4126,2102,005672,299.643,1.75,21
4126,2103,005745,-441.255,51.75,21
4128,2104,005776,821.333,-1.75,21
4129,2105,005741,355.149,98.25,21
4129,2106,005699,-90.3133,-1.75,51
4131,2107,005751,445.801,98.25,21
4131,2108,005710,-29.5662,-51.75,51
4132,2109,005665,515.274,51.75,51
4133,2110,005689,-252.797,98.25,21
4133,2111,005743,-289.598,-48.25,21
4135,2112,005776,704.793,-1.61111,21
4135,2113,005734,186.645,-1.75,21
4141,2114,005700,272.491,-48.25,51
4142,2115,005783,-631.046,101.75,21
4146,2116,005717,-158.729,-1.61111,21
4150,2117,005707,314.448,51.75,21
4152,2118,005748,47.1067,-1.75,21
4154,2119,005793,565.825,-51.75,21
4154,2120,005707,390.017,51.6111,21
4155,2121,005809,-894.515,1.75,21
4157,2122,005743,108.735,-48.3889,21
4158,2123,005789,-540.82,1.75,51
4159,2124,005787,-494.7,1.75,21
4159,2125,005723,359.416,101.611,51
4160,2126,005669,-882.984,98.25,21
4160,2127,005721,-404.78,-51.75,21
4161,2128,005787,-456.292,1.61111,21
4167,2129,005823,-849.805,-48.25,21
4172,2130,005827,772.679,-1.75,21
4174,2131,005688,964.486,-48.25,51
4177,2132,005856,-962.878,-48.25,21
4180,2133,005808,481.637,48.25,21
4181,2134,005820,-598.188,-48.25,21
4185,2135,005775,-132.783,98.25,21
4185,2136,005807,-369.605,-48.25,21
4188,2137,005850,-749.526,1.75,51
4190,2138,005796,17.8461,-51.75,21
4192,2139,005871,905.902,48.25,21
4195,2140,005875,900.094,48.25,21
4201,2141,005747,745.452,51.6111,51
4202,2142,005806,-34.6638,-48.25,21
4206,2143,005824,-268.332,-48.25,21
4206,2144,005891,918.27,-1.75,21
4208,2145,005840,349.708,48.25,21
4209,2146,005780,-469.544,-1.75,51
4209,2147,005813,-41.9351,51.75,21
4209,2148,005756,-785.261,48.25,21
4214,2149,005864,475.759,98.25,21
4215,2150,005903,903.105,98.25,51
4220,2151,005829,30.17,48.25,21
4221,2152,005757,961.226,51.75,21
4221,2153,005918,-917.516,-48.25,21
4224,2154,005881,-475.819,101.75,21
4228,2155,005916,-815.648,101.75,21
4232,2156,005907,668.438,98.25,21
4232,2157,005846,15.6067,1.75,21
4232,2158,005934,898.362,-1.75,21
4233,2159,005847,-19.7724,48.25,51
4235,2160,005925,-748.157,-48.25,21
4235,2161,005872,-200.672,1.75,51
4237,2162,005920,670.8,-51.75,21
4237,2163,005948,961.62,-1.75,21
4238,2164,005878,-208.69,51.75,21
4239,2165,005948,923.295,-1.61111,21
4241,2166,005894,-325.278,-48.25,21
4241,2167,005860,-38.7253,-1.75,21
4242,2168,005876,159.912,98.25,21
4245,2169,005862,-51.6991,-1.75,51
4248,2170,005927,542.947,-1.75,51
4249,2171,005937,642.472,-51.75,21
4251,2172,005830,482.178,1.75,21
4253,2173,005865,-188.432,48.25,51
4255,2174,005844,445.865,101.75,21
4256,2175,005908,-274.703,1.75,21
4257,2176,005964,792.697,-1.75,21
4257,2177,005974,889.202,48.25,21
4259,2178,005909,-211.382,-48.25,21
4261,2179,005953,598.67,-1.75,21
4262,2180,005850,467.287,1.61111,51
4264,2181,005818,822.75,51.75,21
4268,2182,005973,719.292,-51.75,51
4270,2183,005882,-291.222,-51.75,51
4270,2184,005917,109.19,-1.75,21
4273,2185,005883,-297.556,98.25,51
4275,2186,005870,-451.837,-1.75,21
4275,2187,005962,469.506,98.25,21
4276,2188,005889,-220.231,-1.75,21
4280,2189,006003,-818.181,-48.25,21
4281,2190,005971,-473.784,101.75,51
4282,2191,005905,-159.816,-1.75,51
4282,2192,005895,330.979,51.75,21
4288,2193,005964,291.7,-1.61111,21
4288,2194,005943,73.822,-1.75,21
4290,2195,005981,-404.368,101.75,51
4290,2196,005877,-617.472,-1.75,51
4293,2197,005902,378.171,101.75,21
4293,2198,005914,299.782,1.75,21
4296,2199,005877,-719.613,-1.75,51
4300,2200,005864,-933.767,98.3889,21
4301,2201,005930,276.921,1.75,51
4301,2202,005984,287.855,48.25,21
4305,2203,005927,-410.862,-1.61111,51
4305,2204,005971,-71.5179,101.611,51
4306,2205,005904,-600.864,-51.75,21
4308,2206,005999,-322.439,-48.25,51
4309,2207,006046,935.351,98.25,21
4310,2208,005896,-697.847,-1.75,21
4313,2209,005926,519.312,1.75,21
4315,2210,005934,-472.859,-1.61111,21
4316,2211,006025,561.173,98.25,21
4316,2212,006002,216.229,-51.75,21
4319,2213,006011,-347.107,-48.25,51
4319,2214,006058,-925.365,51.75,51
4320,2215,006036,-608.156,51.75,21
4320,2216,005891,-903.119,-1.61111,21
4321,2217,006063,960.549,-51.75,51
4322,2218,006031,531.572,-1.75,21
4323,2219,005942,514.585,-48.25,51
4323,2220,005944,491.088,101.75,21
4332,2221,006010,128.302,-1.75,21
4334,2222,006015,-158.517,101.75,21
4335,2223,006008,48.1434,48.25,21
4338,2224,005977,436.865,-48.25,21
4341,2225,006083,822.736,98.25,21
4341,2226,006075,730.59,-1.75,21
4346,2227,006067,-585.947,1.75,21
4347,2228,005962,-718.255,98.3889,21
4353,2229,006009,-252.193,98.25,21
4353,2230,006097,-839.365,101.75,51
4355,2231,006092,735.587,-51.75,21
4357,2232,005956,-934.484,-1.75,51
4358,2233,006097,-763.277,101.611,51
4359,2234,006105,-821.264,-48.25,21
4359,2235,006037,-23.8306,98.25,21
4360,2236,006053,-170.362,-48.25,21
4361,2237,006044,39.7189,98.25,21
4363,2238,006010,-384.604,-1.61111,21
4363,2239,006042,-5.78171,-1.75,21
4363,2240,006079,-472.162,1.75,21
4365,2241,006056,-173.326,101.75,21
4373,2242,006026,411.991,51.75,21
4382,2243,006037,-397.151,98.3889,21
4385,2244,006005,-880.869,-51.75,21
4387,2245,006136,738.902,98.25,21
4387,2246,006106,335.844,98.25,51
4388,2247,006117,-471.475,51.75,51
4392,2248,006085,32.7151,-51.75,21
4394,2249,006116,377.164,-1.75,21
4397,2250,006168,-868.713,1.75,21
4400,2251,006168,-826.96,1.61111,21
4401,2252,006039,-652.624,48.25,21
4407,2253,006128,292.175,98.25,21
4409,2254,006103,56.0071,-48.25,51
4410,2255,006143,-431.341,51.75,21
4411,2256,006112,-34.3218,51.75,21
4413,2257,006109,-31.5108,98.25,51
4415,2258,006054,707.779,101.75,51
4416,2259,006097,198.765,101.472,51
4418,2260,006205,989.141,-1.75,21
4418,2261,006119,23.7694,-1.75,21
4419,2262,006120,-27.0579,51.75,21
4420,2263,006108,-107.877,48.25,21
4421,2264,006074,560.512,1.75,21
4421,2265,006039,-972.486,48.3889,21
4423,2266,006096,318.568,1.75,21
4428,2267,006078,640.935,1.75,51
4429,2268,006078,660.778,1.61111,51
4431,2269,006181,-541.153,51.75,21
4433,2270,006135,50.3122,-48.25,51
4434,2271,006170,-273.333,-48.25,21
4437,2272,006166,199.158,98.25,21
4439,2273,006189,-410.606,1.75,21
4441,2274,006171,-171.674,101.75,21
4443,2275,006179,-291.196,51.75,21
4444,2276,006219,-726.425,51.75,21
4446,2277,006185,255.886,48.25,51
4448,2278,006076,983.176,101.75,21
4448,2279,006199,-442.888,-48.25,21
4450,2280,006168,-13.7658,1.47222,21
4452,2281,006191,254.107,-51.75,21
4454,2282,006138,335.604,-48.25,21
4456,2283,006140,368.971,101.75,21
4456,2284,006145,-302.082,98.25,21
4457,2285,006249,934.923,48.25,21
4457,2286,006125,543.6,1.75,51
4457,2287,006214,450.586,48.25,51
4463,2288,006155,283.839,1.75,21
4464,2289,006121,-689.269,-1.75,21
4465,2290,006203,-231.07,101.75,21
4466,2291,006180,-85.7598,-51.75,21
4466,2292,006195,-98.1687,51.75,51
4471,2293,006217,-243.69,101.75,21
4471,2294,006205,96.1739,-1.61111,21
4472,2295,006169,366.851,51.75,21
4472,2296,006191,-73.4801,-51.6111,21
4479,2297,006233,325.202,-51.75,21
4480,2298,006170,489.838,-48.3889,21
4480,2299,006274,931.15,-1.75,21
4483,2300,006234,325.515,-1.75,21
4488,2301,006256,558.062,-51.75,21
4492,2302,006267,660.199,98.25,21
4492,2303,006289,-904.377,-48.25,51
4496,2304,006221,125.056,101.75,21
4497,2305,006299,968.787,-51.75,51
4498,2306,006240,-92.1185,-48.25,21
4499,2307,006222,-177.48,98.25,21
4499,2308,006249,241.336,48.3889,21
4502,2309,006222,-225.812,98.3889,21
4506,2310,006276,-554.108,-48.25,21
4508,2311,006261,329.712,98.25,21
4516,2312,006229,-334.313,-51.75,51
4518,2313,006232,-287.463,-1.75,21
4520,2314,006223,473.928,-48.25,51
4523,2315,006266,-105.476,101.75,51
4525,2316,006314,-677.62,101.75,21
4525,2317,006262,-6.4187,-48.25,21
4526,2318,006195,891.127,51.6111,51
4528,2319,006248,265.812,-48.25,51
4533,2320,006320,571.999,-51.75,51
4535,2321,006353,929.296,48.25,21
4536,2322,006300,340.599,48.25,51
4539,2323,006303,-324.65,101.75,21
4539,2324,006320,467.992,-51.6111,51
4540,2325,006349,-770.566,1.75,21
4541,2326,006246,513.177,51.75,21
4544,2327,006242,642.164,1.75,21
4547,2328,006276,126.192,-48.3889,21
4547,2329,006346,-600.114,1.75,21
4548,2330,006236,776.186,51.75,51
4549,2331,006377,972.085,98.25,21
4551,2332,006349,-585.363,1.61111,21
4561,2333,006242,930.197,1.61111,21
4563,2334,006361,-530.996,101.75,21
4563,2335,006320,75.6603,-51.4722,51
4566,2336,006277,-449.048,-1.75,21
4571,2337,006319,48.382,-48.25,21
4572,2338,006295,329.951,1.75,21
4574,2339,006263,-795.87,-1.75,21
4576,2340,006296,344.835,-48.25,21
4578,2341,006329,57.7098,51.75,21
4581,2342,006280,647.456,-48.25,21
4584,2343,006402,714.27,48.25,51
4590,2344,006371,-221.162,51.75,21
4591,2345,006371,-199.711,51.6111,21
4599,2346,006375,-130.604,-48.25,21
4599,2347,006352,109.912,101.75,21
4600,2348,006385,-181.998,51.75,21
4602,2349,006382,121.045,-1.75,21
4609,2350,006419,-446.739,51.75,51
4615,2351,006394,104.884,98.25,21
4618,2352,006391,2.75902,-1.75,21
4624,2353,006452,-679.73,1.75,21
4626,2354,006445,555.359,98.25,21
4630,2355,006358,-592.723,48.25,21
4631,2356,006343,-787.295,48.25,21
4634,2357,006404,128.319,101.75,51
4637,2358,006466,-592.952,1.75,21
4637,2359,006453,454.463,98.25,51
4645,2360,006391,-441.761,-1.61111,21
4647,2361,006419,185.833,51.6111,51
4648,2362,006410,281.997,-48.25,21
4653,2363,006455,220.467,-1.75,21
4656,2364,006515,-880.751,51.75,51
4658,2365,006493,-722.115,-48.25,21
4659,2366,006430,194.852,1.75,21
4659,2367,006457,122.697,48.25,21
4659,2368,006471,332.353,48.25,51
4659,2369,006477,436.755,-51.75,21
4659,2370,006461,-177.925,1.75,21
4663,2371,006405,580.489,-48.25,21
4666,2372,006464,-60.139,51.75,21
4668,2373,006482,-406.604,-48.25,21
4668,2374,006519,720.627,-51.75,51
4669,2375,006472,-172.479,51.75,21
4670,2376,006522,720.563,98.25,21
4670,2377,006422,-506.019,-1.75,51
4671,2378,006442,237.663,51.75,51
4672,2379,006549,-942.315,-48.25,21
4673,2380,006539,829.643,48.25,51
4674,2381,006420,608.623,-48.25,21
4674,2382,006427,464.902,-48.25,21
4676,2383,006538,-753.054,-48.25,21
4677,2384,006458,167.865,101.75,51
4680,2385,006455,-231.314,-1.61111,21
4680,2386,006428,-543.728,-51.75,21
4688,2387,006471,-155.182,48.3889,51
4689,2388,006565,-806.836,101.75,21
4690,2389,006480,2.5306,101.75,21
4691,2390,006530,-450.219,1.75,51
4691,2391,006501,203.213,-51.75,21
4693,2392,006539,495.464,48.3889,51
4693,2393,006413,-951.642,-51.75,21
4694,2394,006447,567.116,-48.25,21
4695,2395,006473,243.786,-48.25,21
4696,2396,006447,598.568,-48.3889,21
4699,2397,006463,-496.376,48.25,21
4703,2398,006434,846.062,-48.25,21
4703,2399,006450,685.059,51.75,21
4704,2400,006488,132.868,-48.25,21
4708,2401,006471,-479.764,48.5278,51
4708,2402,006530,-168.465,1.61111,51
4710,2403,006555,362.504,48.25,21
4711,2404,006567,-489.846,101.75,21
4711,2405,006532,118.425,-51.75,21
4719,2406,006507,227.453,1.75,21
4722,2407,006567,-305.865,101.611,21
4723,2408,006505,263.532,-48.25,21
4726,2409,006483,579.399,51.75,21
4727,2410,006611,-737.657,101.75,21
4731,2411,006639,-947.778,101.75,21
4732,2412,006479,700.585,1.75,21
4733,2413,006577,-228.168,-48.25,21
4737,2414,006518,-429.258,48.25,21
4739,2415,006552,79.9586,101.75,21
4742,2416,006579,16.3706,98.25,51
4743,2417,006572,-7.01684,101.75,21
4744,2418,006567,51.0437,101.472,21
4746,2419,006533,-434.539,-1.75,21
4748,2420,006510,596.034,-48.25,21
4751,2421,006609,309.422,-51.75,21
4753,2422,006637,-565.961,1.75,21
4754,2423,006499,842.045,51.75,21
4757,2424,006577,165.395,-48.3889,21
4759,2425,006631,-445.811,51.75,21
4762,2426,006567,350.209,101.333,21
4763,2427,006539,-658.105,48.5278,51
4765,2428,006522,-850.471,98.3889,21
4765,2429,006514,937.355,1.75,21
4766,2430,006523,871.309,101.75,21
4767,2431,006582,352.289,51.75,21
4767,2432,006584,247.014,-48.25,21
4767,2433,006515,962.952,51.6111,51
4770,2434,006615,36.9446,-1.75,21
4773,2435,006630,172.094,-51.75,21
4774,2436,006649,396.213,98.25,21
4775,2437,006598,-303.051,-51.75,21
4775,2438,006556,-718.13,-1.75,21
4777,2439,006632,-117.48,1.75,21
4777,2440,006626,50.8485,-1.75,21
4777,2441,006537,881.348,1.75,51
4777,2442,006686,-827.067,1.75,21
4777,2443,006582,528.45,51.6111,21
4780,2444,006644,-266.396,1.75,21
4784,2445,006592,492.113,51.75,21
4786,2446,006644,-168.735,1.61111,21
4787,2447,006667,-472.343,1.75,21
4788,2448,006691,-700.715,101.75,51
4788,2449,006647,151.501,-1.75,21
4789,2450,006624,175.734,101.75,51
4789,2451,006703,863.478,48.25,21
4794,2452,006593,667.391,101.75,21
4796,2453,006566,978.501,1.75,21
4798,2454,006726,-907.328,-48.25,21
4801,2455,006598,-744.542,-51.6111,21
4801,2456,006675,367.338,-51.75,21
4803,2457,006741,-940.165,-48.25,21
4804,2458,006665,159.337,-51.75,21
4805,2459,006605,636.846,1.75,21
4805,2460,006732,-858.094,1.75,21
4808,2461,006692,-428.056,51.75,21
4811,2462,006644,242.341,1.47222,21
4815,2463,006741,-749.229,-48.3889,21
4817,2464,006707,414.62,-51.75,21
4817,2465,006701,367.835,98.25,21
4819,2466,006628,601.41,-48.25,21
4822,2467,006676,18.8978,-1.75,21
4826,2468,006603,975.537,51.75,21
4829,2469,006689,-10.5175,1.75,21
4829,2470,006751,587.882,-1.75,21
4830,2471,006719,-328.942,51.75,51
4830,2472,006631,725.63,51.6111,21
4830,2473,006650,514.437,-48.25,21
4833,2474,006677,187.691,-48.25,21
4836,2475,006768,-665.438,51.75,21
4843,2476,006692,148.09,51.6111,21
4844,2477,006757,-424.742,1.75,21
4844,2478,006719,-91.1703,51.6111,51
4845,2479,006686,304.398,1.61111,21
4848,2480,006641,922.347,101.75,21
4848,2481,006685,-340.822,98.25,51
4853,2482,006650,887.416,-48.3889,21
4853,2483,006797,-837.77,-48.25,21
4854,2484,006665,-664.138,-51.6111,21
4855,2485,006766,326.881,48.25,51
4855,2486,006660,-773.28,98.25,21
4855,2487,006787,610.915,-51.75,21
4855,2488,006732,-25.2838,1.61111,21
4860,2489,006670,682.681,101.75,21
4861,2490,006790,-537.489,51.75,51
4867,2491,006730,188.311,-48.25,21
4867,2492,006678,-765.96,98.25,51
4869,2493,006726,263.876,-48.3889,21
4869,2494,006713,400.319,1.75,21
4870,2495,006743,-126.533,98.25,51
4871,2496,006765,64.0167,98.25,51
4873,2497,006708,524.46,101.75,21
4875,2498,006796,433.34,98.25,21
4876,2499,006824,737.127,48.25,21
4876,2500,006767,19.442,98.25,51
4881,2501,006817,589.658,98.25,21
4883,2502,006823,-607.606,101.75,21
4893,2503,006727,623.622,51.75,21
4895,2504,006748,527.7,1.75,51
4899,2505,006817,283.509,98.3889,21
4901,2506,006797,-49.6822,-48.3889,21
4902,2507,006888,-968.285,101.75,51
4906,2508,006899,981.521,-51.75,21
4909,2509,006767,-512.746,98.3889,51
4916,2510,006779,-491.738,98.25,51
4918,2511,006767,-671.608,98.5278,51
4920,2512,006831,-139.907,1.75,51
4921,2513,006769,-705.835,48.25,21
4925,2514,006838,97.1171,-51.75,51
4925,2515,006820,-130.767,-1.75,21
4933,2516,006858,203.186,98.25,21
4935,2517,006854,127.073,-51.75,21
4936,2518,006898,-492.956,1.75,21
4940,2519,006897,429.202,-51.75,21
4941,2520,006872,189.005,-1.75,21
4944,2521,006817,-452.662,98.5278,21
4944,2522,006853,-47.4635,-1.75,21
4944,2523,006898,-363.934,1.61111,21
4947,2524,006880,-156.673,51.75,21
4950,2525,006792,-893.207,-1.75,21
4951,2526,006921,-502.115,-48.25,51
4955,2527,006872,-35.3586,-1.61111,21
4956,2528,006831,454.421,1.61111,51
4956,2529,006814,-704.548,98.25,51
4957,2530,006838,-426.207,-51.6111,51
4957,2531,006925,427.562,-1.75,21
4963,2532,006817,-772.636,98.6667,21
4963,2533,006860,280.592,1.75,21
4964,2534,006838,-547.872,-51.4722,51
4967,2535,006864,-290,48.25,21
4971,2536,006846,536.646,101.75,21
4977,2537,006858,-535.03,98.3889,21
4978,2538,006932,-202.2,1.75,21
4983,2539,006913,63.3182,51.75,21
4983,2540,006892,315.845,101.75,21
4983,2541,006965,-570.294,51.75,21
4984,2542,006973,703.941,48.25,51
4985,2543,006851,-768.195,48.25,21
4986,2544,006972,-658.353,101.75,21
4988,2545,006884,477.437,51.75,21
4989,2546,006895,-405.451,48.25,51
4992,2547,006942,-134.802,101.75,21
4992,2548,006851,-884.408,48.3889,21
4993,2549,006948,-246.897,51.75,51
4996,2550,006967,387.597,98.25,21
4996,2551,006930,137.19,51.75,21
4996,2552,006880,655.655,51.6111,21
4997,2553,006865,-755.454,-51.75,21
4997,2554,006931,-128.662,98.25,21
4999,2555,007001,-885.649,-48.25,51
5001,2556,006962,229.166,98.25,21
5004,2557,007018,968.335,98.25,21
5005,2558,006972,-347.618,101.611,21
5009,2559,006894,755.001,-48.25,21
5009,2560,006910,-585.048,-1.75,21
5011,2561,006949,-53.787,-1.75,21
5013,2562,006915,578.997,101.75,21
5013,2563,007038,989.05,48.25,51
5015,2564,007004,-695.484,51.75,21
