172,1,000117,63.3566,-1.75,21
1202,2,000840,47.0843,-1.75,51
2451,3,001721,1.75,46.6479,21
3632,4,002625,-5.25,-92.2653,21
3731,5,002685,52.2648,-5.25,21
4360,6,003118,-36.6653,1.75,21
4794,7,003451,34.1251,-1.75,51
5069,8,003614,23.4594,-1.75,21
6592,9,004741,-1.75,-67.6266,21
6653,10,004781,-56.0648,5.25,21
6957,11,005022,-69.5944,5.25,51
7431,12,005343,49.7082,-1.75,21
7503,13,005382,1.75,52.796,51
7660,14,005507,-1.75,-58.7409,51
8055,15,005795,1.75,36.7836,21
9751,16,007021,63.1807,-1.75,21
11792,17,008494,5.25,73.0377,21
12255,18,008804,37.3924,-1.75,21
13306,19,009598,31.1807,-1.75,21
14608,20,010479,30.2552,-1.75,21
15907,21,011415,1.75,23.1122,21
19209,22,013818,47.4165,-1.75,21
19480,23,014009,43.9762,-1.75,21
20566,24,014771,-93.3398,5.25,21
20658,25,014833,1.75,78.7002,21
22007,26,015837,-1.75,-49.2684,51
22540,27,016167,-15.6297,1.75,51
22540,28,016167,-15.6297,1.75,51
22540,29,016167,-15.5997,1.75,51
22540,30,016167,-15.5997,1.75,51
22540,31,016167,-15.5397,1.75,51
22540,32,016167,-15.5397,1.75,51
22540,33,016167,-15.4497,1.75,51
22540,34,016167,-15.4497,1.75,51
22540,35,016167,-15.3297,1.75,51
22540,36,016167,-15.3297,1.75,51
22540,37,016167,-15.1797,1.75,51
22540,38,016167,-15.1797,1.75,51
22540,39,016167,-14.9997,1.75,51
22540,40,016167,-14.9997,1.75,51
22540,41,016167,-14.7897,1.75,51
22540,42,016167,-14.7897,1.75,51
22540,43,016167,-14.5497,1.75,51
22540,44,016167,-14.5497,1.75,51
22540,45,016167,-14.2797,1.75,51
22540,46,016167,-14.2797,1.75,51
22541,47,016167,-13.9797,1.75,51
22541,48,016167,-13.9797,1.75,51
22541,49,016167,-13.6497,1.75,51
22541,50,016167,-13.6497,1.75,51
22541,51,016167,-13.2897,1.75,51
22541,52,016167,-13.2897,1.75,51
22541,53,016167,-12.8997,1.75,51
22541,54,016167,-12.8997,1.75,51
22541,55,016167,-12.4797,1.75,51
22541,56,016167,-12.4797,1.75,51
22544,57,016167,-10.2297,1.75,51
22544,58,016167,-10.1997,1.75,51
22544,59,016167,-10.1397,1.75,51
22544,60,016167,-10.0497,1.75,51
23391,61,016827,58.2018,-1.75,21
23416,62,016854,1.75,37.424,21
24063,63,017286,-46.7695,5.25,21
25527,64,018270,1.75,54.7786,21
26331,65,018882,-1.75,-74.9158,21
26494,66,019019,1.75,71.7824,21
27538,67,019770,71.5169,-1.75,51
28240,68,020204,-1.75,-33.7485,51
29911,69,021453,-1.75,-63.1585,21
29992,70,021531,5.25,95.2483,21
31395,71,022503,5.25,28.2641,21
32353,72,023187,58.2818,-1.75,21
33011,73,023686,-92.6628,1.75,21
35756,74,025692,-5.25,-90.0398,21
36843,75,026475,-45.8373,1.75,21
37560,76,027018,5.25,95.684,21
38438,77,027652,79.3026,-5.25,21
40342,78,028996,1.75,69.6577,21
40844,79,029318,1.75,62.7344,21
40926,80,029379,-1.75,-41.1514,51
41665,81,029894,1.75,34.1066,21
41759,82,029938,-21.2572,1.75,21
41759,83,029938,-20.8659,1.75,21
41759,84,029938,-20.4447,1.75,21
41759,85,029938,-19.9934,1.75,21
41759,86,029938,-19.5121,1.75,21
41759,87,029938,-19.0009,1.75,21
41760,88,029938,-18.4596,1.75,21
41760,89,029938,-17.8884,1.75,21
41760,90,029938,-17.2871,1.75,21
41760,91,029938,-16.6558,1.75,21
41760,92,029938,-15.995,1.75,21
41760,93,029938,-15.3078,1.75,21
41760,94,029938,-14.5981,1.75,21
41760,95,029938,-13.8695,1.75,21
41760,96,029938,-13.1264,1.75,21
41760,97,029938,-12.3731,1.75,21
41761,98,029938,-11.6145,1.75,21
41761,99,029938,-10.8558,1.75,21
41761,100,029938,-10.1022,1.75,21
43726,101,031388,68.6492,-1.75,21
44506,102,031963,1.75,25.6842,51
44776,103,032121,-29.2995,1.75,21
45342,104,032521,73.1094,-1.75,21
45886,105,032947,1.75,40.0385,21
45887,106,032947,1.75,38.7529,21
45887,107,032947,1.75,37.4696,21
45887,108,032947,1.75,36.1887,21
45887,109,032947,1.75,34.9103,21
45887,110,032947,1.75,33.6343,21
45887,111,032947,1.75,32.3611,21
45887,112,032947,1.75,31.0907,21
45887,113,032947,1.75,29.8234,21
45887,114,032947,1.75,28.5595,21
45887,115,032947,1.75,27.2994,21
45888,116,032947,1.75,26.0437,21
45888,117,032947,1.75,24.7928,21
45888,118,032947,1.75,23.5475,21
45888,119,032947,1.75,22.3089,21
45888,120,032947,1.75,21.0779,21
45888,121,032947,1.75,19.856,21
45888,122,032947,1.75,18.6447,21
45888,123,032947,1.75,17.4461,21
45888,124,032947,1.75,16.2624,21
45888,125,032947,1.75,15.0961,21
45889,126,032947,1.75,13.9502,21
45889,127,032947,1.75,12.828,21
46177,128,033147,-85.2942,1.75,21
46520,129,033388,1.75,95.62,21
48122,130,034530,-48.6735,1.75,21
48709,131,034905,35.2852,-1.75,21
49748,132,035639,-5.25,-72.7996,21
50953,133,036482,-62.3077,5.25,21
51198,134,036659,-1.75,-64.9853,21
52797,135,037757,27.2544,-1.75,51
52971,136,037913,-5.25,-88.2286,21
53489,137,038244,24.7953,-1.75,21
53786,138,038485,-1.75,-25.2273,21
53925,139,038579,-5.25,-30.9896,21
54416,140,038914,1.75,57.3192,51
54952,141,039328,-89.0338,5.25,21
55748,142,039874,-21.552,1.75,21
55748,143,039874,-21.552,1.75,21
55748,144,039874,-21.1352,1.75,21
55748,145,039874,-21.1352,1.75,21
55748,146,039874,-20.6883,1.75,21
55748,147,039874,-20.6883,1.75,21
55751,148,039874,-15.2518,1.75,21
55753,149,039874,-14.0487,1.75,21
55753,150,039874,-14.0487,1.75,21
55753,151,039874,-13.9915,1.75,21
55753,152,039874,-13.9915,1.75,21
55755,153,039874,-13.5577,1.75,21
55755,154,039874,-13.4977,1.75,21
55756,155,039874,-13.4077,1.75,21
55756,156,039874,-13.2877,1.75,21
55756,157,039874,-13.1377,1.75,21
55756,158,039874,-12.9577,1.75,21
55756,159,039874,-12.7477,1.75,21
55756,160,039874,-12.5077,1.75,21
55756,161,039874,-12.2377,1.75,21
55756,162,039874,-11.9377,1.75,21
55756,163,039874,-11.6077,1.75,21
55756,164,039874,-11.2477,1.75,21
55757,165,039874,-10.8577,1.75,21
55757,166,039874,-10.4415,1.75,21
55757,167,039874,-10.0032,1.75,21
56430,168,040361,-16.2821,1.75,21
56430,169,040361,-15.8958,1.75,21
56431,170,040361,-15.4881,1.75,21
56431,171,040361,-15.0591,1.75,21
56431,172,040361,-14.6088,1.75,21
56431,173,040361,-14.1374,1.75,21
56431,174,040361,-13.645,1.75,21
56431,175,040361,-13.1317,1.75,21
56431,176,040361,-12.5978,1.75,21
56431,177,040361,-12.0436,1.75,21
56431,178,040361,-11.47,1.75,21
56431,179,040361,-10.8814,1.75,21
56432,180,040361,-10.2825,1.75,21
59239,181,042337,34.2232,-1.75,51
59481,182,042541,92.0105,-5.25,51
59535,183,042559,-25.5942,1.75,21
60031,184,042942,52.4679,-1.75,21
60305,185,043118,69.382,-1.75,21
61211,186,043756,57.7499,-1.75,21
61933,187,044260,-1.75,-58.2422,21
62182,188,044461,1.75,75.504,21
63954,189,045778,5.25,71.621,21
65908,190,047241,73.285,-1.75,21
67086,191,048086,-50.4643,1.75,51
67735,192,048572,-1.75,-92.1008,51
67736,193,048572,-1.75,-90.4646,51
67736,194,048572,-1.75,-88.8563,51
67736,195,048572,-1.75,-87.2736,51
67736,196,048572,-1.75,-85.7144,51
67736,197,048572,-1.75,-84.1768,51
67776,198,048561,25.1924,-1.75,21
68595,199,049143,-63.7676,1.75,51
68684,200,049174,-1.75,-21.4269,51
71136,201,050960,45.112,-1.75,51
73109,202,052399,-46.568,1.75,21
73540,203,052697,31.2259,-1.75,21
73616,204,052783,67.9168,-1.75,21
74002,205,053023,1.75,24.5335,21
74002,206,053023,1.75,23.8036,21
74002,207,053023,1.75,23.0438,21
74002,208,053023,1.75,22.254,21
74002,209,053023,1.75,21.4342,21
74002,210,053023,1.75,20.5867,21
74003,211,053023,1.75,19.7141,21
74003,212,053023,1.75,18.8192,21
74003,213,053023,1.75,17.905,21
74003,214,053023,1.75,16.9747,21
74003,215,053023,1.75,16.0322,21
74003,216,053023,1.75,15.0814,21
74003,217,053023,1.75,14.1271,21
74003,218,053023,1.75,13.1741,21
74003,219,053023,1.75,12.2281,21
74003,220,053023,1.75,11.2951,21
74004,221,053023,1.75,10.3813,21
75545,222,054145,5.25,24.1393,21
75723,223,054267,-63.5062,5.25,21
76749,224,054974,62.7457,-1.75,51
77962,225,055889,-34.3695,1.75,21
78020,226,055927,-30.071,1.75,21
78187,227,056078,-5.25,-86.6414,21
78625,228,056371,-1.75,-57.807,21
78971,229,056603,33.8068,-1.75,21
78980,230,056611,22.6719,-1.75,21
79450,231,056966,23.3392,-1.75,51
80507,232,057706,-81.4614,5.25,21
81793,233,058606,50.7311,-1.75,21
82660,234,059307,-58.7413,5.25,21
84501,235,060611,5.25,70.6191,21
84580,236,060684,-89.3172,1.75,21
84782,237,060829,94.1324,-1.75,21
86190,238,061823,76.0484,-1.75,21
87312,239,062639,-1.75,-19.9602,51
87312,240,062639,-1.75,-19.8233,51
87313,241,062639,-1.75,-19.6684,51
87313,242,062639,-1.75,-19.4946,51
87313,243,062639,-1.75,-19.3011,51
87313,244,062639,-1.75,-19.0871,51
87313,245,062639,-1.75,-18.8521,51
87313,246,062639,-1.75,-18.5957,51
87313,247,062639,-1.75,-18.3173,51
87313,248,062639,-1.75,-18.0167,51
87313,249,062639,-1.75,-17.6936,51
87313,250,062639,-1.75,-17.348,51
87314,251,062639,-1.75,-16.9797,51
87314,252,062639,-1.75,-16.5886,51
87314,253,062639,-1.75,-16.175,51
87314,254,062639,-1.75,-15.7388,51
87314,255,062639,-1.75,-15.2802,51
87314,256,062639,-1.75,-14.7995,51
87314,257,062639,-1.75,-14.2968,51
87314,258,062639,-1.75,-14.2968,51
87314,259,062639,-1.75,-13.7725,51
87314,260,062639,-1.75,-13.7725,51
87314,261,062639,-1.75,-13.2268,51
87314,262,062639,-1.75,-13.2268,51
87314,263,062639,-1.75,-12.6602,51
87314,264,062639,-1.75,-12.6602,51
87315,265,062639,-1.75,-12.073,51
87315,266,062639,-1.75,-12.073,51
87315,267,062639,-1.75,-11.4655,51
87315,268,062639,-1.75,-11.4655,51
87315,269,062639,-1.75,-10.8382,51
87315,270,062639,-1.75,-10.8382,51
87315,271,062639,-1.75,-10.1914,51
87315,272,062639,-1.75,-10.1914,51
88097,273,063230,-66.7883,5.25,21
88141,274,063248,-1.75,-78.9917,21
88692,275,063636,47.3777,-1.75,21
89540,276,064213,-1.75,-39.8169,21
89642,277,064331,-1.75,-87.7051,21
90064,278,064649,-1.75,-70.9155,21
91009,279,065268,71.4877,-1.75,21
91103,280,065315,-1.75,-25.4592,21
91103,281,065315,-1.75,-24.9694,21
91103,282,065315,-1.75,-24.4497,21
91103,283,065315,-1.75,-23.8999,21
91103,284,065315,-1.75,-23.3201,21
91104,285,065315,-1.75,-22.7104,21
91104,286,065315,-1.75,-22.0706,21
91104,287,065315,-1.75,-21.4008,21
91104,288,065315,-1.75,-20.7011,21
91104,289,065315,-1.75,-19.9713,21
91104,290,065315,-1.75,-19.2116,21
91104,291,065315,-1.75,-18.4243,21
91104,292,065315,-1.75,-17.6124,21
91104,293,065315,-1.75,-16.7792,21
91104,294,065315,-1.75,-15.9282,21
91105,295,065315,-1.75,-15.0631,21
91105,296,065315,-1.75,-14.1882,21
91105,297,065315,-1.75,-13.3082,21
91105,298,065315,-1.75,-12.428,21
91105,299,065315,-1.75,-11.5532,21
91105,300,065315,-1.75,-10.6896,21
92048,301,066017,-5.25,-87.1862,21
92621,302,066391,1.75,43.5805,21
92845,303,066541,-16.4874,1.75,21
92846,304,066541,-15.9143,1.75,21
92846,305,066541,-15.3206,1.75,21
92846,306,066541,-14.7064,1.75,21
92846,307,066541,-14.0724,1.75,21
92846,308,066541,-13.4188,1.75,21
92846,309,066541,-12.7472,1.75,21
92846,310,066541,-12.0618,1.75,21
92846,311,066541,-11.3672,1.75,21
92846,312,066541,-10.6684,1.75,21
93566,313,067118,76.999,-1.75,21
94960,314,068095,-30.8,1.75,21
95869,315,068740,1.75,27.0059,21
95869,316,068740,1.75,26.183,21
95869,317,068740,1.75,25.3503,21
95869,318,068740,1.75,24.5081,21
95869,319,068740,1.75,23.6569,21
95869,320,068740,1.75,22.7969,21
95869,321,068740,1.75,21.9285,21
95869,322,068740,1.75,21.052,21
95870,323,068740,1.75,20.1676,21
95870,324,068740,1.75,19.2757,21
95870,325,068740,1.75,18.3765,21
95870,326,068740,1.75,17.4703,21
95870,327,068740,1.75,16.5572,21
95870,328,068740,1.75,15.6376,21
95870,329,068740,1.75,14.7115,21
95870,330,068740,1.75,13.7817,21
95870,331,068740,1.75,12.8531,21
95870,332,068740,1.75,11.9315,21
95871,333,068740,1.75,11.0227,21
95871,334,068740,1.75,10.1331,21
95905,335,068799,-1.75,-75.7682,21
96795,336,069463,5.25,92.1752,21
97073,337,069630,22.9617,-1.75,51
97291,338,069824,-43.0416,1.75,21
98201,339,070491,1.75,94.72,21
98229,340,070506,-5.25,-55.4829,51
98243,341,070516,-79.2442,5.25,21
99078,342,071110,1.75,25.1423,51
99408,343,071362,-5.25,-32.6805,21
99788,344,071645,5.25,71.2289,21
100050,345,071831,-95.5,5.25,21
100783,346,072325,-52.0415,1.75,21
102009,347,073164,1.75,69.0573,21
103249,348,074080,5.25,71.6781,21
103461,349,074219,-46.6559,1.75,21
104184,350,074723,-1.75,-26.1518,21
