8,1,000007,1.75,94.1333,21
8,2,000007,1.75,92.4667,21
8,3,000007,1.75,90.8,21
8,4,000007,1.75,89.1333,21
8,5,000007,1.75,87.4667,21
8,6,000007,1.75,85.8,21
9,7,000007,1.75,84.1333,21
9,8,000007,1.75,82.4667,21
9,9,000007,1.75,80.8,21
9,10,000007,1.75,79.1333,21
9,11,000007,1.75,77.4667,21
9,12,000007,1.75,75.8,21
9,13,000007,1.75,74.1333,21
9,14,000007,1.75,72.4667,21
9,15,000007,1.75,70.8,21
9,16,000007,1.75,69.1333,21
10,17,000007,1.75,67.4667,21
10,18,000007,1.75,65.8,21
10,19,000007,1.75,64.1333,21
10,20,000007,1.75,62.4667,21
10,21,000007,1.75,60.8,21
290,22,000195,-26.6417,1.75,51
291,23,000195,-26.055,1.75,51
291,24,000195,-25.4383,1.75,51
291,25,000195,-24.7916,1.75,51
293,26,000195,-18.3724,1.75,51
293,27,000195,-18.1907,1.75,51
293,28,000195,-17.9791,1.75,51
295,29,000195,-16.2249,1.75,51
295,30,000195,-16.1573,1.75,51
295,31,000195,-16.0598,1.75,51
295,32,000195,-15.9323,1.75,51
297,33,000195,-15.3916,1.75,51
297,34,000195,-15.3616,1.75,51
297,35,000195,-15.3016,1.75,51
299,36,000195,-15.0835,1.75,51
299,37,000195,-15.0835,1.75,51
299,38,000195,-15.0535,1.75,51
299,39,000195,-15.0535,1.75,51
299,40,000195,-14.9935,1.75,51
299,41,000195,-14.9935,1.75,51
299,42,000195,-14.9035,1.75,51
299,43,000195,-14.9035,1.75,51
299,44,000195,-14.7835,1.75,51
299,45,000195,-14.7835,1.75,51
597,46,000417,-23.1301,1.75,21
597,47,000417,-22.6369,1.75,21
597,48,000417,-22.1138,1.75,21
597,49,000417,-21.5606,1.75,21
597,50,000417,-20.9775,1.75,21
597,51,000417,-20.3643,1.75,21
598,52,000417,-19.7212,1.75,21
598,53,000417,-19.048,1.75,21
598,54,000417,-18.3449,1.75,21
598,55,000417,-17.6127,1.75,21
598,56,000417,-16.8545,1.75,21
598,57,000417,-16.0737,1.75,21
598,58,000417,-15.2739,1.75,21
598,59,000417,-14.4589,1.75,21
598,60,000417,-13.6331,1.75,21
598,61,000417,-12.801,1.75,21
599,62,000417,-11.9678,1.75,21
599,63,000417,-11.1387,1.75,21
599,64,000417,-10.3196,1.75,21
634,65,000441,1.75,18.3377,21
634,66,000441,1.75,17.8171,21
634,67,000441,1.75,17.2766,21
635,68,000441,1.75,16.7166,21
635,69,000441,1.75,16.1373,21
635,70,000441,1.75,15.539,21
635,71,000441,1.75,14.9222,21
635,72,000441,1.75,14.2871,21
635,73,000441,1.75,13.6342,21
635,74,000441,1.75,12.9637,21
635,75,000441,1.75,12.2784,21
635,76,000441,1.75,11.5828,21
635,77,000441,1.75,10.8816,21
636,78,000441,1.75,10.1801,21
705,79,000490,14.195,-1.75,21
706,80,000490,14.1296,-1.75,21
706,81,000490,14.0341,-1.75,21
707,82,000490,13.5294,-1.75,21
707,83,000490,13.4994,-1.75,21
707,84,000490,13.4394,-1.75,21
707,85,000490,13.3494,-1.75,21
708,86,000490,13.2294,-1.75,21
708,87,000490,13.0794,-1.75,21
854,88,000634,23.7491,-1.75,21
854,89,000634,23.1748,-1.75,21
854,90,000634,22.5705,-1.75,21
854,91,000634,21.9362,-1.75,21
854,92,000634,21.272,-1.75,21
854,93,000634,20.5777,-1.75,21
855,94,000634,19.8534,-1.75,21
855,95,000634,19.0992,-1.75,21
855,96,000634,18.3173,-1.75,21
855,97,000634,17.5107,-1.75,21
1172,98,000898,50.2115,-1.75,51
1172,99,000898,48.8958,-1.75,51
1307,100,000920,18.7588,-1.75,51
1307,101,000920,18.2191,-1.75,51
1307,102,000920,17.6642,-1.75,51
1307,103,000920,17.0945,-1.75,51
1307,104,000920,16.5104,-1.75,51
1307,105,000920,15.9124,-1.75,51
1307,106,000920,15.3008,-1.75,51
1307,107,000920,14.676,-1.75,51
1308,108,000920,14.0384,-1.75,51
1308,109,000920,13.3883,-1.75,51
1308,110,000920,12.7261,-1.75,51
1308,111,000920,12.0521,-1.75,51
1308,112,000920,11.3665,-1.75,51
1308,113,000920,10.6698,-1.75,51
1505,114,001082,-1.75,-22.7818,21
1505,115,001082,-1.75,-22.2693,21
1505,116,001082,-1.75,-21.7727,21
1505,117,001082,-1.75,-21.2864,21
1505,118,001082,-1.75,-20.8059,21
1506,119,001082,-1.75,-20.3275,21
1506,120,001082,-1.75,-19.8482,21
1506,121,001082,-1.75,-19.3656,21
1506,122,001082,-1.75,-18.8777,21
1506,123,001082,-1.75,-18.383,21
1506,124,001082,-1.75,-17.8811,21
1506,125,001082,-1.75,-17.3725,21
1506,126,001082,-1.75,-16.8575,21
1506,127,001082,-1.75,-16.3365,21
1506,128,001082,-1.75,-15.8096,21
1507,129,001082,-1.75,-15.2767,21
1507,130,001082,-1.75,-14.7379,21
1507,131,001082,-1.75,-14.1929,21
1507,132,001082,-1.75,-13.6416,21
1507,133,001082,-1.75,-13.0836,21
1507,134,001082,-1.75,-12.5189,21
1507,135,001082,-1.75,-11.9469,21
1507,136,001082,-1.75,-11.3674,21
1507,137,001082,-1.75,-10.78,21
1507,138,001082,-1.75,-10.1845,21
1711,139,001236,13.8766,-1.75,21
1711,140,001236,13.2812,-1.75,21
1711,141,001236,12.6685,-1.75,21
1711,142,001236,12.0386,-1.75,21
1711,143,001236,11.3953,-1.75,21
1711,144,001236,10.7431,-1.75,21
1712,145,001236,10.087,-1.75,21
1867,146,001299,15.6364,-1.75,21
1867,147,001299,15.5266,-1.75,21
1868,148,001299,15.3924,-1.75,21
1868,149,001299,15.2334,-1.75,21
1868,150,001299,15.0492,-1.75,21
1868,151,001299,14.8397,-1.75,21
1868,152,001299,14.6045,-1.75,21
1868,153,001299,14.3436,-1.75,21
1868,154,001299,14.057,-1.75,21
1868,155,001299,13.7447,-1.75,21
1868,156,001299,13.4069,-1.75,21
1868,157,001299,13.0438,-1.75,21
1869,158,001299,12.6555,-1.75,21
1869,159,001299,12.2424,-1.75,21
1869,160,001299,11.8047,-1.75,21
1869,161,001299,11.3429,-1.75,21
1869,162,001299,10.858,-1.75,21
1869,163,001299,10.3543,-1.75,21
2039,164,001470,1.75,14.3899,21
2039,165,001470,1.75,14.3137,21
2040,166,001470,1.75,13.7097,21
2040,167,001470,1.75,13.6706,21
2041,168,001470,1.75,13.6016,21
2041,169,001470,1.75,13.5025,21
2041,170,001470,1.75,13.3734,21
2110,171,001551,16.922,-1.75,21
2111,172,001551,16.3993,-1.75,21
2111,173,001551,15.8627,-1.75,21
2111,174,001551,15.3126,-1.75,21
2111,175,001551,14.7492,-1.75,21
2111,176,001551,14.1726,-1.75,21
2111,177,001551,13.5832,-1.75,21
2111,178,001551,12.9812,-1.75,21
2111,179,001551,12.3668,-1.75,21
2111,180,001551,11.7402,-1.75,21
2111,181,001551,11.1017,-1.75,21
2112,182,001551,10.4557,-1.75,21
2127,183,001528,-10.9731,1.75,21
2127,184,001528,-10.4299,1.75,21
2139,185,001589,59.0183,-1.75,21
2139,186,001589,57.6639,-1.75,21
2139,187,001589,56.3168,-1.75,21
2139,188,001589,54.9764,-1.75,21
2140,189,001589,53.6421,-1.75,21
2140,190,001589,52.3133,-1.75,21
2140,191,001589,50.9897,-1.75,21
2140,192,001589,49.6708,-1.75,21
2140,193,001589,48.3563,-1.75,21
2140,194,001589,47.0459,-1.75,21
2140,195,001589,45.7393,-1.75,21
2140,196,001589,44.4362,-1.75,21
2140,197,001589,43.1365,-1.75,21
2140,198,001589,41.84,-1.75,21
2141,199,001589,40.5466,-1.75,21
2141,200,001589,39.2561,-1.75,21
2141,201,001589,37.9685,-1.75,21
2141,202,001589,36.6837,-1.75,21
2141,203,001589,35.4017,-1.75,21
2141,204,001589,34.1227,-1.75,21
2141,205,001589,30.4442,-1.75,21
2142,206,001589,20.1372,-1.75,21
2143,207,001589,19.4202,-1.75,21
2143,208,001589,18.6732,-1.75,21
2143,209,001589,17.8989,-1.75,21
2143,210,001589,17.1005,-1.75,21
2143,211,001589,16.2811,-1.75,21
2397,212,001763,22.7362,-1.75,21
2397,213,001763,22.0323,-1.75,21
2397,214,001763,21.2984,-1.75,21
2397,215,001763,20.5345,-1.75,21
2397,216,001763,19.7413,-1.75,21
2398,217,001763,18.9215,-1.75,21
2398,218,001763,18.0779,-1.75,21
2398,219,001763,17.2138,-1.75,21
2398,220,001763,16.3324,-1.75,21
2398,221,001763,15.4377,-1.75,21
2398,222,001763,14.5337,-1.75,21
2398,223,001763,13.6251,-1.75,21
2398,224,001763,12.717,-1.75,21
2398,225,001763,11.8149,-1.75,21
2398,226,001763,10.9246,-1.75,21
2399,227,001763,10.0523,-1.75,21
2622,228,001918,1.75,25.8722,51
2622,229,001918,1.75,25.3786,51
2622,230,001918,1.75,24.8549,51
2622,231,001918,1.75,24.3012,51
2622,232,001918,1.75,23.7175,51
2622,233,001918,1.75,23.1038,51
2622,234,001918,1.75,22.4602,51
2622,235,001918,1.75,21.7865,51
2623,236,001918,1.75,21.0828,51
2623,237,001918,1.75,20.3491,51
2623,238,001918,1.75,19.5854,51
2623,239,001918,1.75,18.7918,51
2623,240,001918,1.75,17.9681,51
2623,241,001918,1.75,17.1144,51
2623,242,001918,1.75,16.2312,51
2623,243,001918,1.75,15.3205,51
2623,244,001918,1.75,14.3843,51
2623,245,001918,1.75,13.425,51
2624,246,001918,1.75,12.4449,51
2624,247,001918,1.75,11.4467,51
2624,248,001918,1.75,10.4335,51
2776,249,002026,-1.75,-20.6361,21
2776,250,002026,-1.75,-20.2963,21
2776,251,002026,-1.75,-19.9437,21
2777,252,002026,-1.75,-19.5783,21
2777,253,002026,-1.75,-19.2,21
2777,254,002026,-1.75,-18.8087,21
2777,255,002026,-1.75,-18.4043,21
2777,256,002026,-1.75,-17.9866,21
2777,257,002026,-1.75,-17.5553,21
2777,258,002026,-1.75,-17.1103,21
2777,259,002026,-1.75,-16.6513,21
2777,260,002026,-1.75,-16.1781,21
2777,261,002026,-1.75,-15.6906,21
2778,262,002026,-1.75,-15.1885,21
2778,263,002026,-1.75,-14.6718,21
2778,264,002026,-1.75,-14.1402,21
2778,265,002026,-1.75,-13.5937,21
2778,266,002026,-1.75,-13.0323,21
2778,267,002026,-1.75,-12.4558,21
2778,268,002026,-1.75,-11.8643,21
2778,269,002026,-1.75,-11.2578,21
2778,270,002026,-1.75,-10.6401,21
2778,271,002026,-1.75,-10.0161,21
2807,272,002061,-23.7187,1.75,21
2807,273,002061,-23.2994,1.75,21
2807,274,002061,-22.8501,1.75,21
2807,275,002061,-22.3707,1.75,21
2808,276,002061,-21.8614,1.75,21
2808,277,002061,-21.3221,1.75,21
2812,278,002061,-14.3568,1.75,21
2813,279,002061,-13.8315,1.75,21
2813,280,002061,-13.7856,1.75,21
2813,281,002061,-13.7097,1.75,21
2813,282,002061,-13.6038,1.75,21
2814,283,002061,-13.4678,1.75,21
2814,284,002061,-13.3019,1.75,21
2814,285,002061,-13.106,1.75,21
2814,286,002061,-12.8801,1.75,21
2815,287,002061,-12.0816,1.75,21
2816,288,002061,-12.0516,1.75,21
2816,289,002061,-11.9916,1.75,21
2816,290,002061,-11.9016,1.75,21
2816,291,002061,-11.7816,1.75,21
2816,292,002061,-11.6316,1.75,21
2817,293,002061,-11.2116,1.75,21
2817,294,002061,-11.1816,1.75,21
2818,295,002061,-11.1216,1.75,21
2818,296,002061,-11.0316,1.75,21
2818,297,002061,-10.9116,1.75,21
2818,298,002061,-10.7616,1.75,21
2819,299,002061,-10.3416,1.75,21
2819,300,002061,-10.3116,1.75,21
2819,301,002061,-10.2516,1.75,21
2820,302,002061,-10.1616,1.75,21
2820,303,002061,-10.0416,1.75,21
3089,304,002266,-12.3325,1.75,21
3089,305,002266,-11.9497,1.75,21
3089,306,002266,-11.5369,1.75,21
3089,307,002266,-11.0966,1.75,21
3089,308,002266,-10.6328,1.75,21
3089,309,002266,-10.1497,1.75,21
3097,310,002269,16.2847,-1.75,21
3097,311,002269,15.9215,-1.75,21
3097,312,002269,15.5358,-1.75,21
3097,313,002269,15.1275,-1.75,21
3097,314,002269,14.6968,-1.75,21
3097,315,002269,14.2438,-1.75,21
3097,316,002269,13.7687,-1.75,21
3097,317,002269,13.2718,-1.75,21
3097,318,002269,12.7533,-1.75,21
3098,319,002269,12.2136,-1.75,21
3098,320,002269,11.653,-1.75,21
3098,321,002269,11.0754,-1.75,21
3098,322,002269,10.4853,-1.75,21
3521,323,002597,24.2309,-1.75,21
3522,324,002597,23.6375,-1.75,21
3522,325,002597,23.0318,-1.75,21
3522,326,002597,22.4146,-1.75,21
3522,327,002597,21.7861,-1.75,21
3522,328,002597,21.1472,-1.75,21
3522,329,002597,20.4983,-1.75,21
3522,330,002597,19.8402,-1.75,21
3522,331,002597,19.1734,-1.75,21
3522,332,002597,18.4985,-1.75,21
3522,333,002597,17.8163,-1.75,21
3523,334,002597,17.1273,-1.75,21
3523,335,002597,16.4321,-1.75,21
3523,336,002597,15.7316,-1.75,21
3523,337,002597,15.0265,-1.75,21
3523,338,002597,14.3173,-1.75,21
3523,339,002597,13.6041,-1.75,21
3523,340,002597,12.8872,-1.75,21
3523,341,002597,12.1666,-1.75,21
3523,342,002597,11.4426,-1.75,21
3523,343,002597,10.7165,-1.75,21
3552,344,002647,94.1333,-1.75,21
3552,345,002647,92.499,-1.75,21
3552,346,002647,90.8943,-1.75,21
3553,347,002647,89.3166,-1.75,21
3553,348,002647,87.7636,-1.75,21
3553,349,002647,86.2332,-1.75,21
3553,350,002647,84.7234,-1.75,21
3553,351,002647,83.2325,-1.75,21
3553,352,002647,81.7588,-1.75,21
3553,353,002647,80.3007,-1.75,21
3553,354,002647,78.8571,-1.75,21
3553,355,002647,77.4266,-1.75,21
3553,356,002647,76.008,-1.75,21
3554,357,002647,74.6005,-1.75,21
3554,358,002647,73.203,-1.75,21
3554,359,002647,71.8148,-1.75,21
3554,360,002647,70.435,-1.75,21
3554,361,002647,69.0629,-1.75,21
3554,362,002647,67.698,-1.75,21
3554,363,002647,66.3397,-1.75,21
3554,364,002647,64.9874,-1.75,21
3554,365,002647,63.6407,-1.75,21
3554,366,002647,62.2992,-1.75,21
3607,367,002676,-1.75,-20.4298,51
3607,368,002676,-1.75,-19.104,51
3607,369,002676,-1.75,-17.7931,51
3607,370,002676,-1.75,-16.4962,51
3608,371,002676,-1.75,-15.2128,51
3608,372,002676,-1.75,-13.9428,51
3608,373,002676,-1.75,-12.6865,51
3608,374,002676,-1.75,-11.4443,51
3608,375,002676,-1.75,-10.2174,51
3646,376,002653,14.1614,-1.75,21
3646,377,002653,14.1614,-1.75,21
3646,378,002653,14.0978,-1.75,21
3646,379,002653,14.0978,-1.75,21
3646,380,002653,14.0042,-1.75,21
3646,381,002653,14.0042,-1.75,21
3646,382,002653,13.8807,-1.75,21
3646,383,002653,13.8807,-1.75,21
3646,384,002653,13.7271,-1.75,21
3646,385,002653,13.7271,-1.75,21
3646,386,002653,13.5435,-1.75,21
3646,387,002653,13.5435,-1.75,21
3648,388,002653,12.8962,-1.75,21
3648,389,002653,12.8962,-1.75,21
3648,390,002653,12.8662,-1.75,21
3648,391,002653,12.8662,-1.75,21
3648,392,002653,12.8062,-1.75,21
3648,393,002653,12.8062,-1.75,21
3650,394,002653,12.631,-1.75,21
3650,395,002653,12.601,-1.75,21
3650,396,002653,12.541,-1.75,21
3652,397,002653,12.3836,-1.75,21
3652,398,002653,12.3836,-1.75,21
3652,399,002653,12.3536,-1.75,21
3652,400,002653,12.3536,-1.75,21
3652,401,002653,12.2936,-1.75,21
3652,402,002653,12.2936,-1.75,21
3654,403,002653,12.1475,-1.75,21
3654,404,002653,12.1475,-1.75,21
3660,405,002653,12.1175,-1.75,21
3660,406,002653,12.0875,-1.75,21
3660,407,002653,12.0275,-1.75,21
3660,408,002653,11.9375,-1.75,21
3660,409,002653,11.8175,-1.75,21
3660,410,002653,11.6675,-1.75,21
3660,411,002653,11.4875,-1.75,21
3660,412,002653,11.2775,-1.75,21
3660,413,002653,11.0375,-1.75,21
3660,414,002653,10.7675,-1.75,21
3661,415,002653,10.4675,-1.75,21
3661,416,002653,10.1375,-1.75,21
3990,417,002991,-69.0629,5.25,21
4031,418,002980,-1.75,-20.9437,21
4031,419,002980,-1.75,-20.6417,21
4031,420,002980,-1.75,-20.3162,21
4032,421,002980,-1.75,-19.9672,21
4032,422,002980,-1.75,-19.5946,21
4032,423,002980,-1.75,-19.1984,21
4032,424,002980,-1.75,-18.7787,21
4032,425,002980,-1.75,-18.3357,21
4032,426,002980,-1.75,-17.8695,21
4032,427,002980,-1.75,-17.3805,21
4032,428,002980,-1.75,-16.8689,21
4032,429,002980,-1.75,-16.335,21
4032,430,002980,-1.75,-15.7793,21
4033,431,002980,-1.75,-15.2021,21
4033,432,002980,-1.75,-14.6038,21
4033,433,002980,-1.75,-13.9849,21
4033,434,002980,-1.75,-13.3458,21
4033,435,002980,-1.75,-12.6879,21
4033,436,002980,-1.75,-12.0155,21
4033,437,002980,-1.75,-11.3331,21
4033,438,002980,-1.75,-10.6456,21
4135,439,003044,1.75,16.0836,51
4135,440,003044,1.75,16.0262,51
4135,441,003044,1.75,15.9389,51
4135,442,003044,1.75,15.8215,51
4137,443,003044,1.75,15.3405,51
4137,444,003044,1.75,15.3105,51
4137,445,003044,1.75,15.2505,51
4137,446,003044,1.75,15.1605,51
4138,447,003044,1.75,15.0405,51
4138,448,003044,1.75,14.8905,51
4138,449,003044,1.75,14.7105,51
4201,450,003148,-1.75,-94.1333,21
4201,451,003148,-1.75,-92.4667,21
4201,452,003148,-1.75,-90.8,21
4202,453,003148,-1.75,-89.1333,21
4202,454,003148,-1.75,-87.4667,21
4202,455,003148,-1.75,-85.8,21
4202,456,003148,-1.75,-84.1333,21
4202,457,003148,-1.75,-82.4667,21
4202,458,003148,-1.75,-80.8,21
4202,459,003148,-1.75,-79.1333,21
4202,460,003148,-1.75,-77.4667,21
4202,461,003148,-1.75,-75.8,21
4202,462,003148,-1.75,-74.1333,21
4203,463,003148,-1.75,-72.4667,21
4286,464,003144,1.75,14.055,21
4287,465,003144,1.75,13.6636,21
4287,466,003144,1.75,13.2493,21
4287,467,003144,1.75,12.8123,21
4287,468,003144,1.75,12.3528,21
4287,469,003144,1.75,11.8709,21
4287,470,003144,1.75,11.3669,21
4287,471,003144,1.75,10.8429,21
4287,472,003144,1.75,10.3034,21
4287,473,003158,1.75,20.7524,21
4287,474,003158,1.75,20.4629,21
4288,475,003158,1.75,20.1545,21
4288,476,003158,1.75,19.8274,21
4288,477,003158,1.75,19.4814,21
4288,478,003158,1.75,19.1169,21
4288,479,003158,1.75,18.734,21
4288,480,003158,1.75,18.3329,21
4288,481,003158,1.75,17.914,21
4288,482,003158,1.75,17.4775,21
4288,483,003158,1.75,17.0239,21
4288,484,003158,1.75,16.5534,21
4289,485,003158,1.75,16.0665,21
4289,486,003158,1.75,15.5635,21
4289,487,003158,1.75,15.0448,21
4289,488,003158,1.75,15.0448,21
4289,489,003158,1.75,14.5108,21
4289,490,003158,1.75,14.5108,21
4289,491,003158,1.75,13.9619,21
4289,492,003158,1.75,13.9619,21
4289,493,003158,1.75,13.3984,21
4289,494,003158,1.75,13.3984,21
4289,495,003158,1.75,12.8207,21
4289,496,003158,1.75,12.8207,21
4289,497,003158,1.75,12.2291,21
4289,498,003158,1.75,12.2291,21
4289,499,003158,1.75,11.624,21
4289,500,003158,1.75,11.624,21
4289,501,003158,1.75,11.0057,21
4289,502,003158,1.75,11.0057,21
4290,503,003158,1.75,10.3788,21
4290,504,003158,1.75,10.3788,21
4388,505,003260,-24.4548,1.75,51
4388,506,003260,-24.0337,1.75,51
4388,507,003260,-23.5825,1.75,51
4389,508,003260,-23.1014,1.75,51
4389,509,003260,-22.5903,1.75,51
4389,510,003260,-22.0491,1.75,51
4389,511,003260,-21.478,1.75,51
4389,512,003260,-20.8769,1.75,51
4389,513,003260,-20.2457,1.75,51
4389,514,003260,-19.5846,1.75,51
4389,515,003260,-18.8935,1.75,51
4389,516,003260,-18.1723,1.75,51
4389,517,003260,-17.4212,1.75,51
4390,518,003260,-16.6401,1.75,51
4390,519,003260,-15.8289,1.75,51
4390,520,003260,-14.9878,1.75,51
4390,521,003260,-14.1182,1.75,51
4390,522,003260,-13.2225,1.75,51
4390,523,003260,-12.3031,1.75,51
4390,524,003260,-11.3625,1.75,51
4390,525,003260,-10.4038,1.75,51
4490,526,003328,21.135,-1.75,21
4490,527,003328,20.7961,-1.75,21
4490,528,003328,20.4273,-1.75,21
4490,529,003328,20.0285,-1.75,21
4490,530,003328,19.5996,-1.75,21
4490,531,003328,19.1408,-1.75,21
4490,532,003328,18.652,-1.75,21
4491,533,003328,18.1331,-1.75,21
4491,534,003328,17.5843,-1.75,21
4491,535,003328,17.0055,-1.75,21
4491,536,003328,16.3966,-1.75,21
4690,537,003455,-1.75,-13.5969,21
4690,538,003455,-1.75,-13.5669,21
4690,539,003455,-1.75,-13.5069,21
4690,540,003455,-1.75,-13.4169,21
4690,541,003455,-1.75,-13.2969,21
4690,542,003455,-1.75,-13.1469,21
4690,543,003455,-1.75,-12.9669,21
4690,544,003455,-1.75,-12.7569,21
4690,545,003455,-1.75,-12.5169,21
4690,546,003455,-1.75,-12.2469,21
4691,547,003455,-1.75,-11.9469,21
4691,548,003455,-1.75,-11.6169,21
4691,549,003455,-1.75,-11.2569,21
4691,550,003455,-1.75,-10.8669,21
4691,551,003455,-1.75,-10.4507,21
4778,552,003545,-14.5048,1.75,21
4778,553,003545,-14.0925,1.75,21
4779,554,003545,-13.6575,1.75,21
4779,555,003545,-13.1999,1.75,21
4779,556,003545,-12.72,1.75,21
4779,557,003545,-12.218,1.75,21
4779,558,003545,-11.6943,1.75,21
4779,559,003545,-11.1505,1.75,21
4779,560,003545,-10.5911,1.75,21
4779,561,003545,-10.0205,1.75,21
5418,562,003979,-1.75,-15.0887,51
5418,563,003979,-1.75,-14.7205,51
5418,564,003979,-1.75,-14.3291,51
5418,565,003979,-1.75,-13.9148,51
5418,566,003979,-1.75,-13.4777,51
5418,567,003979,-1.75,-13.0179,51
5418,568,003979,-1.75,-12.5358,51
5419,569,003979,-1.75,-12.0314,51
5419,570,003979,-1.75,-11.5052,51
5419,571,003979,-1.75,-10.9576,51
5419,572,003979,-1.75,-10.3887,51
5460,573,003999,-13.2526,1.75,21
5460,574,003999,-13.2526,1.75,21
5460,575,003999,-13.2226,1.75,21
5460,576,003999,-13.2226,1.75,21
5460,577,003999,-13.1626,1.75,21
5460,578,003999,-13.1626,1.75,21
5460,579,003999,-13.0726,1.75,21
5460,580,003999,-13.0726,1.75,21
5460,581,003999,-12.9526,1.75,21
5460,582,003999,-12.9526,1.75,21
5460,583,003999,-12.8026,1.75,21
5460,584,003999,-12.8026,1.75,21
5460,585,003999,-12.6226,1.75,21
5460,586,003999,-12.6226,1.75,21
5460,587,003999,-12.4126,1.75,21
5460,588,003999,-12.4126,1.75,21
5460,589,003999,-12.1726,1.75,21
5460,590,003999,-12.1726,1.75,21
5460,591,003999,-11.9026,1.75,21
5460,592,003999,-11.9026,1.75,21
5461,593,003999,-11.6026,1.75,21
5461,594,003999,-11.6026,1.75,21
5461,595,003999,-11.2726,1.75,21
5461,596,003999,-11.2726,1.75,21
5461,597,003999,-10.9126,1.75,21
5461,598,003999,-10.9126,1.75,21
5461,599,003999,-10.524,1.75,21
5461,600,003999,-10.524,1.75,21
5461,601,003999,-10.1106,1.75,21
5461,602,003999,-10.1106,1.75,21
5619,603,004109,-14.128,1.75,21
5619,604,004109,-13.67,1.75,21
5619,605,004109,-13.1902,1.75,21
5620,606,004109,-12.6885,1.75,21
5620,607,004109,-12.1654,1.75,21
5620,608,004109,-11.6211,1.75,21
5620,609,004109,-11.0588,1.75,21
5620,610,004109,-10.4828,1.75,21
5679,611,004168,-1.75,-12.4155,21
5679,612,004168,-1.75,-12.0928,21
5679,613,004168,-1.75,-11.74,21
5679,614,004168,-1.75,-11.3572,21
5679,615,004168,-1.75,-10.9455,21
5679,616,004168,-1.75,-10.5088,21
5679,617,004168,-1.75,-10.0513,21
5787,618,004258,20.0873,-1.75,21
5787,619,004258,19.799,-1.75,21
5787,620,004258,19.4919,-1.75,21
5788,621,004258,19.166,-1.75,21
5788,622,004258,18.8215,-1.75,21
5788,623,004258,18.4585,-1.75,21
5788,624,004258,18.0773,-1.75,21
5788,625,004258,17.6781,-1.75,21
5788,626,004258,17.2613,-1.75,21
5788,627,004258,16.8271,-1.75,21
5788,628,004258,16.3759,-1.75,21
5788,629,004258,15.9081,-1.75,21
5788,630,004258,15.424,-1.75,21
5789,631,004258,14.9239,-1.75,21
5789,632,004258,14.4083,-1.75,21
5789,633,004258,13.8774,-1.75,21
5789,634,004258,13.3317,-1.75,21
5789,635,004258,12.7715,-1.75,21
5789,636,004258,12.1971,-1.75,21
5789,637,004258,11.6088,-1.75,21
5789,638,004258,11.0069,-1.75,21
5789,639,004258,10.3951,-1.75,21
6202,640,004590,-22.4617,1.75,21
6202,641,004590,-21.9539,1.75,21
6202,642,004590,-21.4651,1.75,21
6202,643,004590,-20.9884,1.75,21
6202,644,004590,-20.5182,1.75,21
6202,645,004590,-20.0498,1.75,21
6202,646,004590,-19.5795,1.75,21
6203,647,004590,-19.1043,1.75,21
6203,648,004590,-18.6221,1.75,21
6203,649,004590,-18.1336,1.75,21
6203,650,004590,-17.6391,1.75,21
6203,651,004590,-17.1386,1.75,21
6203,652,004590,-16.6321,1.75,21
6203,653,004590,-16.1197,1.75,21
6203,654,004590,-15.6011,1.75,21
6203,655,004590,-15.0759,1.75,21
6203,656,004590,-14.5439,1.75,21
6204,657,004590,-14.0047,1.75,21
6204,658,004590,-13.4578,1.75,21
6204,659,004590,-12.9029,1.75,21
6204,660,004590,-12.3396,1.75,21
6204,661,004590,-11.7673,1.75,21
6204,662,004590,-11.1858,1.75,21
6204,663,004590,-10.5946,1.75,21
6236,664,004554,-1.75,-14.0711,21
6236,665,004554,-1.75,-14.0126,21
6236,666,004554,-1.75,-13.9241,21
6236,667,004554,-1.75,-13.8056,21
6238,668,004554,-1.75,-13.3171,21
6238,669,004554,-1.75,-13.2871,21
6238,670,004554,-1.75,-13.2271,21
6238,671,004554,-1.75,-13.1371,21
6240,672,004554,-1.75,-12.8531,21
6240,673,004554,-1.75,-12.8231,21
6240,674,004554,-1.75,-12.8231,21
6240,675,004554,-1.75,-12.7631,21
6240,676,004554,-1.75,-12.7631,21
6240,677,004554,-1.75,-12.6731,21
6240,678,004554,-1.75,-12.6731,21
6243,679,004554,-1.75,-12.4351,21
6243,680,004554,-1.75,-12.4051,21
6244,681,004554,-1.75,-12.3451,21
6244,682,004554,-1.75,-12.2551,21
6244,683,004554,-1.75,-12.1351,21
6244,684,004554,-1.75,-11.9851,21
6244,685,004554,-1.75,-11.8051,21
6245,686,004554,-1.75,-11.2551,21
6245,687,004554,-1.75,-11.2251,21
6246,688,004554,-1.75,-11.1651,21
6246,689,004554,-1.75,-11.0751,21
6246,690,004554,-1.75,-10.9551,21
6246,691,004554,-1.75,-10.8051,21
6325,692,004634,11.1609,-1.75,21
6325,693,004634,10.3778,-1.75,21
6948,694,005146,1.75,20.8597,21
6948,695,005146,1.75,20.1016,21
6948,696,005146,1.75,19.3144,21
6948,697,005146,1.75,18.501,21
6948,698,005146,1.75,17.6643,21
6948,699,005146,1.75,16.8076,21
6948,700,005146,1.75,15.9345,21
6948,701,005146,1.75,15.0488,21
6949,702,005146,1.75,14.1548,21
6949,703,005146,1.75,13.2573,21
6949,704,005146,1.75,12.3615,21
6949,705,005146,1.75,11.4729,21
6949,706,005146,1.75,10.5974,21
6949,707,005156,1.75,39.9028,21
6949,708,005156,1.75,38.8491,21
6949,709,005156,1.75,37.7946,21
6949,710,005156,1.75,36.7384,21
6949,711,005156,1.75,35.68,21
6950,712,005156,1.75,34.6188,21
6950,713,005156,1.75,33.5544,21
6950,714,005156,1.75,32.4866,21
6950,715,005156,1.75,31.415,21
6950,716,005156,1.75,30.3397,21
6950,717,005156,1.75,29.2604,21
6950,718,005156,1.75,28.1772,21
6950,719,005156,1.75,27.0901,21
6950,720,005156,1.75,25.999,21
6950,721,005156,1.75,24.9041,21
6951,722,005156,1.75,23.8055,21
6951,723,005156,1.75,22.7031,21
6951,724,005156,1.75,21.5972,21
6960,725,005113,-1.75,-13.7258,51
6960,726,005113,-1.75,-12.8587,51
6960,727,005113,-1.75,-11.9668,51
6960,728,005113,-1.75,-11.053,51
6960,729,005113,-1.75,-10.1202,51
7560,730,005533,-13.5971,1.75,21
7560,731,005533,-13.5671,1.75,21
7560,732,005533,-13.5071,1.75,21
7560,733,005533,-13.4171,1.75,21
7560,734,005533,-13.2971,1.75,21
7560,735,005533,-13.1471,1.75,21
7560,736,005533,-12.9671,1.75,21
7560,737,005533,-12.7571,1.75,21
7560,738,005533,-12.5171,1.75,21
7560,739,005533,-12.2471,1.75,21
7561,740,005533,-11.9471,1.75,21
7561,741,005533,-11.6171,1.75,21
7561,742,005533,-11.2571,1.75,21
7561,743,005533,-10.8671,1.75,21
7561,744,005533,-10.4509,1.75,21
7567,745,005559,-21.3852,1.75,21
7568,746,005559,-21.0011,1.75,21
7568,747,005559,-20.587,1.75,21
7568,748,005559,-20.1429,1.75,21
7568,749,005559,-19.6688,1.75,21
7568,750,005559,-19.1647,1.75,21
7568,751,005559,-18.6307,1.75,21
7568,752,005559,-18.0666,1.75,21
7568,753,005559,-17.4725,1.75,21
7568,754,005559,-16.8484,1.75,21
7568,755,005559,-16.1943,1.75,21
7569,756,005559,-15.513,1.75,21
7569,757,005559,-14.8081,1.75,21
7569,758,005559,-14.0834,1.75,21
7569,759,005559,-13.3428,1.75,21
7569,760,005559,-12.5909,1.75,21
7808,761,005730,-1.75,-12.1553,21
7808,762,005730,-1.75,-11.5874,21
7808,763,005730,-1.75,-11.0035,21
7808,764,005730,-1.75,-10.408,21
7988,765,005863,14.3676,-1.75,21
8056,766,005892,1.75,17.9072,21
8056,767,005892,1.75,17.5184,21
8056,768,005892,1.75,17.1102,21
8056,769,005892,1.75,16.6825,21
8056,770,005892,1.75,16.2353,21
8056,771,005892,1.75,15.7683,21
8056,772,005892,1.75,15.2817,21
8056,773,005892,1.75,14.7756,21
8057,774,005892,1.75,14.2499,21
8057,775,005892,1.75,13.7048,21
8057,776,005892,1.75,13.1406,21
8057,777,005892,1.75,12.5574,21
8057,778,005892,1.75,11.9555,21
8057,779,005892,1.75,11.3383,21
8057,780,005892,1.75,10.7104,21
8057,781,005892,1.75,10.0766,21
8126,782,005925,-14.0995,1.75,21
8126,783,005925,-14.0394,1.75,21
8126,784,005925,-13.9493,1.75,21
8126,785,005925,-13.8292,1.75,21
8126,786,005925,-13.6791,1.75,21
8126,787,005925,-13.499,1.75,21
8126,788,005925,-13.2889,1.75,21
8126,789,005925,-13.0488,1.75,21
8127,790,005925,-12.7787,1.75,21
8127,791,005925,-12.4786,1.75,21
8127,792,005925,-12.1485,1.75,21
8127,793,005925,-11.7884,1.75,21
8127,794,005925,-11.3983,1.75,21
8127,795,005925,-10.9796,1.75,21
8127,796,005925,-10.5364,1.75,21
8127,797,005925,-10.0727,1.75,21
8135,798,005948,-19.1191,1.75,21
8135,799,005948,-18.6156,1.75,21
8135,800,005948,-18.0972,1.75,21
8135,801,005948,-17.5644,1.75,21
8135,802,005948,-17.0174,1.75,21
8135,803,005948,-16.4566,1.75,21
8135,804,005948,-15.8825,1.75,21
8135,805,005948,-15.2952,1.75,21
8135,806,005948,-14.6953,1.75,21
8136,807,005948,-14.083,1.75,21
8136,808,005948,-13.4586,1.75,21
8136,809,005948,-12.8226,1.75,21
8136,810,005948,-12.1752,1.75,21
8136,811,005948,-11.5167,1.75,21
8136,812,005948,-10.85,1.75,21
8136,813,005948,-10.1798,1.75,21
8227,814,006068,-1.75,-10.385,21
8274,815,006049,18.2252,-1.75,21
8274,816,006049,18.0077,-1.75,21
8274,817,006049,17.7698,-1.75,21
8274,818,006049,17.5108,-1.75,21
8274,819,006049,17.5108,-1.75,21
8274,820,006049,17.2304,-1.75,21
8274,821,006049,17.2304,-1.75,21
8274,822,006049,16.9282,-1.75,21
8274,823,006049,16.9282,-1.75,21
8275,824,006049,16.6042,-1.75,21
8275,825,006049,16.6042,-1.75,21
8275,826,006049,16.258,-1.75,21
8275,827,006049,16.258,-1.75,21
8275,828,006049,15.8897,-1.75,21
8275,829,006049,15.8897,-1.75,21
8275,830,006049,15.4991,-1.75,21
8275,831,006049,15.4991,-1.75,21
8275,832,006049,15.0863,-1.75,21
8275,833,006049,15.0863,-1.75,21
8275,834,006049,14.6514,-1.75,21
8275,835,006049,14.6514,-1.75,21
8275,836,006049,14.1946,-1.75,21
8275,837,006049,14.1946,-1.75,21
8275,838,006049,13.716,-1.75,21
8275,839,006049,13.716,-1.75,21
8275,840,006049,13.2158,-1.75,21
8275,841,006049,13.2158,-1.75,21
8275,842,006049,12.6943,-1.75,21
8275,843,006049,12.6943,-1.75,21
8276,844,006049,12.1518,-1.75,21
8276,845,006049,12.1518,-1.75,21
8276,846,006049,11.5886,-1.75,21
8276,847,006049,11.5886,-1.75,21
8276,848,006049,11.0089,-1.75,21
8276,849,006049,11.0089,-1.75,21
8276,850,006049,10.4174,-1.75,21
8276,851,006049,10.4174,-1.75,21
8637,852,006346,-94.1333,1.75,21
8637,853,006346,-94.1333,1.75,21
8638,854,006346,-92.499,1.75,21
8638,855,006346,-92.499,1.75,21
8638,856,006346,-90.8943,1.75,21
8638,857,006346,-90.8943,1.75,21
8638,858,006346,-89.3166,1.75,21
8638,859,006346,-89.3166,1.75,21
8638,860,006346,-87.7636,1.75,21
8638,861,006346,-87.7636,1.75,21
8638,862,006346,-86.2332,1.75,21
8638,863,006346,-86.2332,1.75,21
8638,864,006346,-84.7234,1.75,21
8638,865,006346,-83.2637,1.75,21
8638,866,006346,-81.8539,1.75,21
8638,867,006346,-80.4941,1.75,21
8638,868,006346,-79.1843,1.75,21
8639,869,006346,-77.9245,1.75,21
8639,870,006346,-76.7148,1.75,21
8639,871,006346,-75.555,1.75,21
8639,872,006346,-74.4452,1.75,21
8639,873,006346,-73.3854,1.75,21
8639,874,006346,-72.3756,1.75,21
8680,875,006346,-13.5971,1.75,21
8680,876,006346,-13.5671,1.75,21
8680,877,006346,-13.5071,1.75,21
8680,878,006346,-13.4171,1.75,21
8680,879,006346,-13.2971,1.75,21
8680,880,006346,-13.1471,1.75,21
8680,881,006346,-12.9671,1.75,21
8680,882,006346,-12.7571,1.75,21
8680,883,006346,-12.5171,1.75,21
8680,884,006346,-12.2471,1.75,21
8681,885,006346,-11.9471,1.75,21
8681,886,006346,-11.6171,1.75,21
8681,887,006346,-11.2571,1.75,21
8681,888,006346,-10.8671,1.75,21
8681,889,006346,-10.4508,1.75,21
8836,890,006444,15.3536,-1.75,21
8836,891,006444,14.5008,-1.75,21
8836,892,006444,13.6398,-1.75,21
8836,893,006444,12.7752,-1.75,21
8836,894,006444,11.9124,-1.75,21
8836,895,006444,11.057,-1.75,21
8837,896,006444,10.2148,-1.75,21
8966,897,006556,-1.75,-90.4842,51
8966,898,006556,-1.75,-88.9175,51
8966,899,006556,-1.75,-87.4008,51
8966,900,006556,-1.75,-85.9342,51
8966,901,006556,-1.75,-84.5175,51
8966,902,006556,-1.75,-84.5175,51
8966,903,006556,-1.75,-83.1508,51
8966,904,006556,-1.75,-83.1508,51
8966,905,006556,-1.75,-81.8342,51
8966,906,006556,-1.75,-81.8342,51
8966,907,006556,-1.75,-80.5675,51
8967,908,006556,-1.75,-79.3508,51
8967,909,006556,-1.75,-78.1842,51
8967,910,006556,-1.75,-77.0675,51
8967,911,006556,-1.75,-76.0008,51
8967,912,006556,-1.75,-74.9842,51
8967,913,006556,-1.75,-74.0175,51
9041,914,006591,-1.75,-25.4015,51
9041,915,006591,-1.75,-24.8701,51
9041,916,006591,-1.75,-24.3607,51
9041,917,006591,-1.75,-23.8662,51
9041,918,006591,-1.75,-23.3806,51
9042,919,006591,-1.75,-22.8995,51
9042,920,006591,-1.75,-22.4189,51
9042,921,006591,-1.75,-21.9359,51
9042,922,006591,-1.75,-21.448,51
9042,923,006591,-1.75,-20.9533,51
9042,924,006591,-1.75,-20.4502,51
9042,925,006591,-1.75,-19.9388,51
9042,926,006591,-1.75,-19.4198,51
9042,927,006591,-1.75,-18.8936,51
9042,928,006591,-1.75,-18.3604,51
9043,929,006591,-1.75,-17.8205,51
9043,930,006591,-1.75,-17.2739,51
9043,931,006591,-1.75,-16.7206,51
9043,932,006591,-1.75,-16.1604,51
9043,933,006591,-1.75,-15.5934,51
9043,934,006591,-1.75,-15.0192,51
9043,935,006591,-1.75,-14.4376,51
9043,936,006591,-1.75,-13.8483,51
9043,937,006591,-1.75,-13.2511,51
9043,938,006591,-1.75,-12.6456,51
9044,939,006591,-1.75,-12.0316,51
9044,940,006591,-1.75,-11.4087,51
9044,941,006591,-1.75,-10.7768,51
9044,942,006591,-1.75,-10.1355,51
9170,943,006698,67.4667,-1.75,21
9193,944,006676,1.75,24.5359,51
9193,945,006676,1.75,24.129,51
9193,946,006676,1.75,23.692,51
9194,947,006676,1.75,23.225,51
9194,948,006676,1.75,22.728,51
9194,949,006676,1.75,22.201,51
9194,950,006676,1.75,21.644,51
9194,951,006676,1.75,21.057,51
9197,952,006676,1.75,11.4539,51
9197,953,006676,1.75,10.8628,51
9197,954,006676,1.75,10.2416,51
9426,955,006858,26.4054,-1.75,51
9426,956,006858,26.4054,-1.75,51
9426,957,006858,25.8152,-1.75,51
9426,958,006858,25.8152,-1.75,51
9427,959,006858,25.195,-1.75,51
9427,960,006858,25.195,-1.75,51
9427,961,006858,24.5447,-1.75,51
9427,962,006858,24.5447,-1.75,51
9427,963,006858,23.8645,-1.75,51
9427,964,006858,23.8645,-1.75,51
9428,965,006858,18.3401,-1.75,51
9428,966,006858,18.1158,-1.75,51
9428,967,006858,17.8616,-1.75,51
9430,968,006858,14.4759,-1.75,51
9430,969,006858,14.1177,-1.75,51
9430,970,006858,13.7295,-1.75,51
9431,971,006858,13.3113,-1.75,51
9431,972,006858,12.8631,-1.75,51
9431,973,006858,12.3849,-1.75,51
9431,974,006858,11.8768,-1.75,51
9431,975,006858,11.3386,-1.75,51
9431,976,006858,10.7704,-1.75,51
9431,977,006858,10.1722,-1.75,51
9528,978,006913,17.1423,-1.75,21
9528,979,006913,16.8453,-1.75,21
9528,980,006913,16.5256,-1.75,21
9528,981,006913,16.1832,-1.75,21
9528,982,006913,15.818,-1.75,21
9528,983,006913,15.43,-1.75,21
9528,984,006913,15.0193,-1.75,21
9528,985,006913,14.586,-1.75,21
9529,986,006913,14.1302,-1.75,21
9529,987,006913,13.6521,-1.75,21
9529,988,006913,13.1521,-1.75,21
9529,989,006913,12.6304,-1.75,21
9529,990,006913,12.0873,-1.75,21
9529,991,006913,11.5238,-1.75,21
9529,992,006913,10.9443,-1.75,21
9529,993,006913,10.3532,-1.75,21
9539,994,006936,14.3946,-1.75,21
9542,995,006936,12.3303,-1.75,21
9542,996,006936,12.0166,-1.75,21
9542,997,006936,11.6728,-1.75,21
9542,998,006936,11.2991,-1.75,21
9542,999,006936,10.8961,-1.75,21
9542,1000,006936,10.4677,-1.75,21
9542,1001,006936,10.018,-1.75,21
9708,1002,007097,84.5175,-1.75,51
9708,1003,007097,83.1084,-1.75,51
9708,1004,007097,81.7062,-1.75,51
9708,1005,007097,80.3107,-1.75,51
9708,1006,007097,78.9212,-1.75,51
9708,1007,007097,77.5375,-1.75,51
9708,1008,007097,76.1592,-1.75,51
9709,1009,007097,74.786,-1.75,51
9709,1010,007097,73.4175,-1.75,51
9711,1011,007096,-55.8521,1.75,21
9711,1012,007096,-54.6578,1.75,21
9711,1013,007096,-53.4511,1.75,21
9711,1014,007096,-52.2339,1.75,21
9711,1015,007096,-51.0075,1.75,21
9711,1016,007096,-49.7732,1.75,21
9711,1017,007096,-48.5323,1.75,21
9711,1018,007096,-47.2857,1.75,21
9711,1019,007096,-46.0343,1.75,21
9712,1020,007096,-44.779,1.75,21
9712,1021,007096,-43.5206,1.75,21
9712,1022,007096,-42.2596,1.75,21
9712,1023,007096,-40.9967,1.75,21
9712,1024,007096,-39.7323,1.75,21
9712,1025,007096,-38.467,1.75,21
9712,1026,007096,-37.2013,1.75,21
9712,1027,007096,-35.9355,1.75,21
9712,1028,007096,-34.67,1.75,21
9712,1029,007096,-33.4052,1.75,21
9713,1030,007096,-32.1415,1.75,21
9713,1031,007096,-30.8794,1.75,21
9713,1032,007096,-29.6192,1.75,21
9713,1033,007096,-28.3615,1.75,21
9713,1034,007096,-27.1068,1.75,21
9713,1035,007096,-25.8557,1.75,21
9713,1036,007096,-24.6089,1.75,21
9713,1037,007096,-23.3674,1.75,21
9713,1038,007096,-22.1321,1.75,21
9713,1039,007096,-20.9043,1.75,21
9714,1040,007096,-19.6854,1.75,21
9714,1041,007096,-18.4772,1.75,21
9714,1042,007096,-17.2816,1.75,21
9714,1043,007096,-16.1009,1.75,21
9714,1044,007096,-14.938,1.75,21
9714,1045,007096,-13.7957,1.75,21
9714,1046,007096,-12.6775,1.75,21
9714,1047,007096,-11.5869,1.75,21
9714,1048,007096,-10.5303,1.75,21
9892,1049,007208,1.75,32.9917,51
9892,1050,007208,1.75,32.0319,51
9892,1051,007208,1.75,31.0435,51
9892,1052,007208,1.75,30.0278,51
9892,1053,007208,1.75,28.986,51
9892,1054,007208,1.75,27.9193,51
9892,1055,007208,1.75,26.8287,51
9893,1056,007208,1.75,25.7155,51
9893,1057,007208,1.75,24.5811,51
9894,1058,007208,1.75,12.5458,51
9894,1059,007208,1.75,12.0635,51
9894,1060,007208,1.75,11.5511,51
9894,1061,007208,1.75,11.0088,51
9895,1062,007208,1.75,10.4364,51
10088,1063,007339,23.9509,-1.75,21
10088,1064,007339,23.5269,-1.75,21
10088,1065,007339,23.0729,-1.75,21
10088,1066,007339,22.5888,-1.75,21
10088,1067,007339,22.0748,-1.75,21
10088,1068,007339,21.5308,-1.75,21
10088,1069,007339,20.9567,-1.75,21
10088,1070,007339,20.3527,-1.75,21
10088,1071,007339,19.7187,-1.75,21
10090,1072,007339,13.9921,-1.75,21
10090,1073,007339,13.7296,-1.75,21
10090,1074,007339,13.4371,-1.75,21
10090,1075,007339,13.1146,-1.75,21
10091,1076,007339,12.7621,-1.75,21
10091,1077,007339,12.3797,-1.75,21
10091,1078,007339,11.9672,-1.75,21
10091,1079,007339,11.5254,-1.75,21
10091,1080,007339,11.0583,-1.75,21
10091,1081,007339,10.5699,-1.75,21
10091,1082,007339,10.0645,-1.75,21
10510,1083,007634,5.25,67.4667,21
10510,1084,007634,5.25,65.8,21
10510,1085,007634,5.25,64.1333,21
10510,1086,007634,5.25,62.4667,21
10510,1087,007634,5.25,60.8,21
10646,1088,007692,-26.095,1.75,51
10673,1089,007727,23.7478,-1.75,21
10673,1090,007727,23.1613,-1.75,21
10673,1091,007727,22.5626,-1.75,21
10673,1092,007727,21.952,-1.75,21
10673,1093,007727,21.3298,-1.75,21
10673,1094,007727,20.6965,-1.75,21
10673,1095,007727,20.0525,-1.75,21
10674,1096,007727,19.3982,-1.75,21
10674,1097,007727,18.734,-1.75,21
10674,1098,007727,18.0604,-1.75,21
10674,1099,007727,17.3777,-1.75,21
10674,1100,007727,16.6864,-1.75,21
10674,1101,007727,15.987,-1.75,21
10674,1102,007727,15.2797,-1.75,21
10674,1103,007727,14.565,-1.75,21
10674,1104,007727,13.8432,-1.75,21
10674,1105,007727,13.1146,-1.75,21
10675,1106,007727,12.3795,-1.75,21
10675,1107,007727,11.6382,-1.75,21
10675,1108,007727,10.895,-1.75,21
10675,1109,007727,10.1553,-1.75,21
11208,1110,008059,-20.3341,1.75,21
11208,1111,008059,-19.9261,1.75,21
11208,1112,008059,-19.4957,1.75,21
11208,1113,008059,-19.043,1.75,21
11208,1114,008059,-18.5681,1.75,21
11209,1115,008059,-18.0713,1.75,21
11209,1116,008059,-17.5526,1.75,21
11209,1117,008059,-17.0124,1.75,21
11209,1118,008059,-16.451,1.75,21
11209,1119,008059,-15.8687,1.75,21
11209,1120,008059,-15.2659,1.75,21
11209,1121,008059,-14.6429,1.75,21
11209,1122,008059,-14.0002,1.75,21
11209,1123,008059,-13.3381,1.75,21
11209,1124,008059,-12.6589,1.75,21
11210,1125,008059,-11.967,1.75,21
11210,1126,008059,-11.2669,1.75,21
11210,1127,008059,-10.5638,1.75,21
11210,1128,008074,-28.5926,1.75,21
11210,1129,008074,-27.7959,1.75,21
11210,1130,008074,-26.9943,1.75,21
11210,1131,008074,-26.1885,1.75,21
11210,1132,008074,-25.379,1.75,21
11210,1133,008074,-24.5662,1.75,21
11210,1134,008074,-23.7503,1.75,21
11211,1135,008074,-22.9315,1.75,21
11211,1136,008074,-22.1098,1.75,21
11211,1137,008074,-21.2852,1.75,21
11211,1138,008074,-20.4578,1.75,21
11211,1139,008074,-19.6274,1.75,21
11211,1140,008074,-18.7939,1.75,21
11211,1141,008074,-17.9572,1.75,21
11211,1142,008074,-17.1172,1.75,21
11211,1143,008074,-16.2738,1.75,21
11211,1144,008074,-15.4269,1.75,21
11212,1145,008074,-14.5762,1.75,21
11212,1146,008074,-13.7217,1.75,21
11212,1147,008074,-12.8633,1.75,21
11212,1148,008074,-12.0055,1.75,21
11212,1149,008074,-11.154,1.75,21
11212,1150,008074,-10.3145,1.75,21
11485,1151,008241,14.1951,-1.75,21
11487,1152,008241,13.7149,-1.75,21
11487,1153,008241,13.7149,-1.75,21
11488,1154,008241,13.6766,-1.75,21
11488,1155,008241,13.6766,-1.75,21
11490,1156,008241,13.4507,-1.75,21
11490,1157,008241,13.4507,-1.75,21
11492,1158,008241,13.3787,-1.75,21
11492,1159,008241,13.3487,-1.75,21
11492,1160,008241,13.2887,-1.75,21
11492,1161,008241,13.1987,-1.75,21
11492,1162,008241,13.1987,-1.75,21
11492,1163,008241,13.0787,-1.75,21
11492,1164,008241,13.0787,-1.75,21
11493,1165,008241,12.9287,-1.75,21
11493,1166,008241,12.9287,-1.75,21
11493,1167,008241,12.7487,-1.75,21
11493,1168,008241,12.7487,-1.75,21
11494,1169,008241,12.1852,-1.75,21
11494,1170,008241,12.1852,-1.75,21
11494,1171,008241,12.1552,-1.75,21
11494,1172,008241,12.1552,-1.75,21
11494,1173,008241,12.0952,-1.75,21
11494,1174,008241,12.0952,-1.75,21
11496,1175,008241,11.9585,-1.75,21
11499,1176,008241,10.2785,-1.75,21
11516,1177,008283,-13.597,1.75,21
11516,1178,008283,-13.597,1.75,21
11516,1179,008283,-13.567,1.75,21
11516,1180,008283,-13.567,1.75,21
11518,1181,008283,-13.39,1.75,21
11518,1182,008283,-13.36,1.75,21
11518,1183,008283,-13.3,1.75,21
11852,1184,008518,1.75,14.3866,21
11852,1185,008518,1.75,14.3109,21
11852,1186,008518,1.75,14.2051,21
11852,1187,008518,1.75,14.0694,21
11852,1188,008518,1.75,13.9036,21
11852,1189,008518,1.75,13.7079,21
11852,1190,008518,1.75,13.4821,21
11852,1191,008518,1.75,13.2264,21
11852,1192,008518,1.75,12.9406,21
11853,1193,008518,1.75,12.6249,21
11853,1194,008518,1.75,12.2791,21
11853,1195,008518,1.75,11.9034,21
11853,1196,008518,1.75,11.4976,21
11875,1197,008567,1.75,25.9448,21
11875,1198,008567,1.75,24.6946,21
11875,1199,008567,1.75,23.45,21
11876,1200,008567,1.75,22.2121,21
11876,1201,008567,1.75,20.9819,21
11876,1202,008567,1.75,19.7609,21
11876,1203,008567,1.75,18.5507,21
11876,1204,008567,1.75,17.3532,21
11876,1205,008567,1.75,16.1707,21
11876,1206,008567,1.75,15.006,21
11876,1207,008567,1.75,13.8619,21
11876,1208,008567,1.75,12.7417,21
11876,1209,008567,1.75,11.649,21
11877,1210,008567,1.75,10.59,21
11970,1211,008578,1.75,13.5978,21
11970,1212,008578,1.75,13.5678,21
11970,1213,008578,1.75,13.5078,21
11970,1214,008578,1.75,13.4178,21
11970,1215,008578,1.75,13.2978,21
11970,1216,008578,1.75,13.1478,21
11970,1217,008578,1.75,12.9678,21
11970,1218,008578,1.75,12.7578,21
11970,1219,008578,1.75,12.5178,21
11970,1220,008578,1.75,12.2478,21
11971,1221,008578,1.75,11.9478,21
11971,1222,008578,1.75,11.6178,21
11971,1223,008578,1.75,11.2578,21
11971,1224,008578,1.75,10.8678,21
11971,1225,008578,1.75,10.4516,21
11971,1226,008578,1.75,10.0132,21
11997,1227,008637,1.75,19.708,21
11997,1228,008637,1.75,19.0012,21
11997,1229,008637,1.75,18.2791,21
11997,1230,008637,1.75,17.5421,21
11997,1231,008637,1.75,16.7907,21
11998,1232,008637,1.75,16.0251,21
11998,1233,008637,1.75,15.2458,21
11998,1234,008637,1.75,14.4531,21
11998,1235,008637,1.75,13.648,21
11998,1236,008637,1.75,12.835,21
11998,1237,008637,1.75,12.019,21
11998,1238,008637,1.75,11.2053,21
11998,1239,008637,1.75,10.3995,21
12046,1240,008640,16.3259,-1.75,21
12046,1241,008640,15.5102,-1.75,21
12046,1242,008640,14.6795,-1.75,21
12046,1243,008640,13.8382,-1.75,21
12046,1244,008640,12.9909,-1.75,21
12046,1245,008640,12.1425,-1.75,21
12047,1246,008640,11.2986,-1.75,21
12047,1247,008640,10.4647,-1.75,21
12404,1248,008879,1.75,26.0816,51
12404,1249,008879,1.75,25.5493,51
12404,1250,008879,1.75,24.9869,51
12404,1251,008879,1.75,24.3945,51
12404,1252,008879,1.75,23.7722,51
12460,1253,008971,-1.75,-89.1333,21
12466,1254,008931,26.6849,-1.75,21
12466,1255,008931,26.1459,-1.75,21
12466,1256,008931,25.5857,-1.75,21
12466,1257,008931,25.0047,-1.75,21
12466,1258,008931,24.403,-1.75,21
12466,1259,008931,23.7809,-1.75,21
12466,1260,008931,23.139,-1.75,21
12467,1261,008931,22.4774,-1.75,21
12467,1262,008931,21.7967,-1.75,21
12467,1263,008931,21.0972,-1.75,21
12467,1264,008931,20.3794,-1.75,21
12467,1265,008931,19.6437,-1.75,21
12467,1266,008931,18.8907,-1.75,21
12467,1267,008931,18.1208,-1.75,21
12467,1268,008931,17.3344,-1.75,21
12467,1269,008931,16.5321,-1.75,21
12467,1270,008931,15.7144,-1.75,21
12468,1271,008931,14.8817,-1.75,21
12468,1272,008931,14.0377,-1.75,21
12468,1273,008931,13.1868,-1.75,21
12468,1274,008931,12.3341,-1.75,21
12468,1275,008931,11.485,-1.75,21
12468,1276,008931,10.645,-1.75,21
12552,1277,009023,-1.75,-30.0525,21
12552,1278,009023,-1.75,-27.9239,21
12552,1279,009023,-1.75,-26.8619,21
12552,1280,009023,-1.75,-25.7788,21
12552,1281,009023,-1.75,-24.6763,21
12552,1282,009023,-1.75,-23.5565,21
12552,1283,009023,-1.75,-22.4224,21
12552,1284,009023,-1.75,-21.2779,21
12552,1285,009023,-1.75,-20.127,21
12553,1286,009023,-1.75,-18.9733,21
12553,1287,009023,-1.75,-17.8204,21
12553,1288,009023,-1.75,-16.6721,21
12553,1289,009023,-1.75,-15.5322,21
12553,1290,009023,-1.75,-14.4047,21
12553,1291,009023,-1.75,-13.2938,21
12553,1292,009023,-1.75,-12.2037,21
12553,1293,009023,-1.75,-11.1416,21
12553,1294,009023,-1.75,-10.1148,21
12573,1295,009043,1.75,46.5012,21
12574,1296,009043,1.75,45.2039,21
12574,1297,009043,1.75,43.909,21
12574,1298,009043,1.75,42.6165,21
12574,1299,009043,1.75,41.3263,21
12574,1300,009043,1.75,40.0385,21
12574,1301,009043,1.75,38.7529,21
12574,1302,009043,1.75,37.4696,21
12574,1303,009043,1.75,36.1887,21
12574,1304,009043,1.75,34.9103,21
12574,1305,009043,1.75,33.6343,21
12575,1306,009043,1.75,32.3611,21
12575,1307,009043,1.75,32.3611,21
12575,1308,009043,1.75,31.0907,21
12575,1309,009043,1.75,31.0907,21
12575,1310,009043,1.75,29.8234,21
12575,1311,009043,1.75,29.8234,21
12575,1312,009043,1.75,28.5595,21
12575,1313,009043,1.75,28.5595,21
12575,1314,009043,1.75,27.2994,21
12575,1315,009043,1.75,27.2994,21
12575,1316,009043,1.75,26.0437,21
12575,1317,009043,1.75,26.0437,21
12575,1318,009043,1.75,24.7928,21
12575,1319,009043,1.75,24.7928,21
12575,1320,009043,1.75,23.5475,21
12575,1321,009043,1.75,23.5475,21
12575,1322,009043,1.75,22.3089,21
12575,1323,009043,1.75,22.3089,21
12575,1324,009043,1.75,21.0779,21
12575,1325,009043,1.75,21.0779,21
12576,1326,009043,1.75,19.856,21
12576,1327,009043,1.75,19.856,21
12576,1328,009043,1.75,18.6447,21
12576,1329,009043,1.75,18.6447,21
12576,1330,009043,1.75,17.4461,21
12576,1331,009043,1.75,17.4461,21
12576,1332,009043,1.75,16.2624,21
12576,1333,009043,1.75,16.2624,21
12576,1334,009043,1.75,15.0961,21
12576,1335,009043,1.75,15.0961,21
12576,1336,009043,1.75,13.9502,21
12576,1337,009043,1.75,13.9502,21
12576,1338,009043,1.75,12.828,21
12576,1339,009043,1.75,12.828,21
12576,1340,009043,1.75,11.733,21
12576,1341,009043,1.75,11.733,21
12576,1342,009043,1.75,10.6711,21
12576,1343,009043,1.75,10.6711,21
