153,1,000086,25.81,-5.25,21
2566,2,001866,1.75,66.6348,21
4299,3,003105,-5.25,-24.4043,21
4667,4,003364,-1.75,-86.2888,21
8533,5,006181,5.25,70.7815,51
9881,6,007107,-1.75,-22.8466,21
12440,7,008978,36.6197,-1.75,51
16222,8,011593,-1.75,-34.8788,21
17585,9,012668,-1.75,-61.7691,21
18323,10,013241,1.75,93.7675,51
19966,11,014355,41.8362,-1.75,51
22066,12,015860,-1.75,-44.8884,21
25007,13,017983,54.9433,-5.25,21
25408,14,018284,-35.8785,1.75,21
25482,15,018327,-54.626,1.75,21
26933,16,019339,-1.75,-54.2629,21
28706,17,020631,37.6591,-5.25,21
29063,18,020887,1.75,34.8432,21
32769,19,023539,-5.25,-25.2098,21
36233,20,026044,-1.75,-28.863,21
36233,21,026044,-1.75,-27.6029,21
36233,22,026044,-1.75,-26.3468,21
36233,23,026044,-1.75,-25.0954,21
36234,24,026044,-1.75,-23.8493,21
36234,25,026044,-1.75,-22.6094,21
36234,26,026044,-1.75,-21.3768,21
36234,27,026044,-1.75,-20.1529,21
36234,28,026044,-1.75,-18.9392,21
36234,29,026044,-1.75,-17.7375,21
36234,30,026044,-1.75,-16.5501,21
36234,31,026044,-1.75,-15.3794,21
36234,32,026044,-1.75,-14.2283,21
36234,33,026044,-1.75,-13.1001,21
36235,34,026044,-1.75,-11.9982,21
36235,35,026044,-1.75,-10.9276,21
36882,36,026500,-88.471,5.25,51
37246,37,026789,-59.3896,1.75,21
38029,38,027357,-67.7485,5.25,51
38280,39,027539,1.75,95.6203,21
40126,40,028859,1.75,25.8847,21
40964,41,029533,-1.75,-77.8102,21
41139,42,029653,1.75,26.2543,21
42111,43,030313,1.75,46.2882,21
44321,44,031950,1.75,41.8447,21
44821,45,032357,66.5006,-1.75,21
46642,46,033646,-62.0873,1.75,21
49301,47,035490,28.2429,-1.75,51
52787,48,038052,5.25,79.1333,21
52787,49,038052,5.25,77.4667,21
52787,50,038052,5.25,75.8,21
52787,51,038052,5.25,74.1333,21
52788,52,038052,5.25,72.4667,21
52788,53,038052,5.25,70.8,21
52788,54,038052,5.25,69.1333,21
52788,55,038052,5.25,67.4667,21
52788,56,038052,5.25,67.4667,21
52788,57,038052,5.25,65.8,21
52788,58,038052,5.25,65.8,21
52788,59,038052,5.25,64.1333,21
52788,60,038052,5.25,64.1333,21
52788,61,038052,5.25,62.4667,21
52788,62,038052,5.25,62.4667,21
52788,63,038052,5.25,60.8,21
52788,64,038052,5.25,60.8,21
56227,65,040490,-1.75,-16.7944,21
56227,66,040490,-1.75,-16.6585,21
56228,67,040490,-1.75,-16.5084,21
56228,68,040490,-1.75,-16.3432,21
56228,69,040490,-1.75,-16.1622,21
56228,70,040490,-1.75,-15.9648,21
56228,71,040490,-1.75,-15.7503,21
56228,72,040490,-1.75,-15.518,21
56228,73,040490,-1.75,-15.2673,21
56228,74,040490,-1.75,-14.9978,21
56228,75,040490,-1.75,-14.709,21
56228,76,040490,-1.75,-14.4004,21
56229,77,040490,-1.75,-14.0719,21
56229,78,040490,-1.75,-13.7231,21
56229,79,040490,-1.75,-13.3538,21
56229,80,040490,-1.75,-12.9639,21
56229,81,040490,-1.75,-12.5533,21
56229,82,040490,-1.75,-12.1221,21
56229,83,040490,-1.75,-11.6701,21
56229,84,040490,-1.75,-11.1976,21
56229,85,040490,-1.75,-10.7046,21
56229,86,040490,-1.75,-10.1942,21
62112,87,044676,1.75,29.0256,21
63082,88,045397,77.8518,-1.75,21
65618,89,047143,1.75,23.0771,51
65815,90,047288,1.75,84.5175,51
65815,91,047288,1.75,83.0906,51
65815,92,047288,1.75,81.654,51
65815,93,047288,1.75,80.2079,51
65815,94,047288,1.75,78.7529,51
65816,95,047288,1.75,77.2892,51
65816,96,047288,1.75,75.8172,51
65816,97,047288,1.75,74.3373,51
65816,98,047288,1.75,72.8497,51
65816,99,047288,1.75,71.3549,51
65816,100,047288,1.75,69.853,51
65816,101,047288,1.75,68.3444,51
65816,102,047288,1.75,66.8294,51
65816,103,047288,1.75,65.3643,51
65816,104,047288,1.75,63.9493,51
65817,105,047288,1.75,62.5843,51
65817,106,047288,1.75,61.2692,51
65817,107,047288,1.75,60.0042,51
65898,108,047351,-66.3647,5.25,51
69912,109,050154,48.1032,-1.75,51
70090,110,050291,1.75,75.6344,51
71073,111,050912,-1.75,-21.6295,51
71073,112,050912,-1.75,-21.3731,51
71073,113,050912,-1.75,-21.0869,51
71073,114,050912,-1.75,-20.7713,51
71073,115,050912,-1.75,-20.4266,51
71073,116,050912,-1.75,-20.0532,51
71073,117,050912,-1.75,-19.6516,51
71073,118,050912,-1.75,-19.2223,51
71073,119,050912,-1.75,-18.7657,51
71074,120,050912,-1.75,-18.2826,51
71074,121,050912,-1.75,-17.7735,51
71074,122,050912,-1.75,-17.239,51
71074,123,050912,-1.75,-16.6798,51
71074,124,050912,-1.75,-16.0964,51
71074,125,050912,-1.75,-15.4897,51
71074,126,050912,-1.75,-14.8601,51
71074,127,050912,-1.75,-14.2085,51
71074,128,050912,-1.75,-13.5355,51
71074,129,050912,-1.75,-12.8416,51
71075,130,050912,-1.75,-12.1275,51
71075,131,050912,-1.75,-11.3935,51
71075,132,050912,-1.75,-10.6401,51
72405,133,051934,40.7383,-1.75,51
73721,134,052912,5.25,59.4129,21
75910,135,054496,1.75,85.8748,51
79074,136,056833,56.8012,-5.25,21
81942,137,058856,-1.75,-27.2978,21
82362,138,059137,5.25,87.8708,21
84662,139,060825,1.75,21.4443,21
85007,140,061089,1.75,52.3787,21
86732,141,062258,1.75,24.1208,21
88031,142,063248,-1.75,-55.6306,21
88271,143,063445,29.5351,-1.75,21
89790,144,064518,24.8903,-1.75,21
89790,145,064518,23.6475,-1.75,21
89790,146,064518,22.4107,-1.75,21
89790,147,064518,21.1811,-1.75,21
89790,148,064518,19.96,-1.75,21
89790,149,064518,18.7492,-1.75,21
89790,150,064518,17.5505,-1.75,21
89790,151,064518,16.3663,-1.75,21
89790,152,064518,15.1991,-1.75,21
89790,153,064518,14.0519,-1.75,21
89791,154,064518,12.9279,-1.75,21
89791,155,064518,11.8307,-1.75,21
89791,156,064518,10.7658,-1.75,21
91851,157,065947,53.11,-1.75,21
95020,158,068160,-1.75,-27.1151,21
96360,159,069116,92.1008,-1.75,51
96360,160,069116,90.4646,-1.75,51
96360,161,069116,88.8563,-1.75,51
96360,162,069116,87.2736,-1.75,51
96360,163,069116,85.7144,-1.75,51
96360,164,069116,84.1768,-1.75,51
96360,165,069116,82.659,-1.75,51
96360,166,069116,81.1593,-1.75,51
96360,167,069116,79.6763,-1.75,51
96360,168,069116,78.2086,-1.75,51
96361,169,069116,76.7549,-1.75,51
96361,170,069116,75.314,-1.75,51
96361,171,069116,73.885,-1.75,51
96361,172,069112,-5.25,-71.5715,51
96361,173,069116,72.4669,-1.75,51
96361,174,069116,71.0587,-1.75,51
96361,175,069116,69.6597,-1.75,51
96361,176,069116,68.2692,-1.75,51
96361,177,069116,66.8865,-1.75,51
96361,178,069116,65.511,-1.75,51
96361,179,069116,64.1422,-1.75,51
96362,180,069116,62.7795,-1.75,51
96362,181,069116,61.4225,-1.75,51
96362,182,069116,60.0708,-1.75,51
96362,183,069116,58.7241,-1.75,51
96362,184,069116,57.382,-1.75,51
96362,185,069116,56.0441,-1.75,51
96362,186,069116,54.7103,-1.75,51
96362,187,069116,53.3803,-1.75,51
96362,188,069116,52.0539,-1.75,51
96362,189,069116,50.7308,-1.75,51
96363,190,069116,49.4109,-1.75,51
96363,191,069116,48.094,-1.75,51
96363,192,069116,46.7801,-1.75,51
96363,193,069116,45.4688,-1.75,51
96363,194,069116,44.1602,-1.75,51
96363,195,069116,42.8542,-1.75,51
96363,196,069116,41.5506,-1.75,51
96363,197,069116,40.2494,-1.75,51
96363,198,069116,38.9504,-1.75,51
96363,199,069116,37.6538,-1.75,51
96364,200,069116,36.3593,-1.75,51
96364,201,069116,35.0671,-1.75,51
96364,202,069116,33.777,-1.75,51
96364,203,069116,32.489,-1.75,51
96364,204,069116,31.2032,-1.75,51
96364,205,069116,25.2853,-1.75,51
96365,206,069116,24.179,-1.75,51
96365,207,069116,23.0514,-1.75,51
96365,208,069116,21.9052,-1.75,51
96365,209,069116,20.7439,-1.75,51
96365,210,069116,19.5703,-1.75,51
96365,211,069116,18.387,-1.75,51
96365,212,069116,17.1965,-1.75,51
96365,213,069116,16.0012,-1.75,51
96365,214,069116,14.8033,-1.75,51
96365,215,069116,13.6049,-1.75,51
96366,216,069116,12.4085,-1.75,51
96366,217,069116,11.2163,-1.75,51
96366,218,069116,10.0309,-1.75,51
102938,219,073956,-36.9434,1.75,21
104734,220,075183,34.9366,-1.75,21
106014,221,076146,-5.25,-68.1327,21
106680,222,076572,13.5973,-1.75,21
106680,223,076572,13.5673,-1.75,21
106680,224,076572,13.5073,-1.75,21
106680,225,076572,13.4173,-1.75,21
106680,226,076572,13.2973,-1.75,21
106680,227,076572,13.1473,-1.75,21
106680,228,076572,12.9673,-1.75,21
106680,229,076572,12.7573,-1.75,21
106680,230,076572,12.5173,-1.75,21
106680,231,076572,12.2473,-1.75,21
106681,232,076572,11.9473,-1.75,21
106681,233,076572,11.6173,-1.75,21
106681,234,076572,11.2573,-1.75,21
106681,235,076572,10.8673,-1.75,21
106681,236,076572,10.451,-1.75,21
107295,237,077048,-5.25,-42.9164,51
109078,238,078302,38.1857,-1.75,21
110335,239,079146,-34.9833,1.75,21
110766,240,079486,1.75,47.332,21
114831,241,082323,-29.5762,1.75,21
117128,242,083983,-1.75,-87.4813,51
119645,243,085701,1.75,24.6943,21
122810,244,087936,-1.75,-35.0538,21
127564,245,091341,-1.75,-79.8362,21
129254,246,092602,-77.1122,1.75,51
139795,247,100028,1.75,52.3896,21
139898,248,100092,-21.7579,1.75,21
140778,249,100765,-56.0562,5.25,21
141052,250,100930,1.75,24.4415,21
141717,251,101430,-19.3497,1.75,51
141717,252,101430,-19.2179,1.75,51
141717,253,101430,-19.0704,1.75,51
141717,254,101430,-18.9065,1.75,51
141717,255,101430,-18.7254,1.75,51
141717,256,101430,-18.5266,1.75,51
141717,257,101430,-18.3093,1.75,51
145762,258,104348,82.4687,-1.75,21
150051,259,107362,86.7163,-1.75,21
150156,260,107438,1.75,44.8454,21
150312,261,107551,1.75,36.6481,21
151643,262,108507,71.3428,-1.75,21
152413,263,109063,55.9987,-5.25,21
153300,264,109629,13.5972,-1.75,21
153300,265,109629,13.5672,-1.75,21
153300,266,109629,13.5072,-1.75,21
153300,267,109629,13.4172,-1.75,21
153300,268,109629,13.2972,-1.75,21
153300,269,109629,13.1472,-1.75,21
153300,270,109629,12.9672,-1.75,21
153300,271,109629,12.7572,-1.75,21
153300,272,109629,12.5172,-1.75,21
153300,273,109629,12.2472,-1.75,21
153301,274,109629,11.9472,-1.75,21
153301,275,109629,11.6172,-1.75,21
153301,276,109629,11.2572,-1.75,21
153301,277,109629,10.8672,-1.75,21
153301,278,109629,10.4509,-1.75,21
155220,279,111026,-61.83,1.75,21
158834,280,113619,-93.3334,1.75,21
160282,281,114691,5.25,37.1008,51
161151,282,115308,-51.5131,1.75,51
161530,283,115559,1.75,33.6922,51
163037,284,116593,1.75,43.5654,21
164833,285,117936,5.25,70.8035,21
166603,286,119219,1.75,94.1333,21
166603,287,119219,1.75,92.4667,21
166603,288,119219,1.75,90.8,21
166603,289,119219,1.75,89.1333,21
166603,290,119219,1.75,87.4667,21
166603,291,119219,1.75,85.8,21
166603,292,119219,1.75,84.1333,21
166603,293,119219,1.75,82.4667,21
166603,294,119219,1.75,80.8,21
166604,295,119219,1.75,79.1333,21
166604,296,119219,1.75,77.4667,21
166604,297,119219,1.75,75.8,21
167520,298,119894,45.9119,-5.25,21
171656,299,122850,-61.9573,1.75,21
171716,300,122843,-1.75,-14.1615,21
171716,301,122843,-1.75,-14.0979,21
171716,302,122843,-1.75,-14.0043,21
171716,303,122843,-1.75,-13.8807,21
171716,304,122843,-1.75,-13.7271,21
171718,305,122843,-1.75,-12.5281,21
171718,306,122843,-1.75,-12.3181,21
171718,307,122843,-1.75,-12.0781,21
171718,308,122843,-1.75,-11.8081,21
171719,309,122843,-1.75,-11.5081,21
171719,310,122843,-1.75,-11.1781,21
171719,311,122843,-1.75,-10.8181,21
171719,312,122843,-1.75,-10.4298,21
171719,313,122843,-1.75,-10.0173,21
172909,314,123717,-14.0293,1.75,21
172909,315,123717,-13.9731,1.75,21
172909,316,123717,-13.887,1.75,21
172909,317,123717,-13.7709,1.75,21
172910,318,123717,-13.6248,1.75,21
172911,319,123717,-13.102,1.75,21
172911,320,123717,-13.072,1.75,21
172911,321,123717,-13.012,1.75,21
172911,322,123717,-12.922,1.75,21
172912,323,123717,-12.802,1.75,21
172913,324,123717,-12.4643,1.75,21
172913,325,123717,-12.4343,1.75,21
172913,326,123717,-12.3743,1.75,21
172913,327,123717,-12.2843,1.75,21
172913,328,123717,-12.1643,1.75,21
172915,329,123717,-11.8537,1.75,21
172915,330,123717,-11.8237,1.75,21
172915,331,123717,-11.7637,1.75,21
172915,332,123717,-11.6737,1.75,21
172915,333,123717,-11.5537,1.75,21
172917,334,123717,-11.2537,1.75,21
172917,335,123717,-11.2237,1.75,21
172917,336,123717,-11.1637,1.75,21
172917,337,123717,-11.0737,1.75,21
172917,338,123717,-10.9537,1.75,21
172917,339,123717,-10.8037,1.75,21
172917,340,123717,-10.6237,1.75,21
172918,341,123717,-10.4137,1.75,21
172945,342,123791,1.75,68.4073,21
177743,343,127182,-64.1333,5.25,21
177743,344,127182,-62.4667,5.25,21
177743,345,127182,-60.8,5.25,21
180793,346,129364,77.9052,-5.25,21
182097,347,130282,89.2782,-5.25,21
182578,348,130611,-26.0109,1.75,21
183460,349,131271,-59.5499,5.25,21
186425,350,133358,-1.75,-15.1596,21
186425,351,133358,-1.75,-14.5299,21
186425,352,133358,-1.75,-13.8808,21
186425,353,133358,-1.75,-13.2129,21
186426,354,133358,-1.75,-12.5288,21
186426,355,133358,-1.75,-11.833,21
186426,356,133358,-1.75,-11.1302,21
186426,357,133358,-1.75,-10.4254,21
190830,358,136603,38.4045,-1.75,51
191745,359,137262,1.75,62.8645,21
193290,360,138342,1.75,21.061,21
196590,361,140653,65.5812,-1.75,21
196590,362,140653,64.3509,-1.75,21
196590,363,140653,63.1119,-1.75,21
196590,364,140653,61.8653,-1.75,21
196590,365,140653,60.6121,-1.75,21
196590,366,140653,59.3534,-1.75,21
196590,367,140653,58.1096,-1.75,21
196590,368,140653,56.879,-1.75,21
196590,369,140653,55.6599,-1.75,21
196591,370,140653,54.4509,-1.75,21
196591,371,140653,53.2506,-1.75,21
196591,372,140653,52.058,-1.75,21
196591,373,140653,50.8717,-1.75,21
196591,374,140653,49.691,-1.75,21
196591,375,140653,48.5149,-1.75,21
196591,376,140653,47.3425,-1.75,21
196591,377,140653,46.1732,-1.75,21
196591,378,140653,44.989,-1.75,21
196591,379,140653,43.7921,-1.75,21
196592,380,140653,42.5842,-1.75,21
196592,381,140653,41.3776,-1.75,21
196592,382,140653,40.1703,-1.75,21
196592,383,140653,38.9603,-1.75,21
196594,384,140653,16.2549,-1.75,21
196594,385,140653,15.17,-1.75,21
196594,386,140653,14.0914,-1.75,21
196594,387,140653,13.025,-1.75,21
196594,388,140653,11.9771,-1.75,21
196594,389,140653,10.9547,-1.75,21
197679,390,141436,-72.1697,1.75,21
203744,391,145860,35.8,-5.25,21
204083,392,146091,52.4357,-5.25,21
208479,393,149310,-62.6148,1.75,21
211187,394,151176,5.25,54.1771,21
211763,395,151581,1.75,41.5069,21
212542,396,152215,5.25,65.0064,21
215691,397,154509,-5.25,-58.9127,21
218434,398,156500,1.75,60.9638,21
219670,399,157320,56.5522,-5.25,21
220006,400,157561,58.3118,-5.25,21
221563,401,158679,1.75,46.0562,21
222066,402,159022,52.4446,-1.75,21
223798,403,160225,-1.75,-13.9706,21
223798,404,160225,-1.75,-13.9178,21
223798,405,160225,-1.75,-13.835,21
223798,406,160225,-1.75,-13.7222,21
223798,407,160225,-1.75,-13.5794,21
223800,408,160225,-1.75,-13.077,21
223800,409,160225,-1.75,-13.047,21
223800,410,160225,-1.75,-12.987,21
223800,411,160225,-1.75,-12.897,21
223801,412,160225,-1.75,-12.777,21
223801,413,160225,-1.75,-12.627,21
223802,414,160225,-1.75,-12.1911,21
223803,415,160225,-1.75,-12.1611,21
223803,416,160225,-1.75,-12.1011,21
223803,417,160225,-1.75,-12.0111,21
223803,418,160225,-1.75,-11.8911,21
223803,419,160225,-1.75,-11.7411,21
223803,420,160225,-1.75,-11.5611,21
223803,421,160225,-1.75,-11.3511,21
223803,422,160225,-1.75,-11.1111,21
223803,423,160225,-1.75,-10.8411,21
223803,424,160225,-1.75,-10.5411,21
223804,425,160225,-1.75,-10.2111,21
227473,426,162868,1.75,74.0929,51
227843,427,163102,-92.4667,1.75,21
237851,428,170142,-1.75,-44.6938,51
238214,429,170355,1.75,40.412,21
239234,430,171123,-1.75,-42.9777,21
242278,431,173248,5.25,81.094,21
244327,432,174737,35.3907,-1.75,21
245248,433,175373,-1.75,-41.8481,51
249152,434,178200,1.75,82.6004,21
249224,435,178255,1.75,78.4492,21
249710,436,178604,-1.75,-36.0759,21
250686,437,179304,-40.6055,5.25,21
252439,438,180488,-20.1563,1.75,21
