66,1,000017,-102.393,1.75,21
96,2,000102,-565.4,1.75,21
214,3,000159,847.513,1.75,21
276,4,000408,692.07,48.25,21
290,5,000405,452.509,-1.75,51
406,6,000498,592.594,-48.25,21
473,7,000681,-637.696,1.75,21
546,8,000665,693.299,-48.25,21
755,9,000962,-562.076,98.25,21
783,10,000983,-821.675,48.25,21
850,11,001197,-483.313,1.75,21
874,12,001164,-220.469,-51.75,21
910,13,001231,-129.297,-51.75,21
940,14,001310,220.315,98.25,21
942,15,001386,-907.906,101.75,51
965,16,001399,-645.446,101.75,51
975,17,001329,110.88,51.75,21
983,18,001413,-491.885,101.75,21
1126,19,001572,184.901,-48.25,21
1209,20,001654,696.852,51.75,21
1227,21,001725,244.399,101.75,21
1236,22,001831,-905.689,51.75,21
1242,23,001766,-111.138,51.75,51
1258,24,001862,-894.134,1.75,21
1379,25,001904,-657.646,98.25,21
1510,26,002166,104.053,98.25,21
1543,27,002157,-487.436,-1.75,21
1553,28,002293,-835.529,1.75,51
1585,29,002276,156.332,48.25,21
1588,30,002349,908.389,-1.75,51
1597,31,002365,-954.367,-48.25,21
1664,32,002312,813.884,101.75,21
1673,33,002308,982.055,-48.25,21
1752,34,002460,575.646,-48.25,21
1827,35,002564,-504.2,-51.75,21
1975,36,002761,-317.353,-51.75,51
1987,37,002759,-551.848,98.25,21
2026,38,002903,-456.107,-48.25,21
2072,39,002883,469.91,51.75,51
2074,40,002896,404.176,1.75,21
2124,41,003051,-563.2,-48.25,21
2204,42,003179,-769.686,101.75,21
2262,43,003140,653.271,-48.25,21
2289,44,003155,-904.054,48.25,51
2339,45,003356,-484.543,1.75,21
2380,46,003383,108.303,-51.75,21
2413,47,003440,-153.266,-48.25,21
2451,48,003572,-871.025,-48.25,51
2493,49,003485,711.343,-48.25,21
2512,50,003627,-379.885,-48.25,21
2540,51,003672,490.108,98.25,51
2553,52,003717,-869.987,51.75,21
2568,53,003587,937.046,51.75,21
2628,54,003740,-27.9909,48.25,21
2629,55,003748,-5.69839,51.75,21
2646,56,003775,-19.8192,48.25,21
2657,57,003713,894.145,51.75,51
2690,58,003835,-88.2993,51.75,21
2826,59,003942,-806.289,-1.75,21
2827,60,004091,851.888,-51.75,21
2846,61,004103,-690.2,1.75,21
2864,62,004044,-273.075,-1.75,21
2882,63,004113,-308.959,-48.25,21
2888,64,004079,-305.001,48.25,21
2911,65,004140,75.0459,98.25,51
2945,66,004099,-933.043,-51.75,21
2952,67,004145,-549.671,-51.75,21
2958,68,004220,356.337,98.25,21
2963,69,004257,703.943,48.25,21
2967,70,004188,-194.514,-51.75,21
3113,71,004340,-815.742,-51.75,21
3170,72,004414,-865.491,-1.75,51
3258,73,004588,-253.418,98.25,21
3263,74,004682,865.644,-51.75,51
3501,75,004888,-257.911,48.25,51
3521,76,005004,828.068,98.25,21
3608,77,004980,-843.996,98.25,21
3738,78,005310,465.317,-1.75,51
3746,79,005253,-251.424,48.25,21
3753,80,005346,533.104,-51.75,21
3776,81,005311,-192.491,-51.75,51
3835,82,005399,-189.123,48.25,21
3853,83,005429,106.086,101.75,51
3861,84,005429,242.129,101.611,51
3876,85,005403,832.835,1.75,21
4083,86,005816,-693.053,1.75,21
4108,87,005865,-937.568,-48.25,21
4137,88,005799,457.791,1.75,51
4171,89,005872,66.5257,1.75,51
4201,90,005871,-570.679,-1.75,21
4208,91,005873,-661.795,98.25,51
4263,92,006047,561.244,-51.75,51
4325,93,006111,-203.486,51.75,21
4343,94,006092,279.518,1.75,51
4367,95,006156,155.089,98.25,21
4434,96,006252,-189.6,-48.25,21
4435,97,006323,-931.23,1.75,21
4471,98,006205,-943.669,-51.75,21
4486,99,006233,-853.852,-51.75,21
4507,100,006386,533.984,98.25,21
4527,101,006339,-379.165,48.25,21
4528,102,006392,294.58,98.25,21
4567,103,006391,-381.989,98.25,21
4575,104,006472,-402.146,51.75,21
4670,105,006492,917.317,1.75,21
4716,106,006682,-574.596,51.75,21
4755,107,006767,-895.807,1.75,51
4779,108,006751,317.709,-51.75,21
4815,109,006826,581.7,-51.75,21
4872,110,006882,-388.373,101.75,21
4881,111,006906,474.235,-1.75,21
5074,112,007088,692.036,-48.25,21
5130,113,007206,322.466,101.75,21
5158,114,007314,-475.467,51.75,51
5239,115,007390,-71.186,101.75,51
5398,116,007570,778.148,51.75,21
5436,117,007773,910.351,-51.75,21
5481,118,007827,-994.191,51.75,21
5486,119,007792,383.112,-51.75,21
5535,120,007885,672.497,-1.75,21
5753,121,008100,-480.884,-1.75,51
5903,122,008296,529.637,101.75,21
5928,123,008401,-149.781,1.75,21
5931,124,008386,-71.8874,98.25,51
5947,125,008319,-936.566,98.25,21
6020,126,008454,-558.812,-1.75,21
6076,127,008553,269.981,51.75,21
6082,128,008565,282.118,51.75,21
6114,129,008689,-692.777,101.75,51
6176,130,008730,-207.663,51.75,21
6271,131,008888,-489.439,51.75,51
6352,132,009038,-930.829,1.75,21
6406,133,008990,608.51,101.75,51
6437,134,009069,93.9419,51.75,21
6542,135,009164,680.19,-48.25,21
6552,136,009243,-198.005,1.75,21
6620,137,009259,761.183,51.75,51
6671,138,009312,-960.528,48.25,21
6684,139,009445,437.887,98.25,21
6689,140,009359,698.643,101.75,21
6783,141,009525,-356.809,48.25,21
6805,142,009633,646.897,98.25,51
6996,143,009933,938.264,98.25,51
7042,144,009896,266.558,51.75,21
7047,145,009967,-359.398,101.75,21
7201,146,010197,576.684,-51.75,21
7255,147,010140,832.351,1.75,21
7261,148,010210,-281.386,-1.75,21
7314,149,010322,-234.457,1.75,21
7317,150,010331,245.996,48.25,21
7343,151,010348,-15.5507,-48.25,21
7356,152,010313,586.802,1.75,21
7432,153,010449,-332.473,-51.75,21
7449,154,010446,609.212,101.75,21
7450,155,010483,143.777,101.75,21
7462,156,010553,-344.828,-48.25,51
7475,157,010624,-859.855,51.75,21
7547,158,010644,-99.1384,-51.75,51
7646,159,010729,689.673,1.75,21
7720,160,010863,223.44,1.75,21
7737,161,010826,844.772,51.75,21
7792,162,010943,-415.083,-51.75,21
7794,163,010979,56.5482,-51.75,21
7803,164,011011,427.604,48.25,51
7870,165,011141,-768.11,-48.25,21
7885,166,011156,706.429,-1.75,51
7962,167,011288,926.038,-1.75,21
7986,168,011239,-58.2454,98.25,21
8031,169,011267,-485.622,48.25,21
8219,170,011561,251.734,101.75,51
8227,171,011601,94.9597,-51.75,51
8260,172,011664,-242.363,101.75,21
8287,173,011598,-954.199,-1.75,21
8460,174,011840,873.957,101.75,51
8640,175,012197,477.988,-51.75,21
8758,176,012288,329.223,51.75,21
8793,177,012387,98.273,-51.75,51
8829,178,012370,-635.479,-51.75,21
8874,179,012459,-326.292,98.25,21
8960,180,012627,28.8149,101.75,51
9080,181,012764,698.355,1.75,51
9098,182,012786,712.481,-48.25,21
9168,183,013017,-851.703,1.75,21
9402,184,013346,-977.299,51.75,21
9431,185,013235,-733.993,98.25,51
9435,186,013361,625.107,-1.75,21
9455,187,013370,-346.55,51.75,21
9471,188,013363,83.8357,48.25,21
9497,189,013390,-39.4289,98.25,21
9549,190,013435,-308.121,-51.75,21
9559,191,013540,-521.215,-48.25,21
9592,192,013589,-500.958,1.75,51
9597,193,013582,-367.751,-48.25,51
9673,194,013577,-966.899,48.25,51
9675,195,013663,15.8198,48.25,21
9718,196,013821,815.721,-1.75,51
9777,197,013901,-734.367,1.75,21
9836,198,013937,-178.528,51.75,21
9885,199,013958,371.954,101.75,51
10000,200,014191,-432.198,1.75,21
10038,201,014249,443.04,-1.75,21
10073,202,014275,-140.643,1.75,21
10097,203,014341,586.357,98.25,51
10123,204,014286,-553.967,98.25,51
10300,205,014526,-519.094,-1.75,21
10383,206,014736,-808.889,51.75,21
10498,207,014745,-914.518,98.25,21
10561,208,014913,-182.513,-48.25,21
10565,209,014945,-518.534,51.75,51
10579,210,014985,-888.68,-48.25,21
10675,211,015052,111.125,98.25,21
10732,212,015049,-906.282,-1.75,21
10733,213,015163,514.138,-51.75,21
10808,214,015276,-493.082,101.75,51
10840,215,015203,811.843,-48.25,21
10844,216,015251,449.168,51.75,21
10868,217,015369,-661.238,101.75,51
10884,218,015339,-0.521062,98.25,21
10982,219,015552,955.958,48.25,21
10990,220,015494,160.206,-1.75,21
11047,221,015521,392.099,51.75,21
11090,222,015624,-19.7969,-1.75,51
11192,223,015770,-54.775,98.25,21
11269,224,015806,-968.415,-1.75,21
11356,225,016026,-260.462,-48.25,51
11366,226,015929,925.545,51.75,51
11461,227,016138,-410.993,48.25,21
11515,228,016201,-386.448,98.25,21
11593,229,016269,969.33,101.75,21
11627,230,016464,-611.1,1.75,51
11710,231,016617,982.636,-1.75,21
11715,232,016582,547.292,-51.75,21
11739,233,016541,391.951,101.75,21
11786,234,016569,818.278,1.75,21
11991,235,016953,-174.134,1.75,21
11996,236,016858,-967.577,48.25,21
12084,237,017132,757.609,48.25,21
12205,238,017305,733.068,98.25,21
12227,239,017229,467.185,51.75,21
12245,240,017281,-164.446,98.25,21
12284,241,017378,227.77,-51.75,21
12376,242,017435,682.21,51.75,21
12444,243,017644,-863.224,101.75,21
12522,244,017681,-49.9387,98.25,21
12653,245,017890,54.2546,-51.75,21
12695,246,017868,752.464,101.75,21
12835,247,018174,-324.131,101.75,51
12843,248,018164,102.903,-1.75,21
12886,249,018160,-647.369,48.25,21
12987,250,018301,761.941,1.75,51
13001,251,018338,-654.114,98.25,21
13032,252,018394,-515.723,48.25,21
13045,253,018373,-899.575,-51.75,21
13067,254,018495,-426.135,1.75,21
13077,255,018463,-140.349,48.25,51
13133,256,018546,4.24284,1.75,21
13212,257,018632,-375.696,-51.75,51
13264,258,018694,-658.384,48.25,21
13289,259,018826,-257.507,101.75,21
13345,260,018894,-102.343,51.75,21
13378,261,018899,-381.882,-51.75,21
13400,262,018956,75.4071,-51.75,21
13424,263,018972,-194.875,48.25,51
13433,264,018969,375.496,1.75,21
13447,265,018944,-810.759,-1.75,21
13457,266,018973,684.826,1.75,21
13534,267,019093,755.05,51.75,21
13550,268,019259,-962.557,101.75,21
13555,269,019220,-409.658,101.75,21
13598,270,019228,190.469,-48.25,21
13657,271,019400,-808.835,-48.25,21
13682,272,019381,188.999,98.25,21
13719,273,019437,-289.427,-48.25,51
13729,274,019382,568.209,101.75,21
13744,275,019471,272.355,98.25,21
13884,276,019623,346.756,101.75,51
13903,277,019618,699.338,101.75,51
13943,278,019663,888.043,51.75,21
13951,279,019664,982.644,-48.25,21
13974,280,019809,-452.711,51.75,21
14089,281,019972,345.616,98.25,21
14168,282,019989,-687.003,-1.75,21
14175,283,020033,-241.676,98.25,21
14210,284,020129,126.999,-1.75,51
14241,285,020117,556.041,1.75,21
14424,286,020452,-896.498,-48.25,21
14573,287,020588,-165.167,-48.25,21
14580,288,020661,-897.227,101.75,51
14605,289,020553,803.918,1.75,21
14617,290,020624,94.704,1.75,21
14646,291,020629,504.556,-48.25,21
14672,292,020799,840.08,-51.75,21
14673,293,020654,-708.562,-51.75,51
14692,294,020722,-179.106,-1.75,21
14830,295,020914,517.198,51.75,21
14858,296,020919,-959.326,-51.75,21
14889,297,021072,496.613,98.25,21
14947,298,021178,-790.062,-48.25,21
14963,299,021144,-77.2213,101.75,21
14995,300,021229,-683.394,1.75,21
15009,301,021164,-376.908,98.25,51
15222,302,021398,994.602,101.75,21
15275,303,021474,-979.969,48.25,21
15321,304,021594,457.413,51.75,21
15353,305,021658,-311.478,-51.75,21
15368,306,021618,971.148,101.75,51
15479,307,021842,-135.448,48.25,21
15531,308,021945,331.671,-1.75,51
15651,309,022059,-338.299,-51.75,21
15732,310,022193,-229.462,-1.75,21
15830,311,022321,258.124,51.75,21
15888,312,022360,641.701,51.75,51
15998,313,022583,-67.8589,101.75,21
16052,314,022703,532.8,-1.75,21
16052,315,022665,72.5294,-51.75,21
16115,316,022699,549.708,-48.25,21
16165,317,022861,-497.943,-48.25,51
16182,318,022760,952.754,51.75,21
16337,319,023091,358.022,48.25,51
16362,320,023150,684.407,-1.75,51
16424,321,023145,398.626,-48.25,21
16429,322,023172,-133.158,98.25,21
16454,323,023227,-101.067,1.75,51
16567,324,023405,297.222,-1.75,21
16581,325,023459,705.919,48.25,21
16630,326,023474,-47.3297,-51.75,51
16670,327,023578,-732.515,1.75,21
16710,328,023561,261.383,1.75,21
16819,329,023700,282.372,51.75,21
16929,330,023933,574.419,-51.75,21
16930,331,023873,-135.744,48.25,21
16958,332,023888,422.623,101.75,21
17067,333,024001,-952.499,48.25,51
17193,334,024347,517.628,-1.75,51
17378,335,024557,2.64934,1.75,21
17418,336,024645,519.653,-51.75,21
17428,337,024649,397.672,-51.75,21
17442,338,024698,609.029,-51.75,21
17458,339,024644,132.609,101.75,21
17601,340,024796,-938.751,-51.75,51
17618,341,024840,-671.582,-1.75,51
17666,342,024987,468.568,-1.75,51
17762,343,025101,-20.1564,101.75,21
17856,344,025275,-348.132,51.75,21
17877,345,025317,-490.885,-48.25,21
17900,346,025221,875.946,101.75,21
17967,347,025350,-498.982,98.25,51
17974,348,025446,-599.489,101.75,21
18100,349,025613,-725.766,51.75,21
18243,350,025754,-365.114,51.75,21
18342,351,025852,-244.142,98.25,21
18354,352,025978,907.353,-1.75,51
18377,353,025859,670.662,1.75,21
18515,354,026051,891.181,-48.25,21
18670,355,026280,-884.2,98.25,21
18725,356,026366,-720.851,48.25,21
18773,357,026405,858.386,51.75,21
18920,358,026661,-376.944,48.25,21
19280,359,027233,-458.52,-48.25,21
19280,360,027250,615.199,-51.75,21
19297,361,027253,369.122,-1.75,51
19333,362,027192,917.5,1.75,21
19409,363,027336,-662.557,98.25,21
19416,364,027314,-933.59,98.25,21
19450,365,027434,200.204,1.75,21
19473,366,027519,405.464,98.25,21
19550,367,027575,-181.312,48.25,21
19675,368,027802,-340.696,1.75,21
19705,369,027871,792.571,48.25,51
19750,370,027903,353.201,48.25,21
19775,371,027953,533.271,98.25,21
19776,372,027966,-687.224,-48.25,51
19865,373,028086,-560.11,101.75,21
19897,374,028023,675.098,1.75,21
19980,375,028260,-481.87,51.75,21
20047,376,028383,869.333,48.25,51
20097,377,028431,-719.779,-48.25,51
20259,378,028566,-338.204,48.25,51
20268,379,028608,1.44387,-51.75,21
20417,380,028866,332.96,-1.75,21
20456,381,028971,-964.6,1.75,51
20563,382,029080,594.389,48.25,51
20687,383,029124,909.75,-48.25,51
20748,384,029291,-39.8082,101.75,21
20789,385,029441,-866.734,101.75,21
20822,386,029354,532.102,51.75,21
20828,387,029465,-483.859,1.75,21
20863,388,029383,-906.945,48.25,21
20968,389,029672,-567.367,101.75,21
21057,390,029732,122.135,51.75,51
21080,391,029862,723.734,98.25,51
21099,392,029910,-936.221,-48.25,21
21102,393,029836,-134.825,1.75,21
21119,394,029789,662.52,51.75,21
21149,395,029872,359.253,51.75,21
21182,396,029896,684.185,101.75,21
21199,397,030042,957.501,48.25,21
21283,398,029992,-929.331,-51.75,21
21295,399,030188,-949.697,51.75,51
21365,400,030233,-368.544,-48.25,21
21427,401,030256,434.82,51.75,21
21609,402,030492,739.966,-48.25,51
21706,403,030722,34.6381,98.25,21
21939,404,031007,308.361,51.75,21
21957,405,031002,648.253,51.75,51
22088,406,031192,-630.426,98.25,21
22119,407,031313,404.387,48.25,51
22130,408,031333,-458.715,1.75,21
22220,409,031510,-828.616,51.75,21
22226,410,031486,-481.784,51.75,21
22227,411,031458,-75.1104,51.75,21
22467,412,031842,609.123,98.25,21
22676,413,032032,-678.624,-1.75,21
22701,414,032156,332.74,-1.75,21
22743,415,032202,198.455,98.25,21
22760,416,032222,159.237,-1.75,21
22823,417,032374,-899.769,101.75,21
22917,418,032476,-284.544,101.75,21
22938,419,032396,800.02,-48.25,21
22987,420,032493,-570.307,98.25,21
23077,421,032617,-742.182,-1.75,21
23086,422,032707,-295.891,51.75,21
23122,423,032731,-5.06122,101.75,21
23155,424,032720,-719.199,48.25,21
23163,425,032868,-872.512,-48.25,21
23201,426,032893,-707.567,51.75,21
23210,427,032791,744.867,-48.25,21
23266,428,032986,656.02,-51.75,21
23335,429,033068,-594.026,101.75,21
23399,430,033131,-284.963,51.75,21
23413,431,033098,387.777,51.75,21
23554,432,033298,-628.311,98.25,21
23556,433,033394,-645.062,101.75,51
23652,434,033416,-725.586,98.25,21
23679,435,033499,-198.665,-1.75,21
23721,436,033575,114.994,98.25,21
23728,437,033646,746.146,-1.75,21
23828,438,033714,-89.3439,-51.75,21
23844,439,033790,559.547,98.25,21
23844,440,033659,-927.22,-51.75,21
23953,441,033823,947.971,51.75,51
23979,442,033881,675.29,51.75,21
24015,443,033935,-720.384,-51.75,21
24038,444,033968,-829.963,98.25,21
24157,445,034311,-994.179,101.75,21
24229,446,034356,364.787,-1.75,21
24278,447,034430,328.842,48.25,21
24305,448,034485,559.766,98.25,21
24430,449,034618,-196.071,1.75,21
24470,450,034594,809.325,51.75,21
24502,451,034645,-764.656,-1.75,21
24546,452,034685,-982.491,48.25,21
24709,453,034984,-236.296,-51.75,21
24712,454,034971,554.043,1.75,21
24774,455,035140,-581.188,1.75,51
24836,456,035143,456.279,51.75,21
24860,457,035179,460.505,-48.25,21
24911,458,035238,-638.183,98.25,21
24932,459,035245,-857.132,-51.75,21
25022,460,035487,-436.095,1.75,51
25111,461,035491,988.545,1.75,21
25364,462,035954,-35.6735,98.25,21
25400,463,035997,159.658,101.75,21
25423,464,036056,-209.144,-48.25,21
25435,465,036126,662.182,98.25,21
25441,466,036170,-963.45,101.75,51
25526,467,036214,46.5436,48.25,21
25592,468,036367,-594.801,-48.25,51
25655,469,036449,-541.857,51.75,21
25800,470,036577,609.458,-48.25,51
25820,471,036623,362.718,1.75,21
25881,472,036770,-253.1,101.75,21
25894,473,036670,984.941,51.75,21
25979,474,036819,638.719,-48.25,21
26079,475,036998,-363.856,48.25,21
26101,476,036976,931.229,-48.25,21
26167,477,037244,-763.16,-48.25,21
26168,478,037184,-155.463,51.75,21
26172,479,037203,211.508,98.25,51
26302,480,037330,513.286,-48.25,21
26327,481,037508,965.305,48.25,21
26447,482,037570,-126.167,98.25,51
26486,483,037677,-500.577,-48.25,51
26552,484,037721,-76.4751,-51.75,21
26613,485,037819,25.7447,98.25,21
26988,486,038344,-573.213,98.25,21
26991,487,038435,-112.209,51.75,51
27023,488,038522,504.373,-51.75,21
27099,489,038629,-457.19,-48.25,51
27169,490,038735,-448.819,-48.25,51
27174,491,038728,317.491,-1.75,21
27230,492,038710,-812.683,-51.75,21
27292,493,038836,506.536,-48.25,21
27404,494,039101,791.256,48.25,21
27443,495,039087,-17.3905,98.25,21
27486,496,039112,432.131,1.75,51
27494,497,039127,-380.097,-51.75,21
27515,498,039265,-927.499,1.75,21
27590,499,039225,791.705,51.75,21
27599,500,039227,960.623,-48.25,21
27690,501,039485,-796.137,-48.25,21
27730,502,039507,-417.65,1.75,21
27750,503,039567,-877.953,101.75,21
27861,504,039588,651.379,51.75,21
28042,505,039973,-625.982,101.75,21
28150,506,040119,-430.237,1.75,21
28369,507,040414,-288.254,1.75,21
28371,508,040311,633.997,101.75,21
28371,509,040461,-744.233,51.75,21
28381,510,040424,-176.443,101.75,21
28413,511,040410,-355.728,-1.75,51
28477,512,040596,654.28,98.25,21
28503,513,040627,487.918,-1.75,21
28519,514,040518,915.132,101.75,21
28586,515,040753,-434.416,51.75,21
28644,516,040712,976.72,101.75,51
28649,517,040824,-168.07,-48.25,21
28724,518,040837,-885.307,-51.75,21
28767,519,040907,-810.679,-1.75,51
28860,520,041115,-177.471,-48.25,21
28891,521,041206,-761.875,-48.25,21
28899,522,041105,-648.981,48.25,21
28909,523,041185,-214.211,-48.25,21
29041,524,041285,858.295,51.75,51
29071,525,041454,-763.778,1.75,51
29223,526,041694,-973.055,51.75,21
29292,527,041727,-129.797,51.75,21
29463,528,041955,140.914,-51.75,21
29471,529,041982,344.602,-1.75,21
29547,530,041993,771.366,-48.25,21
29566,531,042121,-463.524,101.75,21
29588,532,042064,-449.327,98.25,21
29863,533,042541,800.647,-51.75,51
29879,534,042542,-614.682,51.75,21
29903,535,042613,-932.605,-48.25,21
29947,536,042579,-135.964,-51.75,51
29996,537,042643,281.711,-48.25,51
30017,538,042712,150.499,-51.75,51
30034,539,042723,-143.349,101.75,21
30096,540,042835,168.843,98.25,21
30136,541,042890,163.927,-1.75,21
30174,542,042891,435.582,-48.25,21
30204,543,043025,834.73,-1.75,21
30204,544,043039,-967.163,-48.25,21
30308,545,043164,627.331,-51.75,21
30474,546,043420,-923.568,-48.25,21
30511,547,043441,468.793,-1.75,51
30540,548,043498,607.774,48.25,21
30606,549,043473,-704.957,98.25,51
30634,550,043608,-304.495,51.75,51
30727,551,043650,716.518,51.75,21
30728,552,043778,824.72,-51.75,21
30732,553,043720,31.559,51.75,21
30756,554,043687,-834.973,48.25,21
30845,555,043831,-445.582,98.25,21
30917,556,044027,912.271,48.25,51
31047,557,044152,-437.361,101.75,21
31077,558,044161,33.0703,-51.75,21
31122,559,044193,405.524,51.75,21
31129,560,044266,250.225,98.25,21
31134,561,044244,-91.7283,-1.75,21
31163,562,044222,816.611,101.75,21
31214,563,044287,-891.054,-1.75,21
31399,564,044677,435.606,-51.75,21
31476,565,044850,979.6,98.25,21
31543,566,044821,430.051,101.75,21
31626,567,044934,-606.426,98.25,21
31640,568,045095,955.035,98.25,51
31650,569,044961,774.505,51.75,21
31705,570,045093,-152.369,98.25,21
31746,571,045130,-407.342,-1.75,21
31795,572,045250,102.703,48.25,21
31918,573,045345,-749.768,-51.75,21
31949,574,045451,30.8154,-1.75,21
32022,575,045602,436.706,48.25,21
32051,576,045593,109.807,101.75,21
32077,577,045570,-769.762,-51.75,21
32088,578,045663,-103.513,48.25,21
32102,579,045653,-396.974,48.25,21
32104,580,045763,-612.46,-48.25,21
32282,581,045891,-717.059,-1.75,21
32363,582,046071,73.6632,98.25,21
32407,583,046139,21.8967,51.75,21
32436,584,046165,216.492,-48.25,21
32561,585,046420,-790.436,51.75,51
32751,586,046653,187.169,-51.75,21
32760,587,046555,-961.725,48.25,21
32817,588,046834,811.549,-1.75,21
32911,589,046889,-235.419,48.25,21
32928,590,047007,832.476,-51.75,21
32929,591,047002,-794.278,51.75,21
32958,592,047048,801.829,98.25,21
33023,593,047056,194.767,51.75,21
33056,594,047169,-585.608,1.75,21
33084,595,047115,494.3,1.75,21
33106,596,047130,659.982,101.75,21
33135,597,047283,-677.301,-48.25,51
33156,598,047222,444.894,101.75,21
33287,599,047430,353.304,1.75,51
33320,600,047521,-153.589,51.75,21
33325,601,047539,-326.878,51.75,21
33333,602,047566,481.341,-51.75,21
33365,603,047645,849.943,48.25,21
33391,604,047695,-894.219,101.75,21
33414,605,047591,643.343,1.75,21
33503,606,047734,-408.738,-51.75,51
33506,607,047804,-260.097,51.75,21
33541,608,047769,-677.191,98.25,21
33554,609,047848,65.4999,-48.25,21
33624,610,048062,917.585,-1.75,21
33627,611,047939,351.527,101.75,21
33712,612,048179,727.444,-1.75,21
33754,613,048181,-108.482,101.75,51
33806,614,048230,271.276,101.75,51
33838,615,048264,-405.329,-51.75,21
33880,616,048359,21.2115,-1.75,21
33904,617,048466,-786.213,1.75,21
33934,618,048459,252.718,-51.75,21
33972,619,048538,532.943,-1.75,21
33986,620,048581,721.155,-1.75,21
34079,621,048671,318.976,98.25,51
34080,622,048669,286.946,-51.75,21
34080,623,048674,335.635,98.25,21
34196,624,048833,242.406,-51.75,21
34300,625,049005,543.738,48.25,21
34320,626,049072,989.548,-51.75,21
34326,627,048958,506.311,101.75,21
34397,628,049083,-186.722,-51.75,51
34404,629,049027,-918.608,98.25,21
34419,630,049205,-948.831,-48.25,51
34464,631,049206,-214.823,101.75,21
34548,632,049298,-235.352,-51.75,21
34625,633,049337,905.511,101.75,21
34670,634,049386,964.364,-48.25,51
34687,635,049547,754.487,-1.75,51
34763,636,049573,63.2306,101.75,21
34770,637,049680,-987.477,51.75,21
34782,638,049561,-593.329,-1.75,51
34972,639,049811,-824.802,-1.75,21
35010,640,049904,-367.16,98.25,21
35103,641,050133,789.192,-51.75,21
35139,642,050140,290.69,48.25,51
35167,643,050122,-442.777,48.25,21
35168,644,050217,-817.564,-48.25,51
35306,645,050363,340.712,48.25,21
35332,646,050403,332.222,48.25,21
35351,647,050414,-204.838,51.75,21
35353,648,050432,299.333,48.25,21
35377,649,050435,95.6269,1.75,51
35470,650,050536,-619.25,-51.75,51
35489,651,050666,581.429,48.25,21
35608,652,050881,-970.664,-48.25,51
35669,653,050866,-181.835,48.25,21
35761,654,051090,-835.623,-48.25,21
35783,655,051008,561.951,1.75,21
35893,656,051198,-5.68316,48.25,51
35906,657,051239,-203.33,-48.25,21
35945,658,051274,101.274,101.75,21
35974,659,051362,449.197,48.25,21
36072,660,051436,514.036,101.75,21
36153,661,051558,-369.842,-51.75,21
36291,662,051800,29.0181,-48.25,21
36291,663,051874,-521.165,101.75,21
36297,664,051893,602.628,48.25,21
36425,665,052034,493.877,48.25,21
36500,666,052060,479.34,-48.25,51
36637,667,052233,-444.988,-51.75,21
36661,668,052298,-90.8251,-51.75,21
36754,669,052527,-926.436,51.75,21
36798,670,052432,-862.218,98.25,21
36833,671,052550,61.435,51.75,21
36849,672,052645,858.315,48.25,21
36851,673,052543,-431.905,-51.75,21
36958,674,052773,685.125,98.25,51
36967,675,052662,880.906,101.75,51
36970,676,052699,428.461,-48.25,21
36988,677,052795,526.189,48.25,21
37061,678,052833,-325.99,98.25,21
37071,679,052861,112.172,101.75,21
37082,680,052859,333.708,-48.25,21
37157,681,053005,-3.99759,-51.75,21
37175,682,053087,-546.539,-48.25,21
37217,683,053019,-856.625,-1.75,51
37234,684,053109,230.214,-48.25,21
37339,685,053372,950.912,-51.75,51
37346,686,053231,-787.137,-51.75,21
37402,687,053445,794.551,-1.75,21
37405,688,053442,704.875,98.25,21
37475,689,053518,315.527,98.25,21
37516,690,053582,355.076,98.25,21
37535,691,053515,-695.05,-1.75,21
37541,692,053602,-277.178,51.75,51
37545,693,053643,643.433,-51.75,21
37557,694,053529,888.176,51.75,21
37630,695,053644,746.152,101.75,21
37638,696,053801,-795.851,1.75,21
37694,697,053801,142.319,1.61111,21
37767,698,053979,-715.707,51.75,51
37777,699,053935,-37.4206,-48.25,51
37959,700,054270,-655.498,-48.25,51
38088,701,054443,-578.995,1.75,21
38154,702,054491,30.3302,-48.25,51
38352,703,054804,241.112,48.25,21
38403,704,054853,-134.075,51.75,21
38412,705,054794,868.17,-48.25,21
38483,706,054885,883.824,51.75,51
38485,707,055033,557.171,-51.75,21
38637,708,055190,-78.9738,-1.75,21
38692,709,055233,-364.156,-1.75,21
38937,710,055593,537.299,1.75,51
38983,711,055662,-474.085,98.25,21
38999,712,055790,-714.107,51.75,21
39154,713,055906,-302.515,-51.75,21
39179,714,055892,906.691,-48.25,51
39221,715,056002,-396.577,-1.75,21
39256,716,056139,-658.475,101.75,21
39259,717,056055,-363.577,48.25,51
39307,718,056175,180.836,98.25,21
39326,719,056112,-827.471,-51.75,21
39370,720,056219,-332.462,-1.75,21
39394,721,056346,614.883,48.25,21
39453,722,056442,820.83,-1.75,21
39720,723,056839,-817.313,-48.25,21
39736,724,056874,865.204,48.25,21
39749,725,056832,-312.171,51.75,21
39751,726,056753,543.721,51.75,51
39774,727,056899,-482.734,1.75,21
39787,728,056857,-83.8978,-51.75,21
39789,729,056933,680.918,98.25,51
39859,730,056968,-55.9228,48.25,21
39868,731,057008,-258.571,-48.25,21
39891,732,057100,-932.895,-48.25,21
39941,733,057034,573.069,101.75,21
40073,734,057358,884.507,-51.75,21
40083,735,057360,-724.14,1.75,21
40160,736,057442,-412.999,101.75,21
40212,737,057541,525.625,-51.75,21
40230,738,057497,152.603,-48.25,21
40243,739,057510,-318.801,-1.75,21
40286,740,057610,-125.966,1.75,21
40377,741,057645,-939.677,98.25,21
40423,742,057735,-688.09,-1.75,51
40540,743,057969,-49.3178,98.25,21
40563,744,058055,550.011,-1.75,21
40584,745,058108,-762.633,51.75,21
40674,746,058102,-741.478,98.25,21
40727,747,058176,-728.454,-1.75,21
40790,748,058271,-480.858,98.25,21
40794,749,058267,-555.322,-51.75,51
40795,750,058308,53.335,-48.25,51
40902,751,058550,914.659,98.25,51
40903,752,058502,380.518,98.25,21
40961,753,058572,171.009,98.25,21
41012,754,058593,393.593,-48.25,21
41026,755,058700,-628.244,1.75,21
41049,756,058644,337.949,51.75,21
41119,757,058720,-656.673,98.25,51
41164,758,058907,-821.146,51.75,21
41187,759,058821,-602.074,98.25,51
41193,760,058931,-677.33,1.75,21
41205,761,058837,-658.464,48.25,21
41287,762,059069,-651.685,101.75,21
41323,763,059087,-260.072,51.75,21
41392,764,059111,646.044,1.75,51
41590,765,059548,-969.816,-48.25,21
41731,766,059756,768.623,98.25,21
41736,767,059680,103.791,101.75,21
41850,768,059842,-189.963,98.25,21
42049,769,060227,-877.558,1.75,21
42104,770,060170,-633.527,-51.75,21
42124,771,060255,-49.7633,101.75,21
42198,772,060359,-33.939,1.75,21
42207,773,060423,-554.897,101.75,21
42320,774,060462,-750.71,-1.75,21
42328,775,060502,491.798,1.75,21
42363,776,060628,-345.859,51.75,21
42406,777,060734,806.104,-51.75,21
42471,778,060772,-136.098,51.75,21
42509,779,060828,125.113,48.25,51
42531,780,060860,140.02,98.25,21
42833,781,061383,-855.892,101.75,21
43137,782,061822,666.722,-51.75,21
43173,783,061741,-890.181,-1.75,21
43187,784,061769,780.774,-48.25,21
43208,785,061835,-320.123,-51.75,21
43237,786,061943,-543.271,-48.25,21
43242,787,061904,97.3682,51.75,21
43277,788,061994,-512.901,101.75,51
43392,789,062158,790.413,48.25,51
43452,790,062195,-92.1041,1.75,51
43472,791,062173,331.678,101.75,51
43484,792,062188,-443.351,98.25,21
43561,793,062380,-291.629,51.75,21
43598,794,062369,498.731,1.75,51
43606,795,062447,427.391,48.25,21
43643,796,062549,-864.288,1.75,21
43653,797,062451,-359.414,-51.75,21
43654,798,062503,-213.546,101.75,21
43673,799,062473,505.714,51.75,21
43703,800,062491,748.362,1.75,21
43877,801,062805,-4.61417,101.75,51
43879,802,062742,832.441,-48.25,21
43921,803,062851,254.621,101.75,21
43945,804,062910,-24.9322,-51.75,21
43962,805,062879,596.352,1.75,21
43980,806,062906,-659.469,48.25,21
44013,807,062922,946.224,-48.25,21
44088,808,063040,-976.573,48.25,51
44107,809,063075,-985.535,-1.75,21
44233,810,063284,-816.646,48.25,21
44254,811,063445,-849.293,-48.25,51
44272,812,063453,718.682,98.25,21
44332,813,063483,114.797,48.25,51
44362,814,063475,487.621,51.75,21
44535,815,063684,986.252,101.75,21
44552,816,063749,363.407,101.75,21
44574,817,063903,965.812,-51.75,21
44659,818,063977,304.847,48.25,21
44875,819,064280,-587.291,51.75,21
44976,820,064341,-461.147,98.25,21
45008,821,064472,-410.321,1.75,21
45043,822,064420,797.897,101.75,51
45067,823,064603,881.126,-51.75,21
45075,824,064451,-997.606,-1.75,21
45097,825,064622,590,-51.75,21
45114,826,064599,-57.03,1.75,21
45154,827,064731,-858.334,101.75,21
45170,828,064662,-140.414,-1.75,21
45272,829,064919,-820.919,101.75,21
45460,830,065086,-467.481,-1.75,21
45466,831,065204,-947.614,51.75,21
45773,832,065581,400.507,-1.75,51
45883,833,065636,-828.364,-1.75,21
45912,834,065707,455.733,-48.25,21
45934,835,065837,610.598,48.25,21
45942,836,065819,-304.073,1.75,21
45955,837,065727,-975.973,-1.75,21
46054,838,065877,-838.501,-1.75,51
46172,839,066043,-911.214,48.25,21
46328,840,066363,-11.8973,1.75,21
46399,841,066508,694.113,-1.75,51
46428,842,066463,-283.426,-1.75,21
46530,843,066603,-343.321,-1.75,21
46584,844,066728,-287.497,-48.25,21
46640,845,066743,435.091,-48.25,21
46658,846,066778,-423.536,98.25,21
46709,847,066847,350.436,1.75,21
46749,848,066989,506.789,-1.75,21
46794,849,066986,-278.881,-1.75,21
46844,850,067076,-92.0181,1.75,21
46879,851,067155,-643.319,51.75,21
47162,852,067526,-732.641,101.75,51
47170,853,067466,255.954,51.75,21
47191,854,067477,497.153,-48.25,51
47238,855,067601,-316.122,-48.25,21
47341,856,067770,484.127,-51.75,51
47352,857,067692,-548.857,-1.75,51
47400,858,067772,472.45,101.75,21
47407,859,067818,-58.3026,51.75,21
47425,860,067870,285.84,48.25,51
47452,861,067812,817.889,51.75,51
47506,862,067884,-792.951,98.25,21
47555,863,068015,151.461,101.75,21
47594,864,068020,-703.938,-51.75,21
47615,865,068045,701.414,1.75,21
47721,866,068315,-915.947,101.75,51
47765,867,068321,-291.785,101.75,51
47769,868,068234,-913.315,-1.75,21
47770,869,068326,211.091,-1.75,21
47877,870,068469,-234.408,51.75,51
47880,871,068537,953.371,-51.75,21
47882,872,068462,-64.7335,101.75,21
47903,873,068536,-578.193,-48.25,21
47953,874,068474,-907.423,98.25,21
47986,875,068521,-943.589,48.25,21
48071,876,068726,288.452,-51.75,21
48084,877,068798,-971.005,1.75,21
48099,878,068733,66.7819,1.75,21
48119,879,068842,873.068,98.25,21
48167,880,068909,-738.48,51.75,51
48369,881,069058,984.294,51.75,21
48384,882,069176,186.622,48.25,21
48580,883,069468,381.613,-1.75,21
48690,884,069573,201.021,101.75,51
48745,885,069707,-372.924,51.75,21
48838,886,069722,-974.236,98.25,21
48845,887,069846,236.446,48.25,51
48909,888,069953,-464.053,1.75,21
48944,889,069941,295.516,51.75,21
49135,890,070182,555.286,1.75,21
49299,891,070467,349.844,98.25,21
49369,892,070632,986.139,-1.75,21
49570,893,070876,-316.521,101.75,51
49594,894,070950,652.08,98.25,21
49694,895,071008,-338.868,-51.75,21
49721,896,071078,59.2622,-51.75,51
49805,897,071217,303.449,98.25,21
49816,898,071227,-247.162,1.75,21
49824,899,071272,-659.685,1.75,51
49856,900,071217,-527.789,98.3889,21
49908,901,071316,233.965,-48.25,21
49973,902,071436,178.186,98.25,51
50007,903,071525,-435.502,51.75,21
50048,904,071500,487.31,1.75,21
50067,905,071602,-332.059,-48.25,21
50232,906,071798,-187.905,-51.75,21
50406,907,072115,-809.055,51.75,21
50452,908,072141,-295.002,1.75,21
50453,909,072106,77.4114,1.75,51
50495,910,072094,941.969,-48.25,21
50549,911,072330,-789.175,101.75,51
50558,912,072247,-364.12,-51.75,21
50651,913,072424,111.275,98.25,21
50715,914,072530,427.708,48.25,21
50731,915,072497,202.607,-48.25,21
50778,916,072566,127.316,51.75,21
50928,917,072824,-172.629,-48.25,21
50928,918,072749,621.935,-48.25,21
50929,919,072843,302.559,-1.75,51
50943,920,072791,-260.466,-1.75,21
50996,921,072912,-38.2995,-1.75,21
51028,922,072977,189.18,48.25,21
51043,923,072957,-271.271,48.25,51
51193,924,073213,248.308,-1.75,21
51231,925,073324,-825.335,1.75,21
51300,926,073409,632.479,98.25,21
51385,927,073389,-967.73,48.25,21
51389,928,073410,791.042,101.75,21
51396,929,073555,-847.477,101.75,51
51503,930,073578,765.873,51.75,21
51530,931,073600,965.55,1.75,21
51695,932,073921,184.395,101.75,51
51818,933,074053,-643.81,-51.75,21
51844,934,074216,565.749,-51.75,21
51877,935,074254,-456.376,101.75,21
52006,936,074414,252.785,-1.75,21
52017,937,074389,-323.729,-1.75,21
52030,938,074348,-939.671,98.25,21
52076,939,074428,813.272,-48.25,21
52142,940,074647,447.883,98.25,21
52156,941,074545,942.951,101.75,21
52187,942,074764,941.88,-1.75,21
52206,943,074632,766.705,101.75,51
52208,944,074753,-493.154,101.75,21
52282,945,074829,-164.901,101.75,21
52292,946,074785,-531.635,-51.75,51
52309,947,074881,401.96,98.25,21
52397,948,074964,-121.19,48.25,21
52417,949,075074,-869.176,51.75,21
52474,950,075051,273.465,51.75,21
52642,951,075324,-97.9695,1.75,21
52684,952,075302,674.771,-48.25,21
52708,953,075350,711.396,101.75,21
52819,954,075528,533.587,101.75,21
52835,955,075517,-924.122,-51.75,51
52932,956,075657,-769.69,-1.75,51
52995,957,075761,-547.316,-51.75,21
53112,958,075905,-881.704,98.25,51
53176,959,076151,874.623,48.25,21
53433,960,076400,620.58,-48.25,21
53476,961,076611,-925.272,1.75,51
53606,962,076668,559.08,-48.25,21
53635,963,076740,56.9758,51.75,21
53667,964,076750,436.338,101.75,21
53743,965,076813,879.491,101.75,21
53743,966,076913,-226.681,51.75,21
53770,967,076875,709.865,-48.25,21
53802,968,077027,396.623,-1.75,21
53809,969,077029,-283.529,-48.25,21
53815,970,076916,-947.773,-1.75,51
53905,971,077213,-841.718,51.75,21
53964,972,077206,257.937,101.75,51
53979,973,077274,361.78,-51.75,21
54166,974,077408,958.05,1.75,51
54180,975,077577,879.077,-1.75,21
54249,976,077513,-913.065,-1.75,21
54263,977,077583,-448.903,-1.75,51
54290,978,077573,976.351,101.75,51
54433,979,077796,-994.73,-1.75,21
54678,980,078251,-450.038,51.75,21
54698,981,078254,142.647,98.25,21
54757,982,078407,-840.306,-48.25,21
54800,983,078422,-337.543,101.75,51
54915,984,078529,396.83,101.75,21
55040,985,078767,-418.404,101.75,21
55151,986,078841,588.284,101.75,21
55289,987,079027,-876.585,-51.75,51
55335,988,079212,258.061,48.25,21
55407,989,079210,-911.705,-51.75,51
55449,990,079342,236.948,1.75,21
55464,991,079463,863.346,-51.75,21
55645,992,079617,-242.564,-51.75,21
55647,993,079629,193.451,1.75,51
55729,994,079756,240.08,51.75,21
55794,995,079849,294.467,-48.25,21
55796,996,079821,662.815,51.75,21
55950,997,080021,-962.93,48.25,51
56064,998,080197,780.716,-48.25,51
56109,999,080244,789.511,101.75,51
56126,1000,080371,247.175,98.25,51
56134,1001,080379,236.514,98.25,21
56145,1002,080337,453.046,-48.25,21
56152,1003,080336,-571.331,-1.75,21
56220,1004,080470,-73.7712,48.25,21
56346,1005,080760,951.994,98.25,21
56437,1006,080727,-799.478,98.25,51
56452,1007,080930,-994.169,1.75,21
56608,1008,081142,-670.324,51.75,21
56623,1009,081100,-20.6656,-1.75,21
56623,1010,081024,773.067,51.75,21
56629,1011,081120,34.9543,48.25,21
56664,1012,081181,-218.907,101.75,21
56700,1013,081161,647.18,1.75,21
56705,1014,081288,849.651,48.25,21
56729,1015,081314,816.637,48.25,21
56753,1016,081309,365.552,-1.75,21
56774,1017,081355,-592.25,51.75,21
56865,1018,081449,407.101,98.25,21
56887,1019,081383,884.191,-48.25,21
56924,1020,081528,240.552,98.25,21
56979,1021,081638,564.279,-51.75,51
57013,1022,081667,316.223,-1.75,51
57056,1023,081639,649.575,51.75,21
57164,1024,081787,719.347,-48.25,21
57169,1025,081911,537.716,98.25,21
57218,1026,081936,29.9462,-51.75,21
57225,1027,081868,759.539,-48.25,21
57233,1028,081911,-523.437,98.3889,21
57247,1029,081914,742.097,101.75,21
57301,1030,082050,68.3434,1.75,21
57380,1031,082215,660.823,-51.75,21
57389,1032,082157,302.001,1.75,21
57496,1033,082288,327.742,51.75,21
57538,1034,082360,-186.903,-1.75,21
57573,1035,082523,-986.051,-48.25,51
57586,1036,082423,-300.515,-1.75,51
57595,1037,082526,-691.839,-48.25,21
57690,1038,082606,132.317,98.25,21
57758,1039,082676,-110.615,48.25,51
57794,1040,082658,-869.788,98.25,21
57865,1041,082813,-30.2746,-1.75,21
57868,1042,082907,-970.525,101.75,51
57872,1043,082812,151.211,101.75,21
57969,1044,082980,349.822,-51.75,21
58019,1045,083085,529.056,-51.75,21
58030,1046,083031,152.721,101.75,21
58031,1047,083146,948.311,-1.75,51
58089,1048,083146,18.7903,-1.61111,51
58093,1049,083209,-593.822,1.75,51
58231,1050,083371,-384.577,-48.25,51
58262,1051,083366,-149.138,-51.75,51
58268,1052,083338,512.751,101.75,51
58283,1053,083383,339.941,1.75,21
58322,1054,083399,-833.549,48.25,21
58323,1055,083490,-374.171,101.75,51
58355,1056,083508,15.3189,98.25,21
58458,1057,083695,490.081,-51.75,21
58551,1058,083711,-838.536,98.25,21
58707,1059,083919,-812.458,98.25,21
58726,1060,083938,868.598,-48.25,51
58754,1061,084127,904.33,48.25,21
58839,1062,084249,-863.067,1.75,21
58895,1063,084309,-742.465,51.75,21
58909,1064,084192,-990.766,-51.75,21
58929,1065,084313,211.725,-1.75,21
58997,1066,084440,514.177,-51.75,51
59173,1067,084558,-924.833,-1.75,21
59283,1068,084796,46.1508,98.25,51
59308,1069,084880,502.603,-1.75,21
59479,1070,085096,190.964,51.75,21
59539,1071,085150,517.773,-48.25,51
59702,1072,085415,-366.674,-51.75,21
59912,1073,085682,991.39,1.75,21
59993,1074,085892,-303.284,101.75,21
60060,1075,085953,-159.958,-1.75,21
60157,1076,086122,-297.57,51.75,21
60218,1077,086095,887.939,101.75,51
60238,1078,086266,-588.856,51.75,21
60239,1079,086269,-605.33,51.75,51
60247,1080,086207,297.635,101.75,21
60370,1081,086338,-706.894,48.25,21
60485,1082,086561,-32.2522,-1.75,21
60575,1083,086699,-23.5321,98.25,21
60609,1084,086834,-832.274,1.75,21
60640,1085,086755,616.412,-48.25,51
60680,1086,086921,686.881,-51.75,21
60687,1087,086897,-339.503,51.75,21
60689,1088,086808,-751.108,-1.75,21
60727,1089,086972,-608.496,51.75,21
60746,1090,087017,802.544,98.25,21
60791,1091,086986,287.771,1.75,51
60813,1092,087029,192.088,51.75,21
60856,1093,087181,730.582,-51.75,21
60896,1094,087094,869.833,-48.25,21
60935,1095,087263,-506.145,51.75,21
60952,1096,087280,362.737,-51.75,21
61094,1097,087524,948.137,-51.75,51
61116,1098,087416,-659.758,-1.75,21
61151,1099,087586,709.17,48.25,21
61217,1100,087582,-464.215,-51.75,21
61379,1101,087874,-53.7154,51.75,21
61390,1102,087935,-559.183,1.75,21
61649,1103,088333,-573.453,51.75,21
61785,1104,088536,697.402,-51.75,21
61879,1105,088535,880.799,101.75,21
62013,1106,088815,167.32,98.25,51
62055,1107,088862,-84.4332,-48.25,21
62066,1108,088810,-739.168,48.25,21
62198,1109,089124,444.557,98.25,21
62232,1110,089178,600.752,-51.75,21
62268,1111,089147,404.181,1.75,21
62302,1112,089244,160.274,48.25,51
62334,1113,089299,120.566,98.25,21
62344,1114,089368,715.164,-1.75,21
62362,1115,089285,433.657,1.75,21
62392,1116,089297,790.517,-48.25,21
62395,1117,089387,49.5341,-1.75,21
62423,1118,089374,556.173,101.75,21
62435,1119,089369,-755.017,-51.75,51
62441,1120,089440,56.5819,51.75,21
62441,1121,089488,-374.144,-48.25,21
62501,1122,089550,-87.1746,51.75,21
62516,1123,089596,511.666,98.25,21
62561,1124,089653,336.599,98.25,21
62610,1125,089606,-989.194,-1.75,21
62668,1126,089754,24.2481,-1.75,51
62669,1127,089786,-390.55,51.75,51
62700,1128,089753,-516,-51.75,21
62788,1129,089949,-327.122,101.75,51
62807,1130,090041,874.243,48.25,21
62838,1131,090008,-63.1557,-48.25,21
62855,1132,090085,-536.659,1.75,51
62895,1133,090132,-411.788,51.75,21
62927,1134,090227,984.158,-51.75,21
62965,1135,090159,-474.231,98.25,51
63093,1136,090347,-266.115,-1.75,21
63200,1137,090584,-541.156,-48.25,21
63263,1138,090697,-819.488,101.75,21
63266,1139,090674,505.388,48.25,21
63355,1140,090779,-339.316,-48.25,21
63394,1141,090884,876.207,48.25,21
63405,1142,090901,-904.148,-48.25,21
63580,1143,091093,559.085,-1.75,21
63760,1144,091242,-944.125,98.25,21
63785,1145,091445,970.788,98.25,21
63874,1146,091515,-420.089,1.75,21
63933,1147,091509,618.765,-48.25,21
63975,1148,091608,209.713,-48.25,21
64027,1149,091761,772.386,98.25,21
64029,1150,091615,969.32,-48.25,21
64150,1151,091852,76.4777,-48.25,21
64151,1152,091784,985.584,1.75,21
64172,1153,091824,751.426,1.75,21
64184,1154,091939,382.318,-1.75,51
64201,1155,091909,-198.655,48.25,51
64223,1156,092015,-679.868,1.75,51
64251,1157,091977,316.143,101.75,51
64292,1158,092126,972.236,48.25,51
64372,1159,092124,-384.878,-51.75,21
64495,1160,092272,583.25,51.75,51
64503,1161,092387,906.219,-1.75,51
64520,1162,092347,135.8,-1.75,21
64540,1163,092331,443.826,-48.25,21
64542,1164,092316,-673.65,-51.75,21
64547,1165,092454,-894.668,1.75,21
64554,1166,092470,-936.31,1.75,51
64594,1167,092438,-22.8626,51.75,51
64629,1168,092547,-661.272,51.75,21
64665,1169,092572,359.144,98.25,21
64699,1170,092553,-425.926,-51.75,21
64757,1171,092718,-405.086,101.75,51
64845,1172,092841,129.28,98.25,51
64852,1173,092752,-847.443,-51.75,51
64884,1174,092887,-35.0829,1.75,21
64922,1175,092910,-312.95,-51.75,21
64936,1176,092953,95.8473,51.75,21
65129,1177,093301,936.317,-51.75,21
65147,1178,093299,578.326,98.25,21
65148,1179,093177,951.095,1.75,51
65148,1180,093329,-894.951,1.75,21
65187,1181,093289,163.501,101.75,51
65225,1182,093346,-181.229,48.25,21
65243,1183,093444,-727.218,1.75,51
65428,1184,093728,-885.836,-48.25,21
65431,1185,093710,651.142,-1.75,21
65453,1186,093720,-353.005,51.75,21
65485,1187,093672,608.077,51.75,51
65518,1188,093854,-807.742,1.75,21
65551,1189,093835,-102.302,1.75,21
65576,1190,093863,-97.8934,-1.75,51
65665,1191,093935,819.566,51.75,51
65674,1192,093986,-495.197,48.25,51
65681,1193,094052,251.962,48.25,51
65722,1194,094151,638.55,-1.75,51
65746,1195,094038,948.239,-48.25,51
65780,1196,094269,959.991,98.25,21
65782,1197,094270,909.137,-51.75,21
65808,1198,094272,-504.935,51.75,21
65968,1199,094424,177.744,-48.25,21
66027,1200,094516,98.8813,1.75,21
66105,1201,094640,-84.5225,1.75,21
66123,1202,094679,-228.851,-48.25,51
66214,1203,094728,780.291,51.75,21
66230,1204,094760,598.072,-48.25,21
66238,1205,094779,455.906,51.75,21
66478,1206,095052,-957.556,-51.75,51
66505,1207,095238,-690.815,1.75,21
66518,1208,095277,-939.784,1.75,21
66538,1209,095293,755.995,-1.75,51
66603,1210,095248,779.818,101.75,21
66693,1211,095509,671.024,-51.75,21
66706,1212,095455,-171.608,-51.75,21
66770,1213,095589,-358.356,51.75,21
66795,1214,095624,-300.231,51.75,21
66931,1215,095797,92.7891,51.75,51
67010,1216,095880,-431.049,-51.75,51
67013,1217,095976,590.255,-51.75,51
67015,1218,095921,-3.56848,-51.75,21
67043,1219,095898,780.122,101.75,51
67056,1220,096013,194.431,-51.75,21
67097,1221,095957,994.961,1.75,21
67103,1222,096154,873.48,98.25,21
67319,1223,096374,370.459,101.75,21
67327,1224,096400,239.276,-48.25,21
67417,1225,096596,-546.927,-48.25,21
67454,1226,096667,705.716,-51.75,21
67473,1227,096673,-487.665,101.75,21
67519,1228,096748,504.393,48.25,21
67627,1229,096813,-522.41,48.25,51
67627,1230,096896,384.427,48.25,51
67630,1231,096881,-160.553,101.75,51
67641,1232,096812,808.496,101.75,21
67728,1233,097121,-986.1,1.75,51
67762,1234,097134,586.41,48.25,21
67787,1235,097124,58.3786,48.25,21
67820,1236,097245,747.357,48.25,51
67917,1237,097336,203.836,-1.75,51
68020,1238,097465,-170.688,101.75,21
68066,1239,097503,-236.493,-1.75,21
68081,1240,097593,601.339,-1.75,21
68179,1241,097631,564.008,51.75,21
68230,1242,097763,-154.132,51.75,51
68253,1243,097840,-595.767,-48.25,51
68266,1244,097860,-707.604,101.75,21
68373,1245,097909,-479.08,-51.75,21
68390,1246,097947,359.745,1.75,21
68573,1247,098321,-987.389,51.75,51
68587,1248,098335,-918.468,-48.25,21
68608,1249,098335,-559.696,-48.3889,21
68666,1250,098371,17.291,101.75,51
68674,1251,098419,340.852,-51.75,21
68913,1252,098700,-216.249,-51.75,21
68937,1253,098725,-346.906,-51.75,21
69074,1254,099012,-438.235,101.75,21
69126,1255,099011,-413.652,98.25,21
69162,1256,099042,696.41,51.75,21
69255,1257,099248,-167.219,101.75,51
69326,1258,099348,62.8511,98.25,51
69426,1259,099510,213.753,-1.75,51
69494,1260,099498,-992.678,-51.75,21
69690,1261,099911,750.966,98.25,21
69729,1262,099968,659.623,98.25,21
69798,1263,100037,457.168,-51.75,51
69820,1264,100076,-487.655,51.75,21
69920,1265,100112,794.965,51.75,21
69930,1266,100238,609.951,-51.75,51
