4100,1,002949,12.3538,-1.75,21
4100,2,002949,11.6676,-1.75,21
4100,3,002949,10.9746,-1.75,21
4100,4,002949,10.2797,-1.75,21
4483,5,003258,-1.75,-57.6967,51
14782,6,010472,-1.75,-22.6369,21
16412,7,011605,-35.515,1.75,21
17946,8,012779,-5.25,-45.428,21
22620,9,016094,60.8,-5.25,21
25921,10,018349,23.072,-1.75,51
25921,11,018349,22.7436,-1.75,51
25921,12,018349,22.3853,-1.75,51
25921,13,018349,21.997,-1.75,51
25921,14,018349,21.5787,-1.75,51
25921,15,018349,21.1304,-1.75,51
25921,16,018349,20.6521,-1.75,51
25921,17,018349,20.1438,-1.75,51
25921,18,018349,19.6055,-1.75,51
25922,19,018349,19.0372,-1.75,51
25922,20,018349,18.4389,-1.75,51
25922,21,018349,17.8106,-1.75,51
25922,22,018349,17.1522,-1.75,51
25922,23,018349,16.4639,-1.75,51
25922,24,018349,15.7456,-1.75,51
25922,25,018349,14.9973,-1.75,51
25922,26,018349,14.219,-1.75,51
25922,27,018349,13.4107,-1.75,51
25922,28,018349,12.574,-1.75,51
25923,29,018349,11.7115,-1.75,51
25923,30,018349,10.8259,-1.75,51
26435,31,018775,-95.2892,1.75,21
27590,32,019592,-5.25,-70.3794,21
30211,33,021503,-67.9702,5.25,21
37456,34,026566,-1.75,-22.3496,51
42900,35,030483,-1.75,-36.7868,21
44948,36,031936,25.8339,-1.75,21
47478,37,033741,-13.8066,1.75,21
47478,38,033741,-13.0152,1.75,21
47478,39,033741,-12.2181,1.75,21
47478,40,033741,-11.4204,1.75,21
47478,41,033741,-10.6274,1.75,21
50526,42,035954,56.6446,-5.25,21
52517,43,037411,-1.75,-71.9168,21
54921,44,038996,-18.6865,1.75,51
54921,45,038996,-18.4123,1.75,51
54921,46,038996,-18.1157,1.75,51
54921,47,038996,-17.7965,1.75,51
54921,48,038996,-17.4546,1.75,51
54921,49,038996,-17.0898,1.75,51
54921,50,038996,-16.7023,1.75,51
54922,51,038996,-16.292,1.75,51
54922,52,038996,-16.292,1.75,51
54922,53,038996,-15.8591,1.75,51
54922,54,038996,-15.8591,1.75,51
54922,55,038996,-15.4038,1.75,51
54922,56,038996,-15.4038,1.75,51
54922,57,038996,-14.9262,1.75,51
54922,58,038996,-14.9262,1.75,51
54922,59,038996,-14.4266,1.75,51
54922,60,038996,-14.4266,1.75,51
54922,61,038996,-13.9053,1.75,51
54922,62,038996,-13.9053,1.75,51
54922,63,038996,-13.3626,1.75,51
54922,64,038996,-13.3626,1.75,51
54922,65,038996,-12.7988,1.75,51
54922,66,038996,-12.7988,1.75,51
54922,67,038996,-12.2144,1.75,51
54922,68,038996,-12.2144,1.75,51
54922,69,038996,-11.6097,1.75,51
54922,70,038996,-11.6097,1.75,51
54923,71,038996,-10.9851,1.75,51
54923,72,038996,-10.9851,1.75,51
54923,73,038996,-10.341,1.75,51
54923,74,038996,-10.341,1.75,51
54956,75,039082,5.25,94.6276,21
55129,76,039192,35.0536,-5.25,21
58474,77,041553,1.75,45.2978,51
61334,78,043621,-1.75,-94.1333,21
61334,79,043621,-1.75,-92.499,21
61334,80,043621,-1.75,-90.8943,21
61335,81,043621,-1.75,-89.3166,21
61335,82,043621,-1.75,-87.7636,21
61335,83,043621,-1.75,-86.2332,21
61335,84,043621,-1.75,-84.7234,21
61335,85,043621,-1.75,-83.2325,21
61335,86,043621,-1.75,-81.7588,21
61335,87,043621,-1.75,-80.3007,21
61335,88,043621,-1.75,-78.8571,21
61335,89,043621,-1.75,-77.4266,21
61335,90,043621,-1.75,-76.008,21
61336,91,043621,-1.75,-74.6005,21
61336,92,043621,-1.75,-73.203,21
61336,93,043621,-1.75,-71.8148,21
61336,94,043621,-1.75,-70.435,21
61336,95,043621,-1.75,-69.0629,21
61336,96,043621,-1.75,-67.698,21
61336,97,043621,-1.75,-66.3397,21
61336,98,043621,-1.75,-64.9874,21
61336,99,043621,-1.75,-63.6407,21
61336,100,043621,-1.75,-62.2992,21
61337,101,043621,-1.75,-60.9626,21
64557,102,045808,-60.6099,1.75,21
75606,103,053758,13.5677,-1.75,21
75606,104,053758,13.3523,-1.75,21
75606,105,053758,13.1068,-1.75,21
75606,106,053758,12.8313,-1.75,21
75606,107,053758,12.5259,-1.75,21
75606,108,053758,12.1904,-1.75,21
75607,109,053758,11.825,-1.75,21
75607,110,053758,11.4295,-1.75,21
75607,111,053758,11.0057,-1.75,21
75607,112,053758,10.5576,-1.75,21
75607,113,053758,10.0893,-1.75,21
77117,114,054857,1.75,17.2739,21
77117,115,054857,1.75,17.1589,21
77117,116,054857,1.75,17.0263,21
77117,117,054857,1.75,16.8751,21
77117,118,054857,1.75,16.7044,21
77117,119,054857,1.75,16.5134,21
77117,120,054857,1.75,16.3015,21
77118,121,054857,1.75,16.0681,21
77118,122,054857,1.75,15.8128,21
77118,123,054857,1.75,15.5351,21
77118,124,054857,1.75,15.2348,21
77118,125,054857,1.75,14.9117,21
77118,126,054857,1.75,14.5656,21
77118,127,054857,1.75,14.1966,21
77118,128,054857,1.75,13.8045,21
77118,129,054857,1.75,13.3896,21
77118,130,054857,1.75,12.9519,21
77119,131,054857,1.75,12.4916,21
77119,132,054857,1.75,12.009,21
77119,133,054857,1.75,11.5042,21
77119,134,054857,1.75,10.9789,21
77119,135,054857,1.75,10.4374,21
78406,136,055916,1.75,93.8043,21
79591,137,056794,5.25,74.2643,21
80379,138,057331,31.5118,-1.75,51
81210,139,057930,-78.3224,5.25,21
84953,140,060534,-1.75,-21.0506,21
84953,141,060534,-1.75,-20.1744,21
84953,142,060534,-1.75,-19.2926,21
84953,143,060534,-1.75,-18.4046,21
84953,144,060534,-1.75,-18.4046,21
84953,145,060534,-1.75,-17.5103,21
84953,146,060534,-1.75,-17.5103,21
84953,147,060534,-1.75,-16.6092,21
84953,148,060534,-1.75,-16.6092,21
84954,149,060534,-1.75,-15.7013,21
84954,150,060534,-1.75,-15.7013,21
84954,151,060534,-1.75,-14.7863,21
84954,152,060534,-1.75,-14.7863,21
84954,153,060534,-1.75,-13.8663,21
84954,154,060534,-1.75,-13.8663,21
84954,155,060534,-1.75,-12.9464,21
84954,156,060534,-1.75,-12.9464,21
84954,157,060534,-1.75,-12.032,21
84954,158,060534,-1.75,-12.032,21
84954,159,060534,-1.75,-11.129,21
84954,160,060534,-1.75,-11.129,21
84954,161,060534,-1.75,-10.2435,21
84954,162,060534,-1.75,-10.2435,21
86884,163,061838,-1.75,-73.3571,21
87810,164,062555,-72.4693,1.75,21
91442,165,065123,-30.6541,1.75,51
91442,166,065123,-27.5765,1.75,51
91442,167,065123,-27.0182,1.75,51
91443,168,065123,-26.4298,1.75,51
91443,169,065123,-25.8115,1.75,51
91443,170,065123,-25.1632,1.75,51
91443,171,065123,-24.4848,1.75,51
91443,172,065123,-23.7765,1.75,51
91443,173,065123,-23.0382,1.75,51
91443,174,065123,-22.2698,1.75,51
91443,175,065123,-21.4715,1.75,51
91443,176,065123,-20.6432,1.75,51
91443,177,065123,-19.7848,1.75,51
91444,178,065123,-18.8965,1.75,51
91444,179,065123,-17.9792,1.75,51
91444,180,065123,-17.0347,1.75,51
91444,181,065123,-16.0649,1.75,51
91444,182,065123,-15.0718,1.75,51
91444,183,065123,-14.0575,1.75,51
91444,184,065123,-13.0244,1.75,51
91444,185,065123,-11.9751,1.75,51
91444,186,065123,-10.9124,1.75,51
95987,187,068477,-1.75,-12.519,21
95987,188,068477,-1.75,-12.0806,21
95987,189,068477,-1.75,-11.6198,21
95987,190,068477,-1.75,-11.1369,21
95987,191,068477,-1.75,-10.6336,21
95987,192,068477,-1.75,-10.1142,21
96077,193,068586,-5.25,-80.517,21
100185,194,071585,-1.75,-32.2883,21
105352,195,075328,80.0721,-1.75,51
106998,196,076480,37.5816,-1.75,51
107735,197,076989,-5.25,-27.1678,21
109916,198,078601,26.9791,-1.75,21
110070,199,078766,-1.75,-70.6671,21
111492,200,079776,-12.295,1.75,21
111493,201,079776,-11.5112,1.75,21
111493,202,079776,-10.7302,1.75,21
112848,203,080778,1.75,46.3185,21
114772,204,082241,1.75,23.7443,21
114898,205,082371,83.0175,-1.75,51
120353,206,086237,1.75,67.1286,21
121084,207,086780,85.9537,-1.75,21
129177,208,092617,-63.4424,1.75,21
131189,209,094128,66.7266,-1.75,21
139664,210,100222,-1.75,-24.6151,21
139664,211,100222,-1.75,-24.2098,21
139664,212,100222,-1.75,-23.7857,21
139664,213,100222,-1.75,-23.3432,21
139664,214,100222,-1.75,-22.8827,21
139664,215,100222,-1.75,-22.4047,21
139664,216,100222,-1.75,-21.9097,21
139664,217,100222,-1.75,-21.3982,21
139665,218,100222,-1.75,-20.8706,21
139665,219,100222,-1.75,-20.3274,21
139665,220,100222,-1.75,-19.7691,21
139665,221,100222,-1.75,-19.1962,21
139665,222,100222,-1.75,-18.6091,21
139665,223,100222,-1.75,-18.0083,21
139665,224,100222,-1.75,-17.3942,21
139665,225,100222,-1.75,-16.7672,21
139665,226,100222,-1.75,-16.1278,21
139665,227,100222,-1.75,-15.4762,21
139666,228,100222,-1.75,-14.8128,21
139666,229,100222,-1.75,-14.1381,21
139666,230,100222,-1.75,-13.4522,21
139666,231,100222,-1.75,-12.7556,21
139666,232,100222,-1.75,-12.0484,21
139666,233,100222,-1.75,-11.334,21
139666,234,100222,-1.75,-10.6173,21
140645,235,100813,1.75,12.5007,21
140645,236,100813,1.75,12.0177,21
140645,237,100813,1.75,11.5129,21
140645,238,100813,1.75,10.9874,21
140645,239,100813,1.75,10.4458,21
141346,240,101316,1.75,21.5312,21
143050,241,102517,1.75,24.6726,21
145970,242,104638,-1.75,-37.4734,51
