70,1,000018,1.75,97.8035,52
77,2,000014,-6.92527,-1.75,52
176,3,000057,1.75,97.404,52
177,4,000045,1.75,-6.86021,22
194,5,000055,1.75,-6.80271,22
197,6,000064,97.4723,-1.75,22
199,7,000057,1.75,-6.87074,52
222,8,000059,-6.61973,-1.75,22
229,9,000061,-7.43951,-1.75,22
237,10,000074,1.75,-6.80515,22
267,11,000076,-7.30104,-1.75,22
269,12,000090,97.4193,-1.75,22
307,13,000103,97.3519,-1.75,22
332,14,000104,-7.13075,-1.75,52
333,15,000105,1.75,-7.05167,22
356,16,000111,-7.03974,-1.75,52
368,17,000116,-6.98827,-1.75,52
377,18,000119,1.75,-6.73857,52
404,19,000142,97.6671,-1.75,22
429,20,000154,1.75,97.8275,22
433,21,000147,1.75,-6.99773,22
451,22,000143,-6.95499,-1.75,22
517,23,000171,-7.01391,-1.75,22
557,24,000188,97.7413,-1.75,22
559,25,000189,97.8982,-1.75,22
570,26,000193,1.75,97.7292,22
582,27,000188,-7.25631,-1.75,22
598,28,000207,97.6231,-1.75,22
642,29,000213,-6.96322,-1.75,22
647,30,000215,-6.71112,-1.75,22
649,31,000217,-7.29235,-1.75,52
681,32,000229,-7.08973,-1.75,52
682,33,000241,1.75,97.9452,22
685,34,000243,1.75,97.875,22
718,35,000245,1.75,-6.67121,22
738,36,000257,97.2955,-1.75,22
768,37,000268,97.3257,-1.75,22
787,38,000268,-6.9333,-1.75,22
788,39,000279,1.75,97.2571,22
809,40,000284,1.75,97.5558,22
811,41,000280,1.75,-6.54122,52
818,42,000281,1.75,-6.86034,52
820,43,000289,97.6385,-1.75,22
823,44,000292,1.75,97.3318,22
834,45,000297,1.75,97.2872,52
872,46,000301,1.75,-7.08074,22
932,47,000323,-7.17767,-1.75,22
938,48,000332,1.75,97.7962,22
945,49,000327,-6.67827,-1.75,22
946,50,000336,97.7529,-1.75,22
958,51,000331,-7.45114,-1.75,22
1000,52,000356,97.4695,-1.75,22
1000,53,000346,1.75,-6.96171,52
1067,54,000383,1.75,97.4031,52
1089,55,000382,-7.38302,-1.75,22
1092,56,000384,1.75,-7.30384,52
1102,57,000387,1.75,-6.74062,22
1115,58,000391,1.75,-6.76272,22
1124,59,000400,97.1666,-1.75,22
1138,60,000397,1.75,-6.5589,22
1194,61,000417,1.75,97.5643,52
1210,62,000427,97.4632,-1.75,52
1221,63,000433,97.8325,-1.75,22
1229,64,000437,97.778,-1.75,22
1232,65,000422,1.75,-7.28672,52
1239,66,000428,1.75,-7.27967,52
1269,67,000451,97.0752,-1.75,22
1282,68,000445,1.75,-6.60538,22
1289,69,000449,1.75,-7.13597,22
1375,70,000478,-6.68417,-1.75,22
1395,71,000485,97.3959,-1.75,52
1404,72,000491,97.1439,-1.75,22
1409,73,000482,1.75,-7.25861,52
1434,74,000493,-7.00027,-1.75,52
1441,75,000503,97.3042,-1.75,22
1459,76,000504,1.75,-7.27975,22
1460,77,000509,1.75,97.5594,22
1490,78,000517,1.75,97.1718,22
1530,79,000531,1.75,97.2728,22
1548,80,000532,1.75,-6.62788,22
1591,81,000543,1.75,-7.00582,22
1605,82,000567,97.3597,-1.75,22
1607,83,000566,1.75,97.7796,22
1609,84,000550,1.75,-6.81634,22
1612,85,000568,1.75,97.7732,52
1617,86,000570,97.8878,-1.75,52
1635,87,000578,1.75,97.7914,22
1655,88,000586,1.75,97.2564,22
1679,89,000575,-7.42012,-1.75,22
1685,90,000576,-7.45087,-1.75,22
1692,91,000597,1.75,97.1075,22
1716,92,000601,1.75,97.2756,22
1734,93,000610,97.9446,-1.75,22
1758,94,000622,1.75,97.3616,22
1776,95,000614,-6.75967,-1.75,22
1780,96,000616,1.75,-7.23521,22
1786,97,000634,97.7935,-1.75,52
1790,98,000636,97.7334,-1.75,22
1794,99,000621,-6.84734,-1.75,22
1795,100,000623,1.75,-6.88982,22
1799,101,000629,1.75,-7.00869,22
1838,102,000651,1.75,-6.90657,22
1860,103,000659,1.75,-7.00529,22
1888,104,000672,97.5965,-1.75,22
1894,105,000673,1.75,-7.20647,52
1934,106,000688,97.54,-1.75,22
1936,107,000685,1.75,-7.05451,52
1981,108,000704,1.75,-7.2667,52
2008,109,000718,97.2793,-1.75,22
2015,110,000722,1.75,97.5929,52
2020,111,000716,-7.43133,-1.75,22
2046,112,000736,1.75,97.9133,22
2047,113,000727,1.75,-6.68457,22
2076,114,000738,1.75,-6.99589,22
2120,115,000751,1.75,-6.51185,22
2144,116,000759,-7.05274,-1.75,22
2174,117,000776,97.1533,-1.75,22
2180,118,000770,-7.26588,-1.75,22
2220,119,000781,-7.33918,-1.75,22
2228,120,000791,97.4016,-1.75,52
2258,121,000792,1.75,-7.00723,22
2261,122,000793,1.75,-7.26236,52
2276,123,000814,1.75,97.4464,22
2283,124,000803,1.75,-6.67892,22
2295,125,000812,1.75,-6.57584,22
2306,126,000811,-7.46553,-1.75,22
2315,127,000828,1.75,97.4587,22
2320,128,000831,1.75,97.9354,22
2382,129,000857,1.75,97.8521,22
2411,130,000867,1.75,97.22,52
2425,131,000862,1.75,-7.48359,22
2436,132,000875,97.3956,-1.75,22
2441,133,000869,-7.33649,-1.75,52
2449,134,000883,97.6999,-1.75,52
2451,135,000884,97.9301,-1.75,22
2515,136,000907,97.409,-1.75,22
2521,137,000909,97.5423,-1.75,22
2529,138,000912,97.9565,-1.75,22
2557,139,000908,1.75,-7.4274,22
2579,140,000933,97.5359,-1.75,22
2589,141,000924,-6.62407,-1.75,22
2592,142,000927,1.75,-7.44843,22
2655,143,000967,1.75,97.7982,22
2727,144,000990,97.7663,-1.75,22
2729,145,000985,-7.15118,-1.75,22
2781,146,001007,1.75,97.4923,22
2837,147,001020,-7.06032,-1.75,22
2860,148,001026,1.75,-7.39509,22
2895,149,001037,1.75,-7.03367,22
2971,150,001066,-6.52564,-1.75,22
2975,151,001076,1.75,97.5691,22
2987,152,001074,1.75,-7.13356,52
2988,153,001081,97.5042,-1.75,22
3002,154,001080,-7.28675,-1.75,52
3018,155,001084,1.75,97.6702,22
3031,156,001091,97.2891,-1.75,22
3046,157,001098,97.6211,-1.75,22
3098,158,001108,-7.46538,-1.75,52
3127,159,001130,97.351,-1.75,52
3140,160,001125,-7.24965,-1.75,22
3148,161,001129,-7.28136,-1.75,22
3151,162,001132,1.75,-6.5468,52
3161,163,001144,1.75,97.7455,22
3236,164,001169,1.75,97.5195,52
3265,165,001172,-7.43971,-1.75,22
3274,166,001175,-7.4779,-1.75,22
3327,167,001196,1.75,-6.64363,22
3331,168,001193,-7.40793,-1.75,52
3352,169,001204,-6.62043,-1.75,22
3363,170,001215,1.75,97.8117,22
3440,171,001232,1.75,-6.77082,52
3462,172,001241,1.75,-7.13828,52
3478,173,001246,1.75,-6.84351,22
3494,174,001256,-7.45328,-1.75,22
3497,175,001253,1.75,-6.59174,22
3501,176,001254,1.75,-7.39815,52
3522,177,001273,1.75,97.7113,22
3525,178,001266,-7.11358,-1.75,22
3563,179,001287,97.8866,-1.75,52
3579,180,001285,-6.95954,-1.75,52
3586,181,001291,1.75,-6.72846,52
3613,182,001296,-6.57011,-1.75,52
3619,183,001311,97.3436,-1.75,22
3641,184,001314,1.75,-6.92827,22
3644,185,001320,1.75,97.4667,22
3664,186,001326,97.3035,-1.75,22
3687,187,001327,-7.21862,-1.75,52
3702,188,001332,-7.15262,-1.75,22
3705,189,001333,-6.84505,-1.75,22
3751,190,001350,1.75,97.7006,22
3762,191,001343,1.75,-7.10508,52
3765,192,001345,1.75,-6.61503,22
3828,193,001371,-7.31393,-1.75,52
3888,194,001394,1.75,-6.64283,22
3891,195,001392,-6.54819,-1.75,22
3897,196,001410,1.75,97.7344,52
3902,197,001396,-6.91655,-1.75,22
3903,198,001402,1.75,-6.75854,52
3914,199,001416,97.672,-1.75,52
3921,200,001419,97.219,-1.75,52
3932,201,001421,1.75,97.3317,22
3939,202,001424,1.75,97.4901,22
3944,203,001428,97.6156,-1.75,52
3975,204,001429,1.75,-6.76298,52
4003,205,001441,1.75,-6.80136,22
4015,206,001451,1.75,97.1776,52
4038,207,001460,1.75,97.5993,22
4063,208,001464,97.3439,-1.75,22
4126,209,001478,-7.01648,-1.75,52
4132,210,001491,1.75,97.9043,52
4157,211,001496,1.75,-6.73741,22
4190,212,001511,97.3281,-1.75,22
4211,213,001512,-6.69739,-1.75,22
4213,214,001513,-6.8235,-1.75,22
4244,215,001525,1.75,-6.54856,22
4259,216,001540,1.75,97.6334,22
4290,217,001555,1.75,97.9444,22
4315,218,001551,1.75,-7.24556,22
4330,219,001561,1.75,-6.82226,22
4344,220,001569,1.75,97.2141,22
4359,221,001573,97.1193,-1.75,22
4412,222,001578,1.75,-7.09784,52
4413,223,001587,97.8349,-1.75,22
4459,224,001594,1.75,-7.25823,52
4464,225,001605,97.0408,-1.75,22
4468,226,001597,-7.31448,-1.75,52
4491,227,001607,-6.58892,-1.75,22
4515,228,001617,-6.88247,-1.75,22
4518,229,001618,-7.34403,-1.75,22
4546,230,001626,1.75,-6.75487,22
4563,231,001641,97.8431,-1.75,22
4569,232,001633,1.75,-6.50381,22
4572,233,001637,-7.38155,-1.75,22
4602,234,001643,1.75,-6.86489,52
4623,235,001649,1.75,-7.20256,22
4631,236,001653,1.75,-7.17297,52
4638,237,001656,1.75,-7.46556,22
4653,238,001663,1.75,-6.5148,52
4714,239,001686,1.75,-6.57804,22
4738,240,001701,1.75,97.6518,22
4739,241,001702,97.7428,-1.75,22
4753,242,001699,-6.50786,-1.75,22
4823,243,001733,1.75,97.3328,22
4827,244,001725,-7.32912,-1.75,52
4857,245,001739,1.75,-6.77503,52
4874,246,001741,1.75,-6.93675,52
4882,247,001747,1.75,97.4792,52
4885,248,001749,1.75,97.3886,52
4939,249,001767,1.75,97.1945,22
4965,250,001769,1.75,-6.62151,52
4968,251,001771,-7.18039,-1.75,22
4982,252,001777,1.75,-6.73533,22
4992,253,001780,-6.90714,-1.75,22
4998,254,001786,97.3141,-1.75,22
5017,255,001793,1.75,97.7356,22
5060,256,001801,1.75,-6.9376,22
5078,257,001810,1.75,-7.02383,22
5078,258,001823,97.8429,-1.75,22
5080,259,001811,1.75,-7.32668,22
5092,260,001817,1.75,-6.91358,22
5105,261,001824,1.75,-6.58299,22
5108,262,001830,1.75,97.7602,22
5109,263,001820,-7.05918,-1.75,22
5122,264,001835,1.75,97.7244,52
5140,265,001847,97.8485,-1.75,52
5169,266,001848,1.75,-7.24087,22
5181,267,001850,-6.54966,-1.75,22
5197,268,001868,97.4488,-1.75,22
5217,269,001874,97.1805,-1.75,52
5233,270,001872,-6.51506,-1.75,52
5260,271,001885,97.3624,-1.75,22
5296,272,001891,1.75,-6.67059,52
5357,273,001910,1.75,-7.32596,22
5431,274,001936,1.75,97.4399,22
5441,275,001940,1.75,97.9347,22
5458,276,001945,97.7617,-1.75,22
5479,277,001947,1.75,-7.15619,22
5518,278,001967,1.75,97.2861,22
5527,279,001964,1.75,-6.73071,22
5543,280,001968,-6.56418,-1.75,22
5591,281,001992,97.5451,-1.75,52
5594,282,001993,97.3051,-1.75,22
5605,283,001999,97.3107,-1.75,22
5613,284,002003,1.75,97.7459,22
5638,285,002000,-6.93764,-1.75,22
5680,286,002027,97.4295,-1.75,22
5683,287,002019,-6.60562,-1.75,22
5699,288,002026,1.75,-6.71844,52
5707,289,002042,97.9163,-1.75,22
5739,290,002047,1.75,-6.78586,22
5755,291,002051,-6.81751,-1.75,22
5764,292,002063,1.75,97.8414,22
5775,293,002059,-6.62096,-1.75,22
5781,294,002064,-7.15351,-1.75,22
5787,295,002062,1.75,-6.82172,22
5792,296,002065,1.75,-7.23371,52
5804,297,002068,1.75,-6.84838,22
5892,298,002107,1.75,97.2586,22
5896,299,002108,97.4621,-1.75,22
5908,300,002111,97.1089,-1.75,52
5960,301,002123,-6.63714,-1.75,22
5964,302,002131,97.9943,-1.75,22
5964,303,002124,-6.91399,-1.75,22
6024,304,002154,97.368,-1.75,22
6067,305,002163,1.75,96.9125,22
6076,306,002163,1.75,-7.54221,22
6084,307,002167,97.3789,-1.75,52
6094,308,002171,96.814,-1.75,52
6095,309,002170,1.75,97.4217,22
6151,310,002182,1.75,-6.66996,22
6173,311,002191,1.75,97.444,22
6173,312,002187,-7.11537,-1.75,22
6210,313,002195,1.75,-6.61018,22
6230,314,002205,97.1919,-1.75,22
6259,315,002214,97.2877,-1.75,52
6274,316,002212,-7.1101,-1.75,22
6339,317,002239,97.3148,-1.75,22
6359,318,002239,-6.75251,-1.75,22
6383,319,002247,-7.02959,-1.75,52
6385,320,002246,1.75,-7.00659,52
6391,321,002254,1.75,97.6476,22
6400,322,002257,97.4287,-1.75,22
6435,323,002269,1.75,97.6547,22
6440,324,002263,-7.07859,-1.75,22
6445,325,002278,97.5358,-1.75,22
6483,326,002288,1.75,-7.23211,22
6487,327,002296,1.75,97.9038,22
6502,328,002300,97.4124,-1.75,22
6504,329,002291,-6.57022,-1.75,22
6506,330,002295,1.75,-6.99259,52
6516,331,002309,1.75,97.3941,52
6521,332,002313,1.75,97.9651,22
6558,333,002325,97.4481,-1.75,22
6578,334,002334,97.7572,-1.75,22
6612,335,002348,97.7714,-1.75,22
6621,336,002351,1.75,97.5291,22
6633,337,002356,1.75,97.1431,22
6696,338,002380,1.75,-6.98759,52
6729,339,002398,97.8604,-1.75,52
6756,340,002409,97.6401,-1.75,52
6757,341,002407,1.75,-6.76407,22
6790,342,002423,97.5464,-1.75,22
6793,343,002426,1.75,97.9705,22
6801,344,002409,-7.02161,-1.75,52
6811,345,002431,97.768,-1.75,22
6819,346,002418,-6.74916,-1.75,22
6889,347,002465,1.75,97.8703,52
6899,348,002462,1.75,-6.64735,22
6902,349,002472,1.75,97.7575,22
6908,350,002475,97.5322,-1.75,22
6909,351,002477,1.75,97.1431,22
6915,352,002480,1.75,97.9105,22
6923,353,002470,1.75,-6.67619,22
6933,354,002487,1.75,97.6316,22
6964,355,002489,1.75,-7.03777,22
6979,356,002500,1.75,-6.73037,22
6980,357,002508,1.75,97.8276,52
6984,358,002502,1.75,-6.89784,22
6985,359,002510,1.75,97.3052,22
7010,360,002510,1.75,-6.95419,22
7021,361,002501,-6.8508,-1.75,22
7039,362,002529,1.75,97.4774,22
7064,363,002531,1.75,-7.12378,22
7090,364,002544,97.9577,-1.75,22
7096,365,002540,1.75,-6.62317,52
7172,366,002575,97.8577,-1.75,52
7194,367,002577,1.75,-7.0481,22
7205,368,002580,1.75,-6.67736,22
7207,369,002589,1.75,97.6315,22
7271,370,002608,1.75,97.3183,22
7300,371,002614,1.75,-6.82884,22
7311,372,002616,-6.63643,-1.75,22
7363,373,002640,1.75,97.6655,22
7371,374,002642,1.75,97.3471,22
7373,375,002634,1.75,-7.45486,22
7383,376,002648,1.75,97.4343,22
7395,377,002652,97.318,-1.75,22
7399,378,002643,1.75,-7.26452,22
7427,379,002666,1.75,97.9866,22
7432,380,002670,97.813,-1.75,52
7438,381,002662,1.75,-6.91841,52
7442,382,002673,1.75,97.4763,22
7484,383,002686,1.75,97.3394,22
7504,384,002687,-6.75934,-1.75,22
7532,385,002712,97.5586,-1.75,22
7547,386,002718,97.2571,-1.75,22
7555,387,002720,97.342,-1.75,52
7556,388,002706,-6.64233,-1.75,22
7569,389,002728,1.75,97.8926,52
7604,390,002720,-6.96445,-1.75,52
7622,391,002746,1.75,97.9193,22
7627,392,002744,97.4269,-1.75,22
7628,393,002741,1.75,-7.20739,22
7630,394,002745,97.8549,-1.75,22
7653,395,002751,1.75,-7.11218,22
7687,396,002752,-7.11602,-1.75,22
7699,397,002759,-6.77957,-1.75,22
7701,398,002777,1.75,97.5767,52
7709,399,002764,-6.9322,-1.75,22
7719,400,002784,1.75,97.463,22
7719,401,002786,97.3295,-1.75,22
7722,402,002776,1.75,-7.13901,22
7727,403,002789,97.4862,-1.75,22
7791,404,002801,-6.8958,-1.75,22
7822,405,002812,1.75,-7.27547,52
7826,406,002811,-7.2833,-1.75,22
7826,407,002820,97.2116,-1.75,22
7886,408,002844,1.75,97.3844,22
7917,409,002844,1.75,-7.06142,22
7921,410,002863,97.6042,-1.75,22
7944,411,002862,1.75,-6.5237,22
7947,412,002873,1.75,97.0413,52
7950,413,002874,1.75,97.6051,52
7952,414,002868,1.75,-7.15783,52
7985,415,002867,-7.03974,-1.75,52
8007,416,002880,-7.21538,-1.75,52
8018,417,002895,97.5294,-1.75,22
8040,418,002910,1.75,97.6515,22
8046,419,002911,97.7843,-1.75,22
8050,420,002892,-7.36027,-1.75,52
8051,421,002914,1.75,97.4073,52
8065,422,002922,1.75,97.741,52
8082,423,002929,97.5039,-1.75,52
8102,424,002936,97.6892,-1.75,52
8114,425,002939,97.8017,-1.75,22
8115,426,002921,-6.85143,-1.75,22
8152,427,002949,1.75,-7.34029,52
8173,428,002946,-7.10347,-1.75,22
8181,429,002958,1.75,-7.29343,22
8185,430,002959,1.75,-6.77222,22
8220,431,002969,-7.40829,-1.75,52
8226,432,002981,1.75,97.5967,22
8249,433,002980,-7.2149,-1.75,52
8256,434,002985,-7.36366,-1.75,52
8276,435,003000,97.6207,-1.75,22
8279,436,003001,97.571,-1.75,22
8282,437,002995,-7.21782,-1.75,22
8285,438,002996,1.75,-7.05899,22
8297,439,003001,-7.26047,-1.75,22
8303,440,003012,97.5549,-1.75,22
8305,441,003013,97.9157,-1.75,22
8311,442,003004,1.75,-6.89288,52
8335,443,003027,1.75,97.5003,22
8350,444,003016,1.75,-6.96999,22
8353,445,003020,-6.82081,-1.75,52
8384,446,003039,97.3875,-1.75,22
8424,447,003044,1.75,97.5801,22
8498,448,003063,-6.5717,-1.75,22
8516,449,003072,-7.12949,-1.75,52
8537,450,003095,97.7007,-1.75,22
8560,451,003104,97.1588,-1.75,22
8595,452,003105,-6.77095,-1.75,52
8620,453,003115,-7.42293,-1.75,22
8653,454,003129,97.6583,-1.75,22
8659,455,003131,97.2829,-1.75,22
8682,456,003133,1.75,-6.72693,22
8710,457,003152,1.75,97.0594,22
8721,458,003155,1.75,97.2341,52
8728,459,003161,97.5627,-1.75,22
8729,460,003152,1.75,-7.19033,22
8732,461,003151,-6.59542,-1.75,52
8739,462,003163,97.3557,-1.75,22
8751,463,003170,1.75,97.7801,22
8756,464,003173,97.7591,-1.75,22
8817,465,003179,-6.75651,-1.75,22
8820,466,003191,97.9156,-1.75,22
8831,467,003190,-6.51777,-1.75,22
8859,468,003207,97.5871,-1.75,22
8866,469,003198,1.75,-7.2547,22
8867,470,003211,1.75,97.5329,22
8879,471,003206,-7.11788,-1.75,22
8888,472,003211,1.75,-7.34743,22
8907,473,003222,97.1454,-1.75,22
8914,474,003226,96.994,-1.75,22
9003,475,003253,1.75,-6.54888,52
9007,476,003266,97.817,-1.75,52
9007,477,003255,-7.31952,-1.75,22
9012,478,003270,1.75,97.2754,22
9022,479,003274,1.75,97.8446,22
9035,480,003263,-7.39768,-1.75,22
9094,481,003289,1.75,97.4667,22
9108,482,003292,97.3042,-1.75,22
9140,483,003294,1.75,-7.04145,52
9166,484,003302,-6.80257,-1.75,22
9178,485,003311,1.75,97.1897,22
9179,486,003303,-6.63204,-1.75,22
9218,487,003334,97.4984,-1.75,22
9255,488,003347,1.75,97.3513,22
9288,489,003344,-7.38851,-1.75,22
9315,490,003376,1.75,97.0478,22
9408,491,003395,97.6491,-1.75,22
9432,492,003405,97.2988,-1.75,22
9440,493,003410,97.747,-1.75,52
9450,494,003416,1.75,97.9675,22
9456,495,003409,1.75,-7.33886,22
9469,496,003421,1.75,97.6368,22
9473,497,003407,-7.20693,-1.75,22
9491,498,003418,-6.67178,-1.75,22
9555,499,003443,1.75,97.5675,22
9584,500,003458,1.75,97.4678,22
9588,501,003459,1.75,97.6,52
9595,502,003450,1.75,-6.71899,22
9632,503,003465,-7.35043,-1.75,22
9645,504,003469,1.75,-6.56469,22
9656,505,003475,97.7006,-1.75,22
9681,506,003484,1.75,97.5374,22
9720,507,003501,1.75,97.9891,22
9722,508,003502,1.75,97.1598,22
9726,509,003490,-7.01461,-1.75,22
9794,510,003528,97.7707,-1.75,22
9804,511,003531,1.75,97.8434,22
9826,512,003532,-6.76711,-1.75,22
9831,513,003541,1.75,97.6624,52
9851,514,003543,1.75,-7.0917,52
9860,515,003544,-7.18811,-1.75,52
9892,516,003553,1.75,-6.69671,22
9950,517,003572,1.75,-7.44453,22
9953,518,003574,1.75,-6.61671,22
10038,519,003601,1.75,-7.13946,22
10089,520,003617,-6.78945,-1.75,22
10092,521,003618,-7.27059,-1.75,22
10111,522,003620,1.75,-6.50354,22
10114,523,003632,1.75,97.4932,22
10115,524,003622,1.75,-7.01988,52
10123,525,003627,1.75,-6.70527,22
10131,526,003639,97.4571,-1.75,22
10136,527,003630,1.75,-6.81434,22
10170,528,003646,-7.04164,-1.75,52
10183,529,003650,1.75,-7.31718,22
10204,530,003657,1.75,-6.90884,52
10217,531,003667,97.1982,-1.75,52
10246,532,003680,1.75,97.7058,52
10265,533,003689,97.2418,-1.75,22
10288,534,003699,1.75,97.4852,22
10309,535,003693,1.75,-6.96923,22
10383,536,003721,1.75,-7.17128,22
10392,537,003722,1.75,-6.64104,22
10407,538,003727,1.75,-6.63086,22
10420,539,003736,1.75,97.7949,22
10427,540,003740,97.4764,-1.75,22
10432,541,003743,1.75,97.6922,22
10437,542,003746,97.6104,-1.75,22
10447,543,003737,1.75,-7.35112,22
10449,544,003752,1.75,97.7826,52
10471,545,003761,1.75,97.3634,22
10478,546,003764,97.4353,-1.75,52
10495,547,003761,1.75,-7.0627,22
10518,548,003775,1.75,-7.06634,22
10527,549,003779,1.75,-7.29388,22
10582,550,003788,-7.44515,-1.75,52
10635,551,003818,97.841,-1.75,22
10651,552,003820,1.75,97.4004,22
10651,553,003817,1.75,-6.90594,22
10658,554,003819,1.75,-7.43394,52
10666,555,003823,97.9224,-1.75,22
10699,556,003836,97.9846,-1.75,22
10710,557,003839,1.75,97.3725,22
10819,558,003884,1.75,97.5618,22
10822,559,003886,1.75,97.9425,22
10827,560,003871,-7.02115,-1.75,22
10854,561,003878,-6.9229,-1.75,22
10878,562,003908,97.6607,-1.75,52
10882,563,003911,97.8416,-1.75,22
10892,564,003915,97.8389,-1.75,52
10951,565,003933,97.3533,-1.75,22
10954,566,003935,1.75,97.1583,22
10958,567,003936,1.75,97.175,22
10974,568,003940,97.3861,-1.75,22
10985,569,003943,1.75,97.0542,22
10991,570,003939,-7.38668,-1.75,22
10992,571,003940,-6.74772,-1.75,22
10997,572,003945,1.75,97.6365,22
11033,573,003961,97.3584,-1.75,22
11051,574,003966,97.7654,-1.75,52
11081,575,003962,1.75,-6.77352,22
11085,576,003963,1.75,-6.82284,52
11095,577,003982,97.2245,-1.75,22
11120,578,003984,1.75,-7.43091,22
11123,579,003983,-7.33271,-1.75,22
11124,580,003985,1.75,-7.10125,52
11139,581,003995,97.2562,-1.75,22
11150,582,003992,-7.00592,-1.75,22
11160,583,003998,1.75,-6.53111,52
11165,584,004004,1.75,97.4667,22
11171,585,004001,-6.89678,-1.75,22
11172,586,004004,1.75,-6.55896,22
11196,587,004017,1.75,97.691,22
11221,588,004024,1.75,-6.66098,22
11227,589,004026,1.75,-6.77921,22
11232,590,004031,1.75,-6.85195,22
11251,591,004030,-6.59907,-1.75,22
11260,592,004046,97.4847,-1.75,22
11274,593,004040,1.75,-7.34136,22
11280,594,004044,-6.67769,-1.75,22
11280,595,004045,1.75,-6.69743,22
11345,596,004074,1.75,97.0447,22
11353,597,004077,1.75,97.6725,52
11356,598,004069,-6.80257,-1.75,22
11357,599,004068,1.75,-6.62564,22
11366,600,004081,97.6749,-1.75,22
11387,601,004081,-7.45977,-1.75,22
11394,602,004093,1.75,97.7147,52
11415,603,004101,1.75,97.7995,52
11416,604,004090,-6.50447,-1.75,52
11432,605,004100,1.75,-6.62321,22
11462,606,004117,97.1003,-1.75,22
11473,607,004124,97.7619,-1.75,52
11496,608,004133,1.75,97.3526,22
11512,609,004141,1.75,97.5851,22
11553,610,004140,-7.18498,-1.75,22
11559,611,004154,97.9297,-1.75,22
11566,612,004146,-6.80073,-1.75,52
11572,613,004149,-6.52636,-1.75,22
11577,614,004151,-6.56081,-1.75,22
11590,615,004164,97.5135,-1.75,22
11602,616,004167,1.75,97.6577,22
11605,617,004163,1.75,-7.32406,22
11619,618,004174,97.4919,-1.75,22
11644,619,004181,1.75,97.3299,22
11650,620,004179,-6.52269,-1.75,52
11680,621,004184,1.75,-6.76556,52
11699,622,004191,-7.03609,-1.75,22
11711,623,004198,1.75,97.4667,22
11781,624,004215,-6.54294,-1.75,52
11785,625,004216,1.75,-6.55091,52
11797,626,004218,1.75,-7.00911,22
11797,627,004222,97.3759,-1.75,22
11801,628,004223,97.8561,-1.75,22
11832,629,004229,97.8224,-1.75,22
11851,630,004228,1.75,-7.28642,52
11874,631,004234,-6.73144,-1.75,22
11874,632,004239,1.75,96.9297,22
11898,633,004249,97.355,-1.75,22
11904,634,004242,-6.67307,-1.75,22
11950,635,004261,-6.76651,-1.75,22
11951,636,004267,1.75,97.5546,22
11961,637,004259,1.75,-6.74197,22
11964,638,004276,97.8479,-1.75,22
11964,639,004260,1.75,-6.59284,22
11986,640,004268,-7.06464,-1.75,22
11999,641,004286,97.8454,-1.75,22
12013,642,004296,1.75,97.0709,22
12035,643,004285,-6.72025,-1.75,22
12060,644,004313,97.9119,-1.75,22
12078,645,004304,-6.99325,-1.75,22
12082,646,004322,1.75,97.5599,52
12095,647,004315,-6.61233,-1.75,22
12113,648,004329,1.75,-7.25294,22
12126,649,004341,1.75,97.4667,22
12130,650,004338,97.9626,-1.75,22
12169,651,004359,1.75,97.6074,22
12186,652,004366,1.75,97.8342,22
12214,653,004378,1.75,97.8289,22
12219,654,004374,1.75,-6.92177,22
12233,655,004367,-7.02431,-1.75,22
12234,656,004378,1.75,-7.13687,22
12235,657,004384,1.75,97.6731,22
12245,658,004373,-7.46155,-1.75,22
12251,659,004386,1.75,-6.88699,22
12254,660,004387,1.75,-6.79313,22
12411,661,004432,-6.5653,-1.75,22
12417,662,004434,-6.52036,-1.75,22
12433,663,004449,97.8326,-1.75,22
12450,664,004446,1.75,-7.28316,52
12507,665,004462,-7.25729,-1.75,22
12526,666,004468,1.75,-7.27459,22
12556,667,004489,97.3592,-1.75,22
12557,668,004478,1.75,-7.33803,22
12565,669,004492,97.1703,-1.75,22
12565,670,004483,-7.39513,-1.75,52
12571,671,004496,97.2488,-1.75,22
12590,672,004505,97.123,-1.75,22
12643,673,004524,1.75,97.7825,52
12650,674,004525,1.75,97.4058,22
12677,675,004527,-6.67447,-1.75,22
12680,676,004528,1.75,-6.58818,22
12741,677,004552,1.75,97.8044,52
12759,678,004561,1.75,97.7799,22
12795,679,004564,1.75,-7.38044,22
12816,680,004574,-6.8165,-1.75,22
12830,681,004578,-6.67746,-1.75,22
12853,682,004594,97.3922,-1.75,22
12935,683,004607,-7.37806,-1.75,22
12938,684,004616,97.4459,-1.75,22
12949,685,004612,-6.68886,-1.75,22
12961,686,004617,-6.62473,-1.75,22
12980,687,004623,1.75,-6.88889,22
12988,688,004631,1.75,97.731,22
12995,689,004636,97.6808,-1.75,22
12997,690,004637,97.4725,-1.75,22
13034,691,004652,1.75,97.4826,22
13038,692,004638,-7.03009,-1.75,52
13038,693,004644,1.75,-7.36285,52
13054,694,004660,1.75,97.7679,22
13100,695,004670,97.4667,-1.75,22
13131,696,004678,97.3228,-1.75,22
13136,697,004682,1.75,97.0823,22
13139,698,004675,-6.58796,-1.75,52
13150,699,004679,-7.27902,-1.75,52
13186,700,004702,1.75,97.5331,22
13186,701,004700,97.7095,-1.75,22
13194,702,004695,-6.60526,-1.75,52
13198,703,004708,97.2469,-1.75,22
13202,704,004698,-6.80584,-1.75,22
13212,705,004715,97.4761,-1.75,22
13222,706,004717,1.75,97.9646,52
13234,707,004721,1.75,97.5857,22
13242,708,004725,97.7911,-1.75,22
13365,709,004747,-6.68579,-1.75,22
13373,710,004750,-6.50202,-1.75,22
13381,711,004752,1.75,-6.92165,22
13383,712,004753,1.75,-7.41766,22
13441,713,004768,1.75,-6.76645,22
13463,714,004784,97.1735,-1.75,52
13482,715,004792,97.7037,-1.75,22
13542,716,004807,1.75,-7.01115,22
13555,717,004814,1.75,-6.87375,52
13565,718,004818,1.75,-7.35871,22
13589,719,004835,97.4386,-1.75,22
13594,720,004829,1.75,-6.83804,22
13603,721,004834,1.75,-6.65493,22
13611,722,004836,-7.13324,-1.75,52
13614,723,004837,-6.8506,-1.75,22
13621,724,004843,1.75,97.564,22
13662,725,004848,-6.80257,-1.75,22
13714,726,004866,1.75,-7.41831,22
13766,727,004899,97.3237,-1.75,22
13783,728,004892,1.75,-6.89632,52
13784,729,004904,97.0484,-1.75,22
13804,730,004910,1.75,97.8585,22
13806,731,004911,1.75,97.4076,22
13809,732,004912,1.75,97.3253,22
13834,733,004919,97.4715,-1.75,22
13908,734,004935,1.75,-7.1144,22
13909,735,004936,-7.21124,-1.75,22
13929,736,004949,1.75,97.7389,22
13955,737,004953,1.75,-6.7536,22
14048,738,004985,-6.86592,-1.75,22
14071,739,004993,-6.74144,-1.75,22
14093,740,005001,-7.46518,-1.75,22
14121,741,005017,97.9501,-1.75,22
14136,742,005023,1.75,97.2493,22
14172,743,005029,-6.696,-1.75,22
14180,744,005038,97.3043,-1.75,22
14210,745,005042,-6.78273,-1.75,22
14228,746,005046,1.75,-6.56136,22
14235,747,005053,97.4115,-1.75,22
14253,748,005061,1.75,97.5138,22
14260,749,005064,97.1959,-1.75,22
14268,750,005067,1.75,97.5406,22
14289,751,005071,1.75,97.7273,22
14335,752,005081,97.1855,-1.75,22
14373,753,005083,1.75,-6.58114,22
14389,754,005087,1.75,-7.31759,22
14391,755,005094,-7.14041,-1.75,22
14403,756,005105,97.6229,-1.75,22
14445,757,005110,-7.25135,-1.75,52
14456,758,005123,1.75,97.0112,22
14468,759,005119,-7.10142,-1.75,52
14489,760,005137,1.75,97.5398,22
14495,761,005139,1.75,97.427,52
14515,762,005144,1.75,97.273,22
14529,763,005150,1.75,97.3777,22
14536,764,005153,1.75,97.4392,22
14550,765,005157,1.75,97.8129,22
14552,766,005146,1.75,-7.19024,22
14585,767,005173,97.4119,-1.75,22
14587,768,005170,1.75,97.4779,22
14596,769,005177,97.2579,-1.75,22
14667,770,005190,-7.07787,-1.75,22
14714,771,005213,1.75,97.2451,22
14736,772,005226,1.75,97.9454,22
14754,773,005216,-6.56542,-1.75,52
14771,774,005241,97.8065,-1.75,22
14775,775,005231,1.75,-6.82845,22
14804,776,005249,1.75,-6.88087,22
14830,777,005258,97.9822,-1.75,22
14850,778,005263,97.8035,-1.75,22
14853,779,005265,97.4849,-1.75,22
14858,780,005266,1.75,97.3423,52
14871,781,005272,97.9464,-1.75,52
14874,782,005274,97.9891,-1.75,22
14881,783,005278,97.6035,-1.75,22
14890,784,005270,1.75,-6.83533,22
14940,785,005297,97.3056,-1.75,52
14957,786,005298,1.75,-6.53338,22
14979,787,005303,1.75,-6.74361,22
14997,788,005310,-7.30908,-1.75,52
15009,789,005314,-6.96048,-1.75,52
15022,790,005322,1.75,-7.29584,52
15036,791,005333,1.75,97.3298,22
15041,792,005335,97.2446,-1.75,22
15049,793,005331,-6.86611,-1.75,22
15053,794,005342,1.75,97.8438,22
15070,795,005348,1.75,97.447,52
15087,796,005353,97.2296,-1.75,22
15096,797,005358,97.5329,-1.75,22
15099,798,005359,1.75,97.8421,52
