13:47:46,100,40,14,0,
13:47:46,200,90,32,0,
13:47:47,300,148,48,0,
13:47:47,400,200,61,0,
13:47:47,500,241,77,0,
13:47:47,600,284,98,0,
13:47:48,700,324,107,0,
13:47:48,800,374,125,0,
13:47:49,900,431,142,0,
13:47:49,1000,490,158,0,
13:47:49,1100,536,177,0,
13:47:50,1200,595,186,0,
13:47:51,1300,662,206,0,
13:47:51,1400,714,220,0,
13:47:51,1500,774,239,0,
13:47:52,1600,830,251,0,
13:47:52,1700,891,268,0,
13:47:53,1800,945,283,0,
13:47:53,1900,996,301,0,
13:47:54,2000,1060,325,0,
13:47:54,2100,1112,342,0,
13:47:55,2200,1185,360,0,
13:47:56,2300,1253,374,0,
13:47:56,2400,1318,385,0,
13:47:57,2500,1380,401,0,
13:47:57,2600,1439,413,0,
13:47:58,2700,1493,431,0,
13:47:58,2800,1543,441,0,
13:47:58,2900,1612,456,0,
13:47:59,3000,1653,474,0,
13:47:59,3100,1716,487,0,
13:48:0,3200,1761,511,0,
13:48:0,3300,1798,532,0,
13:48:0,3400,1851,552,0,
13:48:0,3500,1881,561,0,
13:48:1,3600,1946,584,0,
13:48:1,3700,1998,605,0,
13:48:2,3800,2053,623,0,
13:48:2,3900,2101,635,0,
13:48:3,4000,2154,652,0,
13:48:3,4100,2214,666,0,
13:48:4,4200,2255,680,0,
13:48:4,4300,2333,699,0,
13:48:5,4400,2399,710,0,
13:48:5,4500,2463,727,0,
13:48:6,4600,2532,736,0,
13:48:6,4700,2581,753,0,
13:48:7,4800,2647,776,0,
13:48:8,4900,2701,793,0,
13:48:8,5000,2756,820,0,
13:48:9,5100,2820,839,0,
13:48:9,5200,2878,853,0,
13:48:10,5300,2926,873,0,
13:48:10,5400,2982,890,0,
13:48:11,5500,3048,907,0,
13:48:11,5600,3087,928,0,
13:48:12,5700,3153,953,0,
13:48:12,5800,3204,968,0,
13:48:13,5900,3267,979,0,
13:48:13,6000,3321,990,0,
13:48:14,6100,3380,1011,0,
13:48:14,6200,3444,1025,0,
13:48:15,6300,3500,1040,0,
13:48:15,6400,3555,1068,0,
13:48:16,6500,3606,1081,0,
13:48:16,6600,3670,1093,0,
13:48:16,6700,3736,1110,0,
13:48:17,6800,3789,1122,0,
13:48:17,6900,3845,1141,0,
13:48:18,7000,3884,1155,0,
13:48:18,7100,3939,1177,0,
13:48:18,7200,3997,1190,0,
13:48:18,7300,4042,1203,0,
13:48:19,7400,4092,1219,0,
13:48:19,7500,4149,1235,0,
13:48:20,7600,4210,1254,0,
13:48:21,7700,4264,1271,0,
13:48:21,7800,4340,1287,0,
13:48:22,7900,4400,1308,0,
13:48:23,8000,4459,1332,0,
13:48:23,8100,4511,1350,0,
13:48:23,8200,4559,1362,0,
13:48:24,8300,4617,1379,0,
13:48:24,8400,4658,1398,0,
13:48:25,8500,4722,1414,0,
13:48:25,8600,4775,1430,0,
13:48:25,8700,4821,1447,0,
13:48:26,8800,4862,1469,0,
13:48:26,8900,4913,1491,0,
13:48:27,9000,4979,1513,0,
13:48:27,9100,5030,1526,0,
13:48:27,9200,5095,1544,0,
13:48:28,9300,5166,1557,0,
13:48:28,9400,5216,1572,0,
13:48:29,9500,5272,1594,0,
13:48:29,9600,5321,1606,0,
13:48:30,9700,5371,1624,0,
13:48:30,9800,5413,1637,0,
13:48:30,9900,5484,1657,0,
13:48:31,10000,5530,1679,0,
13:48:31,10100,5579,1699,0,
13:48:32,10200,5623,1724,0,
13:48:32,10300,5670,1743,0,
13:48:33,10400,5729,1762,0,
13:48:33,10500,5766,1779,0,
13:48:33,10600,5828,1799,0,
13:48:34,10700,5868,1821,0,
13:48:34,10800,5925,1837,0,
13:48:35,10900,5998,1845,0,
13:48:35,11000,6059,1862,0,
13:48:36,11100,6113,1874,0,
13:48:36,11200,6155,1888,0,
13:48:37,11300,6228,1903,0,
13:48:37,11400,6290,1919,0,
13:48:38,11500,6345,1939,0,
13:48:38,11600,6390,1957,0,
13:48:39,11700,6448,1973,0,
13:48:39,11800,6509,1988,0,
13:48:40,11900,6556,2001,0,
13:48:40,12000,6615,2021,0,
13:48:40,12100,6658,2034,0,
13:48:41,12200,6705,2050,0,
13:48:41,12300,6771,2065,0,
13:48:42,12400,6838,2083,0,
13:48:42,12500,6901,2100,0,
13:48:43,12600,6952,2117,0,
13:48:43,12700,7008,2136,0,
13:48:44,12800,7056,2151,0,
13:48:44,12900,7109,2170,0,
13:48:45,13000,7167,2192,0,
13:48:45,13100,7229,2204,0,
13:48:46,13200,7294,2224,0,
13:48:46,13300,7347,2238,0,
13:48:46,13400,7405,2255,0,
13:48:47,13500,7456,2271,0,
13:48:47,13600,7517,2284,0,
13:48:47,13700,7567,2299,0,
13:48:48,13800,7632,2318,0,
13:48:49,13900,7702,2331,0,
13:48:49,14000,7760,2349,0,
13:48:50,14100,7829,2367,0,
13:48:50,14200,7881,2380,0,
13:48:51,14300,7944,2390,0,
13:48:51,14400,7997,2407,0,
13:48:52,14500,8040,2422,0,
13:48:52,14600,8083,2444,0,
13:48:52,14700,8121,2460,0,
13:48:53,14800,8194,2475,0,
13:48:53,14900,8248,2481,0,
13:48:53,15000,8311,2492,0,
13:48:54,15100,8363,2500,0,
13:48:54,15200,8422,2516,0,
13:48:55,15300,8482,2533,0,
13:48:55,15400,8542,2547,0,
13:48:56,15500,8609,2562,0,
13:48:56,15600,8669,2577,0,
13:48:56,15700,8735,2590,0,
13:48:57,15800,8785,2607,0,
13:48:57,15900,8836,2621,0,
13:48:57,16000,8892,2637,0,
13:48:58,16100,8936,2650,0,
13:48:58,16200,9004,2672,0,
13:48:59,16300,9059,2687,0,
13:48:59,16400,9106,2700,0,
13:49:0,16500,9168,2725,0,
13:49:0,16600,9219,2737,0,
13:49:1,16700,9278,2758,0,
13:49:1,16800,9321,2771,0,
13:49:1,16900,9384,2782,0,
13:49:2,17000,9439,2797,0,
13:49:2,17100,9493,2813,0,
13:49:3,17200,9553,2823,0,
13:49:3,17300,9601,2840,0,
13:49:3,17400,9654,2856,0,
13:49:3,17500,9703,2868,0,
13:49:4,17600,9757,2883,0,
13:49:4,17700,9797,2898,0,
13:49:5,17800,9857,2914,0,
13:49:5,17900,9914,2935,0,
13:49:6,18000,9965,2954,0,
13:49:6,18100,10023,2973,0,
13:49:6,18200,10073,2987,0,
13:49:7,18300,10134,3001,0,
13:49:7,18400,10180,3016,0,
13:49:7,18500,10243,3031,0,
13:49:8,18600,10295,3042,0,
13:49:8,18700,10352,3061,0,
13:49:9,18800,10409,3086,0,
13:49:9,18900,10456,3103,0,
13:49:10,19000,10526,3126,0,
13:49:10,19100,10576,3147,0,
13:49:10,19200,10624,3167,0,
13:49:11,19300,10677,3178,0,
13:49:11,19400,10735,3192,0,
13:49:12,19500,10783,3214,0,
13:49:12,19600,10829,3224,0,
13:49:12,19700,10891,3243,0,
13:49:13,19800,10948,3253,0,
13:49:13,19900,10994,3276,0,
13:49:14,20000,11051,3286,0,
13:49:14,20100,11098,3307,0,
13:49:15,20200,11159,3328,0,
13:49:15,20300,11218,3343,0,
13:49:16,20400,11284,3364,0,
13:49:16,20500,11340,3387,0,
13:49:17,20600,11390,3411,0,
13:49:17,20700,11445,3432,0,
13:49:17,20800,11495,3449,0,
13:49:18,20900,11563,3465,0,
13:49:18,21000,11610,3477,0,
13:49:19,21100,11671,3499,0,
13:49:19,21200,11711,3515,0,
13:49:20,21300,11769,3530,0,
13:49:20,21400,11813,3546,0,
13:49:20,21500,11865,3558,0,
13:49:21,21600,11926,3583,0,
13:49:21,21700,11976,3604,0,
13:49:22,21800,12044,3622,0,
13:49:22,21900,12092,3639,0,
13:49:22,22000,12155,3655,0,
13:49:23,22100,12214,3669,0,
13:49:23,22200,12262,3679,0,
13:49:24,22300,12319,3702,0,
13:49:24,22400,12374,3714,0,
13:49:25,22500,12430,3739,0,
13:49:25,22600,12475,3757,0,
13:49:25,22700,12534,3773,0,
13:49:25,22800,12583,3785,0,
13:49:26,22900,12632,3810,0,
13:49:26,23000,12680,3825,0,
13:49:27,23100,12730,3839,0,
13:49:27,23200,12788,3863,0,
13:49:27,23300,12842,3877,0,
13:49:28,23400,12903,3895,0,
13:49:29,23500,12961,3908,0,
13:49:29,23600,13016,3923,0,
13:49:30,23700,13078,3938,0,
13:49:30,23800,13132,3946,0,
13:49:30,23900,13200,3960,0,
13:49:31,24000,13252,3972,0,
13:49:31,24100,13307,3990,0,
13:49:31,24200,13358,3999,0,
13:49:32,24300,13405,4014,0,
13:49:32,24400,13465,4032,0,
13:49:33,24500,13514,4042,0,
13:49:33,24600,13576,4064,0,
13:49:34,24700,13640,4076,0,
13:49:34,24800,13688,4093,0,
13:49:34,24900,13738,4112,0,
13:49:35,25000,13797,4125,0,
13:49:35,25100,13856,4141,0,
13:49:36,25200,13901,4154,0,
13:49:36,25300,13958,4171,0,
13:49:36,25400,14006,4188,0,
13:49:37,25500,14067,4207,0,
13:49:37,25600,14125,4221,0,
13:49:38,25700,14178,4245,0,
13:49:38,25800,14239,4262,0,
13:49:39,25900,14288,4277,0,
13:49:39,26000,14350,4296,0,
13:49:40,26100,14398,4316,0,
13:49:40,26200,14466,4333,0,
13:49:40,26300,14509,4347,0,
13:49:41,26400,14559,4368,0,
13:49:41,26500,14626,4388,0,
13:49:42,26600,14682,4405,0,
13:49:42,26700,14748,4417,0,
13:49:43,26800,14787,4435,0,
13:49:43,26900,14851,4446,0,
13:49:44,27000,14910,4464,0,
13:49:44,27100,14958,4480,0,
13:49:44,27200,15007,4492,0,
13:49:45,27300,15049,4507,0,
13:49:45,27400,15106,4525,0,
13:49:45,27500,15166,4540,0,
13:49:46,27600,15215,4559,0,
13:49:46,27700,15270,4579,0,
13:49:47,27800,15314,4598,0,
13:49:47,27900,15373,4613,0,
13:49:47,28000,15422,4625,0,
13:49:48,28100,15483,4645,0,
13:49:48,28200,15533,4658,0,
13:49:49,28300,15591,4677,0,
13:49:49,28400,15647,4695,0,
13:49:49,28500,15703,4707,0,
13:49:50,28600,15762,4723,0,
13:49:50,28700,15807,4738,0,
13:49:51,28800,15868,4750,0,
13:49:51,28900,15915,4769,0,
13:49:51,29000,15973,4779,0,
13:49:52,29100,16028,4791,0,
13:49:52,29200,16077,4805,0,
13:49:53,29300,16142,4829,0,
13:49:53,29400,16198,4844,0,
13:49:54,29500,16266,4860,0,
13:49:54,29600,16312,4882,0,
13:49:54,29700,16368,4900,0,
13:49:55,29800,16431,4912,0,
13:49:56,29900,16488,4928,0,
13:49:56,30000,16561,4948,0,
13:49:57,30100,16603,4958,0,
13:49:57,30200,16670,4977,0,
13:49:57,30300,16722,4992,0,
13:49:58,30400,16783,5013,0,
13:49:58,30500,16839,5033,0,
13:49:59,30600,16890,5048,0,
13:49:59,30700,16952,5066,0,
13:50:0,30800,16992,5083,0,
13:50:0,30900,17048,5106,0,
13:50:0,31000,17094,5123,0,
13:50:1,31100,17147,5139,0,
13:50:1,31200,17205,5162,0,
13:50:2,31300,17262,5177,0,
13:50:2,31400,17327,5194,0,
13:50:3,31500,17370,5210,0,
13:50:4,31600,17423,5233,0,
13:50:4,31700,17480,5247,0,
13:50:5,31800,17537,5271,0,
13:50:5,31900,17590,5291,0,
13:50:6,32000,17645,5306,0,
13:50:6,32100,17722,5322,0,
13:50:7,32200,17773,5346,0,
13:50:7,32300,17829,5364,0,
13:50:8,32400,17891,5377,0,
13:50:8,32500,17954,5400,0,
13:50:9,32600,18018,5425,0,
13:50:10,32700,18076,5440,0,
13:50:11,32800,18139,5466,0,
13:50:11,32900,18205,5478,0,
13:50:12,33000,18276,5496,0,
13:50:13,33100,18337,5517,0,
13:50:14,33200,18403,5538,0,
13:50:14,33300,18467,5560,0,
13:50:15,33400,18513,5579,0,
13:50:15,33500,18575,5589,0,
13:50:16,33600,18622,5605,0,
13:50:16,33700,18693,5625,0,
13:50:16,33800,18746,5646,0,
13:50:17,33900,18798,5658,0,
13:50:17,34000,18854,5676,0,
13:50:18,34100,18895,5688,0,
13:50:18,34200,18959,5708,0,
13:50:19,34300,19001,5726,0,
13:50:19,34400,19062,5741,0,
13:50:20,34500,19123,5761,0,
13:50:20,34600,19183,5772,0,
13:50:21,34700,19247,5790,0,
13:50:21,34800,19305,5808,0,
13:50:22,34900,19380,5821,0,
13:50:22,35000,19423,5832,0,
13:50:22,35100,19493,5846,0,
13:50:23,35200,19540,5859,0,
13:50:23,35300,19596,5867,0,
13:50:24,35400,19657,5890,0,
13:50:24,35500,19713,5911,0,
13:50:25,35600,19778,5929,0,
13:50:25,35700,19822,5947,0,
13:50:26,35800,19879,5971,0,
13:50:26,35900,19921,5992,0,
13:50:27,36000,19985,6009,0,
13:50:27,36100,20042,6026,0,
13:50:28,36200,20108,6042,0,
13:50:28,36300,20170,6055,0,
13:50:28,36400,20220,6066,2,
13:50:29,36500,20287,6080,2,
13:50:29,36600,20328,6090,2,
13:50:29,36700,20385,6105,2,
13:50:30,36800,20442,6127,2,
13:50:30,36900,20499,6141,2,
13:50:31,37000,20551,6161,2,
13:50:31,37100,20604,6175,2,
13:50:32,37200,20657,6199,2,
13:50:32,37300,20713,6212,2,
13:50:32,37400,20758,6224,2,
13:50:33,37500,20822,6250,2,
13:50:33,37600,20878,6264,2,
13:50:34,37700,20943,6285,2,
13:50:34,37800,20982,6295,2,
13:50:34,37900,21034,6318,2,
13:50:35,38000,21084,6335,2,
13:50:35,38100,21131,6347,2,
13:50:36,38200,21185,6367,2,
13:50:36,38300,21236,6379,2,
13:50:37,38400,21301,6396,2,
13:50:37,38500,21348,6416,2,
13:50:37,38600,21403,6434,2,
13:50:38,38700,21443,6453,2,
13:50:38,38800,21489,6478,2,
13:50:38,38900,21541,6497,2,
13:50:39,39000,21595,6512,2,
13:50:39,39100,21655,6526,2,
13:50:40,39200,21703,6542,2,
13:50:40,39300,21762,6564,2,
13:50:40,39400,21812,6579,2,
13:50:41,39500,21870,6594,2,
13:50:41,39600,21924,6606,2,
13:50:42,39700,21968,6624,2,
13:50:42,39800,22028,6641,2,
13:50:42,39900,22082,6650,2,
13:50:43,40000,22140,6675,2,
13:50:43,40100,22195,6689,2,
13:50:44,40200,22245,6710,2,
13:50:44,40300,22296,6723,2,
13:50:44,40400,22338,6737,2,
13:50:45,40500,22391,6767,2,
13:50:45,40600,22441,6781,2,
13:50:46,40700,22497,6799,2,
13:50:46,40800,22535,6822,2,
13:50:46,40900,22591,6841,2,
13:50:47,41000,22646,6856,2,
13:50:47,41100,22696,6877,2,
13:50:48,41200,22753,6898,2,
13:50:48,41300,22806,6914,2,
13:50:49,41400,22869,6928,2,
13:50:49,41500,22923,6945,2,
13:50:50,41600,22970,6965,2,
13:50:50,41700,23033,6979,2,
13:50:51,41800,23086,6995,2,
13:50:51,41900,23134,7013,2,
13:50:51,42000,23180,7027,2,
13:50:52,42100,23246,7048,2,
13:50:52,42200,23292,7062,2,
13:50:53,42300,23347,7079,2,
13:50:53,42400,23396,7091,2,
13:50:54,42500,23450,7104,2,
13:50:54,42600,23516,7125,2,
13:50:54,42700,23564,7139,2,
13:50:55,42800,23630,7158,2,
13:50:55,42900,23687,7176,2,
13:50:56,43000,23744,7191,2,
13:50:56,43100,23804,7215,2,
13:50:57,43200,23851,7230,2,
13:50:57,43300,23920,7244,2,
13:50:57,43400,23965,7254,2,
13:50:58,43500,24030,7275,2,
13:50:58,43600,24083,7286,2,
13:50:58,43700,24145,7298,2,
13:50:59,43800,24189,7312,2,
13:50:59,43900,24246,7325,2,
13:51:0,44000,24306,7343,2,
13:51:0,44100,24343,7357,2,
13:51:0,44200,24400,7380,2,
13:51:1,44300,24446,7404,2,
13:51:1,44400,24507,7415,2,
13:51:1,44500,24562,7435,2,
13:51:2,44600,24617,7450,2,
13:51:2,44700,24668,7468,2,
13:51:3,44800,24718,7480,2,
13:51:3,44900,24775,7504,2,
13:51:4,45000,24831,7519,2,
13:51:4,45100,24880,7539,2,
13:51:5,45200,24939,7556,2,
13:51:5,45300,24984,7566,2,
13:51:5,45400,25038,7582,2,
13:51:6,45500,25082,7590,2,
13:51:6,45600,25144,7607,2,
13:51:6,45700,25192,7620,2,
13:51:7,45800,25251,7632,2,
13:51:7,45900,25311,7649,2,
13:51:8,46000,25368,7666,2,
13:51:8,46100,25440,7692,2,
13:51:9,46200,25487,7711,2,
13:51:9,46300,25538,7726,2,
13:51:10,46400,25605,7746,2,
13:51:10,46500,25671,7764,2,
13:51:11,46600,25734,7783,2,
13:51:11,46700,25789,7797,2,
13:51:12,46800,25850,7812,2,
13:51:12,46900,25894,7821,2,
13:51:13,47000,25960,7841,2,
13:51:13,47100,26013,7856,2,
13:51:14,47200,26073,7869,2,
13:51:15,47300,26145,7889,2,
13:51:16,47400,26214,7904,2,
13:51:16,47500,26286,7924,2,
13:51:17,47600,26342,7934,2,
13:51:17,47700,26400,7955,2,
13:51:18,47800,26446,7973,2,
13:51:18,47900,26508,7986,2,
13:51:18,48000,26572,7999,2,
13:51:19,48100,26620,8007,2,
13:51:19,48200,26672,8028,2,
13:51:19,48300,26716,8045,2,
13:51:20,48400,26781,8060,2,
13:51:20,48500,26834,8078,2,
13:51:21,48600,26905,8098,2,
13:51:21,48700,26959,8117,2,
13:51:22,48800,27008,8125,2,
13:51:22,48900,27059,8149,2,
13:51:23,49000,27112,8165,2,
13:51:23,49100,27178,8189,2,
13:51:23,49200,27226,8203,2,
13:51:24,49300,27266,8224,2,
13:51:24,49400,27315,8241,2,
13:51:24,49500,27361,8257,2,
13:51:25,49600,27422,8265,2,
13:51:25,49700,27470,8276,2,
13:51:26,49800,27527,8299,2,
13:51:26,49900,27582,8316,2,
13:51:27,50000,27636,8332,2,
13:51:27,50100,27687,8348,2,
13:51:27,50200,27746,8367,2,
13:51:28,50300,27808,8379,2,
13:51:28,50400,27850,8396,2,
13:51:29,50500,27913,8413,2,
13:51:29,50600,27957,8431,2,
13:51:29,50700,28012,8454,2,
13:51:30,50800,28068,8476,2,
13:51:30,50900,28119,8484,2,
13:51:31,51000,28183,8500,2,
13:51:31,51100,28226,8519,2,
13:51:32,51200,28287,8540,2,
13:51:32,51300,28343,8565,2,
13:51:32,51400,28396,8580,2,
13:51:33,51500,28459,8601,2,
13:51:33,51600,28505,8617,2,
13:51:34,51700,28566,8642,2,
13:51:34,51800,28620,8654,2,
13:51:35,51900,28694,8674,2,
13:51:35,52000,28741,8694,2,
13:51:35,52100,28793,8703,2,
13:51:36,52200,28846,8718,2,
13:51:36,52300,28909,8726,2,
13:51:37,52400,28972,8740,2,
13:51:37,52500,29027,8756,2,
13:51:38,52600,29089,8774,2,
13:51:38,52700,29131,8791,2,
13:51:38,52800,29186,8802,2,
13:51:39,52900,29236,8812,2,
13:51:39,53000,29286,8830,2,
13:51:39,53100,29340,8852,2,
13:51:40,53200,29389,8873,2,
13:51:40,53300,29442,8894,2,
13:51:41,53400,29488,8908,2,
13:51:41,53500,29557,8924,2,
13:51:42,53600,29620,8943,2,
13:51:42,53700,29658,8964,2,
13:51:42,53800,29718,8981,2,
13:51:43,53900,29756,8996,2,
13:51:43,54000,29818,9020,2,
13:51:44,54100,29863,9036,2,
13:51:44,54200,29921,9049,2,
13:51:45,54300,29978,9066,2,
13:51:45,54400,30036,9080,2,
13:51:46,54500,30103,9096,2,
13:51:46,54600,30147,9110,2,
13:51:47,54700,30214,9131,2,
13:51:47,54800,30271,9144,2,
13:51:47,54900,30318,9167,2,
13:51:48,55000,30378,9191,2,
13:51:48,55100,30420,9207,2,
13:51:49,55200,30488,9227,2,
13:51:49,55300,30544,9243,2,
13:51:50,55400,30603,9262,2,
13:51:50,55500,30643,9273,2,
13:51:50,55600,30694,9291,2,
13:51:51,55700,30753,9310,2,
13:51:51,55800,30795,9327,2,
13:51:52,55900,30868,9344,2,
13:51:52,56000,30917,9360,2,
13:51:52,56100,30972,9385,2,
13:51:53,56200,31024,9397,2,
13:51:53,56300,31076,9413,2,
13:51:54,56400,31127,9434,2,
13:51:54,56500,31187,9449,2,
13:51:55,56600,31249,9474,2,
13:51:55,56700,31291,9484,2,
13:51:55,56800,31344,9499,2,
13:51:56,56900,31394,9511,2,
13:51:56,57000,31448,9519,2,
13:51:56,57100,31511,9530,2,
13:51:57,57200,31560,9552,2,
13:51:57,57300,31617,9575,2,
13:51:58,57400,31662,9590,2,
13:51:58,57500,31717,9605,2,
13:51:59,57600,31775,9620,2,
13:51:59,57700,31837,9645,2,
13:51:59,57800,31886,9662,2,
13:52:0,57900,31926,9678,2,
13:52:0,58000,31981,9691,2,
13:52:0,58100,32037,9699,2,
13:52:1,58200,32100,9720,2,
13:52:1,58300,32150,9729,2,
13:52:1,58400,32206,9751,2,
13:52:2,58500,32254,9769,2,
13:52:2,58600,32303,9786,2,
13:52:3,58700,32353,9809,2,
13:52:3,58800,32400,9827,2,
13:52:4,58900,32469,9844,2,
13:52:4,59000,32519,9865,2,
13:52:4,59100,32564,9882,2,
13:52:5,59200,32617,9903,2,
13:52:5,59300,32653,9916,2,
13:52:6,59400,32713,9935,2,
13:52:6,59500,32766,9949,2,
13:52:7,59600,32836,9970,2,
13:52:7,59700,32887,9984,2,
13:52:8,59800,32936,9999,2,
13:52:8,59900,32995,10015,2,
13:52:9,60000,33049,10035,2,
13:52:9,60100,33108,10060,2,
13:52:10,60200,33157,10074,2,
13:52:10,60300,33223,10087,2,
13:52:10,60400,33288,10098,2,
13:52:11,60500,33357,10111,2,
13:52:11,60600,33403,10128,2,
13:52:12,60700,33453,10142,2,
13:52:12,60800,33523,10157,2,
13:52:13,60900,33576,10170,2,
13:52:13,61000,33639,10195,2,
13:52:14,61100,33710,10213,2,
13:52:15,61200,33764,10232,2,
13:52:15,61300,33819,10247,2,
13:52:16,61400,33866,10265,2,
13:52:16,61500,33942,10279,2,
13:52:17,61600,33993,10295,2,
13:52:17,61700,34059,10307,2,
13:52:18,61800,34100,10322,2,
13:52:18,61900,34156,10335,2,
13:52:18,62000,34206,10359,2,
13:52:19,62100,34254,10370,2,
13:52:19,62200,34300,10396,2,
13:52:19,62300,34346,10414,2,
13:52:20,62400,34413,10430,2,
13:52:20,62500,34465,10447,2,
13:52:21,62600,34525,10463,2,
13:52:21,62700,34585,10481,2,
13:52:22,62800,34635,10494,2,
13:52:22,62900,34697,10514,2,
13:52:23,63000,34744,10532,2,
13:52:23,63100,34815,10552,2,
13:52:24,63200,34874,10571,2,
13:52:24,63300,34933,10588,2,
13:52:25,63400,34983,10606,2,
13:52:25,63500,35036,10617,2,
13:52:25,63600,35102,10634,2,
13:52:26,63700,35148,10647,2,
13:52:26,63800,35212,10659,2,
13:52:27,63900,35263,10676,2,
13:52:27,64000,35320,10693,2,
13:52:28,64100,35388,10716,2,
13:52:28,64200,35443,10726,2,
13:52:29,64300,35507,10746,2,
13:52:29,64400,35549,10753,2,
13:52:29,64500,35627,10772,2,
13:52:30,64600,35681,10789,2,
13:52:30,64700,35740,10803,2,
13:52:31,64800,35798,10831,2,
13:52:32,64900,35857,10847,2,
13:52:32,65000,35931,10864,2,
13:52:32,65100,35980,10878,2,
13:52:33,65200,36026,10899,2,
13:52:33,65300,36072,10916,2,
13:52:33,65400,36132,10932,2,
13:52:34,65500,36175,10940,2,
13:52:34,65600,36233,10955,2,
13:52:34,65700,36299,10970,2,
13:52:35,65800,36345,10980,2,
13:52:35,65900,36403,11000,2,
13:52:36,66000,36462,11012,2,
13:52:36,66100,36515,11033,2,
13:52:37,66200,36574,11050,2,
13:52:37,66300,36621,11064,2,
13:52:38,66400,36679,11085,2,
13:52:38,66500,36735,11103,2,
13:52:38,66600,36798,11121,2,
13:52:39,66700,36837,11141,2,
13:52:39,66800,36892,11154,2,
13:52:40,66900,36943,11173,2,
13:52:40,67000,36996,11184,2,
13:52:40,67100,37060,11208,2,
13:52:41,67200,37101,11221,2,
13:52:42,67300,37175,11237,2,
13:52:42,67400,37230,11254,2,
13:52:43,67500,37292,11282,2,
13:52:43,67600,37338,11309,2,
13:52:43,67700,37385,11319,2,
13:52:44,67800,37449,11341,2,
13:52:44,67900,37500,11351,2,
13:52:45,68000,37559,11371,2,
13:52:46,68100,37611,11387,2,
13:52:46,68200,37661,11402,2,
13:52:46,68300,37708,11420,2,
13:52:47,68400,37756,11431,2,
13:52:47,68500,37820,11454,2,
13:52:48,68600,37874,11468,2,
13:52:48,68700,37942,11488,2,
13:52:48,68800,37986,11507,2,
13:52:49,68900,38042,11522,2,
13:52:49,69000,38094,11538,2,
13:52:50,69100,38146,11559,2,
13:52:51,69200,38228,11579,2,
13:52:51,69300,38284,11586,2,
13:52:51,69400,38351,11605,2,
13:52:52,69500,38390,11613,2,
13:52:52,69600,38445,11637,2,
13:52:53,69700,38496,11651,2,
13:52:53,69800,38550,11670,2,
13:52:54,69900,38616,11687,2,
13:52:54,70000,38671,11699,2,
13:52:54,70100,38736,11715,2,
13:52:55,70200,38785,11738,2,
13:52:55,70300,38841,11751,2,
13:52:56,70400,38890,11770,2,
13:52:56,70500,38938,11792,2,
13:52:56,70600,38998,11811,2,
13:52:57,70700,39029,11823,2,
13:52:57,70800,39094,11838,2,
13:52:58,70900,39146,11852,2,
13:52:58,71000,39202,11866,2,
13:52:58,71100,39263,11880,2,
13:52:59,71200,39314,11889,2,
13:52:59,71300,39376,11911,2,
13:53:0,71400,39433,11928,2,
13:53:0,71500,39495,11954,2,
13:53:1,71600,39548,11969,2,
13:53:1,71700,39592,11988,2,
13:53:2,71800,39653,11998,2,
13:53:2,71900,39716,12015,2,
13:53:2,72000,39773,12036,2,
13:53:3,72100,39823,12051,2,
13:53:3,72200,39885,12078,2,
13:53:4,72300,39946,12091,2,
13:53:4,72400,40006,12110,2,
13:53:5,72500,40069,12122,2,
13:53:5,72600,40125,12138,2,
13:53:6,72700,40181,12164,2,
13:53:7,72800,40239,12177,2,
13:53:7,72900,40319,12203,2,
13:53:8,73000,40380,12224,2,
13:53:9,73100,40433,12246,2,
13:53:9,73200,40490,12264,2,
13:53:10,73300,40533,12285,2,
13:53:10,73400,40589,12310,2,
13:53:10,73500,40637,12331,2,
13:53:11,73600,40692,12345,2,
13:53:11,73700,40750,12364,2,
13:53:12,73800,40807,12381,2,
13:53:12,73900,40859,12401,2,
13:53:13,74000,40909,12414,2,
13:53:13,74100,40965,12438,2,
13:53:13,74200,41012,12458,2,
13:53:14,74300,41080,12478,2,
13:53:15,74400,41133,12495,2,
13:53:15,74500,41185,12515,2,
13:53:16,74600,41234,12535,2,
13:53:16,74700,41287,12551,2,
13:53:17,74800,41355,12566,2,
13:53:17,74900,41401,12576,2,
13:53:17,75000,41463,12593,2,
13:53:18,75100,41509,12608,2,
13:53:18,75200,41563,12622,2,
13:53:19,75300,41633,12636,2,
13:53:19,75400,41690,12658,2,
13:53:20,75500,41755,12675,2,
13:53:20,75600,41808,12692,2,
13:53:20,75700,41864,12711,2,
13:53:21,75800,41899,12736,2,
13:53:21,75900,41960,12750,2,
13:53:21,76000,42013,12766,2,
13:53:22,76100,42066,12781,2,
13:53:22,76200,42123,12795,2,
13:53:23,76300,42175,12804,2,
13:53:23,76400,42242,12817,2,
13:53:23,76500,42298,12829,2,
13:53:24,76600,42352,12842,2,
13:53:24,76700,42405,12863,2,
13:53:25,76800,42462,12876,2,
13:53:25,76900,42534,12889,2,
13:53:26,77000,42589,12905,2,
13:53:26,77100,42659,12922,2,
13:53:27,77200,42715,12940,2,
13:53:28,77300,42781,12953,2,
13:53:28,77400,42838,12973,2,
13:53:28,77500,42889,12988,2,
13:53:29,77600,42959,13003,2,
13:53:29,77700,43004,13019,2,
13:53:30,77800,43071,13038,2,
13:53:30,77900,43119,13053,2,
13:53:30,78000,43172,13070,2,
13:53:31,78100,43218,13083,2,
13:53:31,78200,43272,13093,2,
13:53:32,78300,43337,13110,2,
13:53:32,78400,43391,13125,2,
13:53:32,78500,43456,13141,2,
13:53:33,78600,43514,13156,2,
13:53:33,78700,43562,13172,2,
13:53:34,78800,43627,13183,2,
13:53:34,78900,43682,13199,2,
13:53:35,79000,43738,13224,2,
13:53:35,79100,43785,13238,2,
13:53:36,79200,43849,13255,2,
13:53:36,79300,43908,13273,2,
13:53:37,79400,43969,13289,2,
13:53:37,79500,44016,13303,2,
13:53:38,79600,44064,13319,2,
13:53:38,79700,44135,13340,2,
13:53:39,79800,44191,13357,2,
13:53:39,79900,44237,13379,2,
13:53:39,80000,44294,13391,2,
13:53:40,80100,44349,13404,2,
13:53:40,80200,44402,13426,2,
13:53:41,80300,44454,13444,2,
13:53:41,80400,44521,13470,2,
13:53:42,80500,44571,13484,2,
13:53:42,80600,44631,13502,2,
13:53:43,80700,44697,13521,2,
13:53:43,80800,44763,13529,2,
13:53:43,80900,44811,13546,2,
13:53:44,81000,44865,13563,2,
13:53:44,81100,44923,13583,2,
13:53:45,81200,44972,13600,2,
13:53:45,81300,45039,13615,2,
13:53:46,81400,45095,13629,2,
13:53:46,81500,45154,13638,2,
13:53:47,81600,45210,13657,2,
13:53:47,81700,45264,13672,2,
13:53:47,81800,45321,13695,2,
13:53:48,81900,45359,13715,2,
13:53:48,82000,45411,13732,2,
13:53:48,82100,45471,13750,2,
13:53:49,82200,45528,13770,2,
13:53:49,82300,45567,13793,2,
13:53:49,82400,45624,13806,2,
13:53:50,82500,45677,13818,2,
13:53:50,82600,45734,13831,2,
13:53:51,82700,45793,13855,2,
13:53:51,82800,45844,13872,2,
13:53:52,82900,45914,13891,2,
13:53:52,83000,45978,13908,2,
13:53:53,83100,46033,13921,2,
13:53:53,83200,46081,13940,2,
13:53:53,83300,46133,13953,2,
13:53:54,83400,46197,13969,2,
13:53:54,83500,46244,13989,2,
13:53:55,83600,46295,14009,2,
13:53:55,83700,46358,14017,2,
13:53:55,83800,46415,14033,2,
13:53:56,83900,46486,14046,2,
13:53:56,84000,46537,14065,2,
13:53:57,84100,46593,14084,2,
13:53:57,84200,46642,14106,2,
13:53:58,84300,46701,14122,2,
13:53:58,84400,46759,14135,2,
13:53:59,84500,46806,14147,2,
13:54:0,84600,46868,14172,2,
13:54:0,84700,46921,14185,2,
13:54:0,84800,46975,14207,2,
13:54:1,84900,47025,14223,2,
13:54:1,85000,47078,14243,2,
13:54:2,85100,47133,14267,2,
13:54:2,85200,47187,14280,2,
13:54:2,85300,47243,14297,2,
13:54:3,85400,47286,14308,2,
13:54:3,85500,47363,14322,2,
13:54:4,85600,47417,14336,2,
13:54:4,85700,47465,14352,2,
13:54:5,85800,47522,14369,2,
13:54:5,85900,47575,14385,2,
13:54:6,86000,47626,14399,2,
13:54:6,86100,47663,14420,2,
13:54:6,86200,47727,14438,2,
13:54:7,86300,47792,14450,2,
13:54:7,86400,47853,14468,2,
13:54:8,86500,47905,14486,2,
13:54:8,86600,47957,14499,2,
13:54:9,86700,48022,14520,2,
13:54:9,86800,48065,14538,2,
13:54:9,86900,48123,14555,2,
13:54:10,87000,48182,14572,2,
13:54:10,87100,48233,14590,2,
13:54:11,87200,48286,14613,2,
13:54:11,87300,48340,14628,2,
13:54:12,87400,48414,14650,2,
13:54:13,87500,48468,14674,2,
13:54:13,87600,48546,14688,2,
13:54:13,87700,48605,14705,2,
13:54:14,87800,48655,14717,2,
13:54:14,87900,48713,14731,2,
13:54:15,88000,48763,14745,2,
13:54:15,88100,48825,14768,2,
13:54:16,88200,48876,14787,2,
13:54:17,88300,48939,14807,2,
13:54:17,88400,48993,14825,2,
13:54:17,88500,49036,14834,2,
13:54:18,88600,49070,14860,2,
13:54:18,88700,49125,14876,2,
13:54:19,88800,49182,14890,2,
13:54:19,88900,49242,14913,2,
13:54:20,89000,49303,14929,2,
13:54:20,89100,49357,14952,2,
13:54:21,89200,49420,14967,2,
13:54:22,89300,49484,14984,2,
13:54:22,89400,49545,15000,2,
13:54:22,89500,49592,15018,2,
13:54:23,89600,49639,15027,2,
13:54:23,89700,49704,15046,2,
13:54:24,89800,49755,15059,2,
13:54:24,89900,49811,15067,2,
13:54:25,90000,49880,15085,2,
13:54:25,90100,49928,15096,2,
13:54:26,90200,49987,15111,2,
13:54:26,90300,50025,15123,2,
13:54:27,90400,50099,15136,2,
13:54:27,90500,50153,15161,2,
13:54:27,90600,50195,15183,2,
13:54:28,90700,50257,15197,2,
13:54:28,90800,50313,15206,2,
13:54:29,90900,50371,15223,2,
13:54:29,91000,50421,15234,2,
13:54:30,91100,50488,15246,2,
13:54:30,91200,50543,15263,2,
13:54:31,91300,50607,15282,2,
13:54:31,91400,50675,15299,2,
13:54:31,91500,50719,15316,2,
13:54:32,91600,50774,15338,2,
13:54:32,91700,50831,15349,2,
13:54:33,91800,50888,15367,2,
13:54:33,91900,50934,15382,2,
13:54:34,92000,50998,15393,2,
13:54:34,92100,51054,15408,2,
13:54:34,92200,51087,15422,2,
13:54:35,92300,51149,15439,2,
13:54:35,92400,51192,15452,2,
13:54:36,92500,51262,15471,2,
13:54:36,92600,51312,15489,2,
13:54:37,92700,51373,15504,2,
13:54:37,92800,51436,15515,2,
13:54:37,92900,51474,15539,2,
13:54:38,93000,51547,15554,2,
13:54:38,93100,51602,15571,2,
13:54:39,93200,51660,15591,2,
13:54:39,93300,51714,15596,2,
13:54:39,93400,51773,15613,2,
13:54:40,93500,51824,15637,2,
13:54:40,93600,51875,15644,2,
13:54:41,93700,51931,15659,2,
13:54:41,93800,51982,15673,2,
13:54:42,93900,52034,15700,2,
13:54:42,94000,52083,15719,2,
13:54:42,94100,52137,15735,2,
13:54:43,94200,52194,15755,2,
13:54:43,94300,52244,15774,2,
13:54:44,94400,52301,15791,2,
13:54:44,94500,52351,15802,2,
13:54:45,94600,52423,15825,2,
13:54:46,94700,52488,15839,2,
13:54:47,94800,52545,15853,2,
13:54:47,94900,52609,15868,2,
13:54:47,95000,52658,15880,2,
13:54:48,95100,52717,15899,2,
13:54:48,95200,52772,15914,2,
13:54:49,95300,52847,15930,2,
13:54:50,95400,52901,15949,2,
13:54:50,95500,52956,15967,2,
13:54:51,95600,53007,15992,2,
13:54:51,95700,53050,16004,2,
13:54:51,95800,53106,16024,2,
13:54:52,95900,53149,16038,2,
13:54:52,96000,53208,16056,2,
13:54:53,96100,53254,16074,2,
13:54:53,96200,53323,16092,2,
13:54:54,96300,53377,16111,2,
13:54:54,96400,53424,16123,2,
13:54:55,96500,53478,16143,2,
13:54:55,96600,53530,16156,2,
13:54:55,96700,53590,16177,2,
13:54:56,96800,53630,16191,2,
13:54:56,96900,53693,16206,2,
13:54:57,97000,53748,16226,2,
13:54:57,97100,53799,16243,2,
13:54:58,97200,53864,16260,2,
13:54:58,97300,53912,16277,2,
13:54:59,97400,53986,16297,2,
13:54:59,97500,54044,16312,2,
13:55:0,97600,54103,16324,2,
13:55:0,97700,54167,16344,2,
13:55:1,97800,54221,16366,2,
13:55:2,97900,54295,16387,2,
13:55:2,98000,54342,16404,2,
13:55:3,98100,54399,16418,2,
13:55:3,98200,54459,16435,2,
13:55:3,98300,54515,16446,2,
13:55:4,98400,54570,16464,2,
13:55:4,98500,54628,16478,2,
13:55:5,98600,54688,16489,2,
13:55:5,98700,54737,16507,2,
13:55:6,98800,54799,16529,2,
13:55:6,98900,54848,16548,2,
13:55:6,99000,54902,16556,2,
13:55:7,99100,54960,16571,2,
13:55:7,99200,55016,16585,2,
13:55:8,99300,55074,16607,2,
13:55:8,99400,55124,16620,2,
13:55:9,99500,55195,16636,2,
13:55:9,99600,55248,16656,2,
13:55:10,99700,55315,16670,2,
13:55:10,99800,55370,16689,2,
13:55:11,99900,55417,16701,2,
13:55:12,100000,55489,16719,2,
13:55:12,100100,55536,16740,2,
13:55:12,100200,55597,16755,2,
13:55:13,100300,55641,16771,2,
13:55:13,100400,55696,16793,2,
13:55:13,100500,55745,16805,2,
13:55:14,100600,55790,16825,2,
13:55:14,100700,55857,16848,2,
13:55:15,100800,55921,16861,2,
13:55:16,100900,55989,16880,2,
13:55:16,101000,56038,16898,2,
13:55:16,101100,56092,16909,2,
13:55:17,101200,56150,16928,2,
13:55:17,101300,56203,16946,2,
13:55:18,101400,56261,16963,2,
13:55:18,101500,56311,16983,2,
13:55:19,101600,56370,16994,2,
13:55:19,101700,56424,17010,2,
13:55:20,101800,56483,17029,2,
13:55:20,101900,56540,17041,2,
13:55:21,102000,56593,17054,2,
13:55:22,102100,56674,17070,2,
13:55:22,102200,56731,17086,2,
13:55:23,102300,56793,17104,2,
13:55:23,102400,56853,17123,2,
13:55:23,102500,56909,17137,2,
13:55:24,102600,56968,17155,2,
13:55:24,102700,57022,17163,2,
13:55:25,102800,57082,17183,2,
13:55:25,102900,57140,17200,2,
13:55:26,103000,57209,17216,2,
13:55:26,103100,57265,17228,2,
13:55:27,103200,57325,17240,2,
13:55:27,103300,57379,17252,2,
13:55:27,103400,57427,17262,2,
13:55:28,103500,57480,17282,2,
13:55:28,103600,57529,17294,2,
13:55:28,103700,57597,17305,2,
13:55:29,103800,57653,17325,2,
13:55:29,103900,57719,17338,2,
13:55:30,104000,57769,17355,2,
13:55:30,104100,57825,17370,2,
13:55:31,104200,57888,17387,2,
13:55:31,104300,57938,17399,2,
13:55:31,104400,58000,17415,2,
13:55:32,104500,58048,17430,2,
13:55:32,104600,58101,17452,2,
13:55:32,104700,58150,17470,2,
13:55:33,104800,58207,17478,2,
13:55:33,104900,58265,17500,2,
13:55:34,105000,58313,17515,2,
13:55:34,105100,58366,17534,2,
13:55:35,105200,58413,17552,2,
13:55:35,105300,58477,17570,2,
13:55:36,105400,58541,17587,2,
13:55:36,105500,58591,17597,2,
13:55:37,105600,58650,17617,2,
13:55:37,105700,58705,17627,2,
13:55:38,105800,58771,17644,2,
13:55:38,105900,58816,17655,2,
13:55:38,106000,58876,17672,2,
13:55:39,106100,58926,17687,2,
13:55:39,106200,58969,17702,2,
13:55:40,106300,59016,17721,2,
13:55:40,106400,59070,17736,2,
13:55:40,106500,59134,17755,2,
13:55:41,106600,59176,17768,2,
13:55:41,106700,59238,17784,2,
13:55:42,106800,59300,17806,2,
13:55:42,106900,59355,17824,2,
13:55:43,107000,59416,17835,2,
13:55:43,107100,59450,17852,2,
13:55:43,107200,59512,17871,2,
13:55:44,107300,59562,17886,2,
13:55:44,107400,59613,17902,2,
13:55:45,107500,59671,17919,2,
13:55:45,107600,59735,17932,2,
13:55:46,107700,59802,17948,2,
13:55:46,107800,59860,17960,2,
13:55:47,107900,59925,17983,2,
13:55:47,108000,59974,17993,2,
13:55:48,108100,60030,18008,2,
13:55:48,108200,60092,18031,2,
13:55:49,108300,60152,18046,2,
13:55:49,108400,60218,18059,2,
13:55:50,108500,60264,18077,2,
13:55:51,108600,60334,18098,2,
13:55:51,108700,60386,18116,2,
13:55:51,108800,60437,18136,2,
13:55:52,108900,60485,18155,2,
13:55:52,109000,60524,18174,2,
13:55:52,109100,60587,18194,2,
13:55:53,109200,60625,18211,2,
13:55:53,109300,60677,18226,2,
13:55:53,109400,60706,18244,2,
13:55:54,109500,60756,18254,2,
13:55:54,109600,60817,18273,2,
13:55:54,109700,60872,18289,2,
13:55:55,109800,60932,18308,2,
13:55:55,109900,60985,18319,2,
13:55:56,110000,61045,18337,2,
13:55:56,110100,61096,18350,2,
13:55:57,110200,61153,18370,2,
13:55:57,110300,61211,18387,2,
13:55:58,110400,61264,18403,2,
13:55:58,110500,61324,18420,2,
13:55:58,110600,61363,18434,2,
13:55:59,110700,61438,18453,2,
13:55:59,110800,61486,18472,2,
13:56:0,110900,61535,18491,2,
13:56:1,111000,61600,18504,2,
13:56:1,111100,61660,18516,2,
13:56:2,111200,61715,18540,2,
13:56:2,111300,61759,18553,2,
13:56:2,111400,61818,18571,2,
13:56:3,111500,61854,18584,2,
13:56:3,111600,61903,18601,2,
13:56:4,111700,61965,18615,2,
13:56:4,111800,62011,18632,2,
13:56:5,111900,62077,18650,2,
13:56:5,112000,62133,18668,2,
13:56:6,112100,62187,18696,2,
13:56:6,112200,62245,18715,2,
13:56:7,112300,62300,18732,2,
13:56:7,112400,62354,18755,2,
13:56:8,112500,62407,18771,2,
13:56:8,112600,62471,18788,2,
13:56:9,112700,62529,18807,2,
13:56:10,112800,62590,18832,2,
13:56:10,112900,62651,18846,2,
13:56:11,113000,62709,18858,2,
13:56:12,113100,62757,18881,2,
13:56:12,113200,62805,18896,2,
13:56:13,113300,62858,18913,2,
13:56:13,113400,62907,18926,2,
13:56:14,113500,62963,18943,2,
13:56:15,113600,63011,18954,2,
13:56:15,113700,63073,18971,2,
13:56:15,113800,63121,18992,2,
13:56:16,113900,63164,19004,2,
13:56:16,114000,63220,19024,2,
13:56:16,114100,63262,19039,2,
13:56:17,114200,63328,19066,2,
13:56:17,114300,63382,19086,2,
13:56:18,114400,63435,19100,2,
13:56:18,114500,63492,19116,2,
13:56:19,114600,63538,19133,2,
13:56:19,114700,63603,19147,2,
13:56:20,114800,63658,19171,2,
13:56:21,114900,63733,19190,2,
13:56:21,115000,63791,19208,2,
13:56:22,115100,63844,19226,2,
13:56:22,115200,63906,19238,2,
13:56:23,115300,63956,19254,2,
13:56:23,115400,64021,19277,2,
13:56:24,115500,64075,19292,2,
13:56:24,115600,64123,19309,2,
13:56:25,115700,64177,19328,2,
13:56:25,115800,64223,19350,2,
13:56:25,115900,64281,19363,2,
13:56:26,116000,64323,19378,2,
13:56:26,116100,64383,19391,2,
13:56:26,116200,64419,19409,2,
13:56:27,116300,64467,19432,2,
13:56:27,116400,64525,19453,2,
13:56:28,116500,64577,19475,2,
13:56:29,116600,64638,19493,2,
13:56:29,116700,64691,19513,2,
13:56:29,116800,64749,19531,2,
13:56:30,116900,64783,19544,2,
13:56:30,117000,64854,19555,2,
13:56:31,117100,64915,19572,2,
13:56:32,117200,64985,19584,2,
13:56:32,117300,65045,19602,2,
13:56:33,117400,65101,19616,2,
13:56:33,117500,65160,19635,2,
13:56:34,117600,65212,19648,2,
13:56:34,117700,65273,19668,2,
13:56:35,117800,65324,19687,2,
13:56:35,117900,65379,19700,2,
13:56:36,118000,65437,19715,2,
13:56:36,118100,65498,19728,2,
13:56:37,118200,65560,19737,2,
13:56:37,118300,65594,19753,2,
13:56:37,118400,65650,19774,2,
13:56:37,118500,65691,19783,2,
13:56:38,118600,65739,19800,2,
13:56:38,118700,65800,19822,2,
13:56:39,118800,65853,19837,2,
13:56:39,118900,65919,19848,2,
13:56:40,119000,65969,19859,2,
13:56:40,119100,66038,19879,2,
13:56:41,119200,66100,19890,2,
13:56:42,119300,66157,19912,2,
13:56:42,119400,66217,19925,2,
13:56:43,119500,66274,19935,2,
13:56:43,119600,66331,19959,2,
13:56:44,119700,66388,19975,2,
13:56:44,119800,66437,19999,2,
13:56:45,119900,66484,20012,2,
13:56:45,120000,66545,20029,2,
13:56:46,120100,66606,20050,2,
13:56:47,120200,66667,20064,2,
13:56:48,120300,66725,20088,2,
13:56:48,120400,66776,20101,2,
13:56:48,120500,66827,20126,2,
13:56:49,120600,66872,20144,2,
13:56:49,120700,66927,20164,2,
13:56:50,120800,66986,20180,2,
13:56:51,120900,67041,20204,2,
13:56:51,121000,67103,20226,2,
13:56:52,121100,67166,20236,2,
13:56:52,121200,67225,20250,2,
13:56:52,121300,67273,20265,2,
13:56:53,121400,67330,20285,2,
13:56:53,121500,67384,20303,2,
13:56:54,121600,67432,20317,2,
13:56:54,121700,67493,20332,2,
13:56:55,121800,67538,20347,2,
13:56:55,121900,67603,20362,2,
13:56:56,122000,67670,20378,2,
13:56:56,122100,67720,20393,2,
13:56:56,122200,67776,20405,2,
13:56:57,122300,67822,20422,2,
13:56:57,122400,67890,20444,2,
13:56:58,122500,67945,20456,2,
13:56:58,122600,67995,20471,2,
13:56:59,122700,68047,20483,2,
13:56:59,122800,68100,20498,2,
13:56:59,122900,68161,20512,2,
13:57:0,123000,68205,20524,2,
13:57:0,123100,68264,20542,2,
13:57:1,123200,68313,20556,2,
13:57:1,123300,68364,20567,2,
13:57:2,123400,68427,20574,2,
13:57:2,123500,68476,20599,2,
13:57:3,123600,68539,20618,2,
13:57:3,123700,68585,20632,2,
13:57:3,123800,68632,20648,2,
13:57:4,123900,68686,20665,2,
13:57:4,124000,68741,20686,2,
13:57:5,124100,68801,20707,2,
13:57:6,124200,68847,20726,2,
13:57:6,124300,68902,20737,2,
13:57:6,124400,68951,20749,2,
13:57:7,124500,69012,20762,2,
13:57:8,124600,69069,20782,2,
13:57:8,124700,69131,20807,2,
13:57:9,124800,69184,20830,2,
13:57:9,124900,69242,20852,2,
13:57:10,125000,69305,20871,2,
13:57:10,125100,69355,20878,2,
13:57:11,125200,69420,20891,2,
13:57:11,125300,69475,20906,2,
13:57:11,125400,69527,20924,2,
13:57:12,125500,69563,20938,2,
13:57:12,125600,69615,20964,2,
13:57:13,125700,69679,20988,2,
13:57:14,125800,69741,20998,2,
13:57:14,125900,69799,21016,2,
13:57:15,126000,69846,21031,2,
13:57:15,126100,69904,21044,2,
13:57:16,126200,69950,21058,2,
13:57:16,126300,70010,21075,2,
13:57:17,126400,70064,21092,2,
13:57:17,126500,70111,21108,2,
13:57:18,126600,70173,21134,2,
13:57:19,126700,70241,21151,2,
13:57:19,126800,70297,21177,2,
13:57:20,126900,70343,21191,2,
13:57:20,127000,70404,21209,2,
13:57:21,127100,70461,21229,2,
13:57:22,127200,70517,21241,2,
13:57:22,127300,70579,21264,2,
13:57:23,127400,70632,21285,2,
13:57:23,127500,70701,21299,2,
13:57:24,127600,70744,21314,2,
13:57:24,127700,70811,21329,2,
13:57:25,127800,70859,21350,2,
13:57:25,127900,70902,21360,2,
13:57:25,128000,70967,21385,2,
13:57:26,128100,71019,21404,2,
13:57:27,128200,71078,21425,2,
13:57:28,128300,71135,21443,2,
13:57:28,128400,71197,21460,2,
13:57:29,128500,71260,21481,2,
13:57:29,128600,71312,21496,2,
13:57:30,128700,71383,21518,2,
13:57:31,128800,71437,21526,2,
13:57:31,128900,71510,21542,2,
13:57:31,129000,71543,21557,2,
13:57:32,129100,71589,21573,2,
13:57:32,129200,71636,21595,2,
13:57:33,129300,71699,21606,2,
13:57:33,129400,71758,21621,2,
13:57:34,129500,71797,21635,2,
13:57:34,129600,71860,21660,2,
13:57:35,129700,71908,21680,2,
13:57:35,129800,71967,21700,2,
13:57:36,129900,72025,21711,2,
13:57:36,130000,72083,21718,2,
13:57:37,130100,72148,21739,2,
13:57:37,130200,72193,21751,2,
13:57:37,130300,72259,21764,2,
13:57:38,130400,72310,21781,2,
13:57:39,130500,72369,21794,2,
13:57:39,130600,72439,21813,2,
13:57:39,130700,72497,21827,2,
13:57:40,130800,72563,21850,2,
13:57:40,130900,72604,21863,2,
13:57:41,131000,72661,21876,2,
13:57:41,131100,72696,21895,2,
13:57:42,131200,72747,21910,2,
13:57:42,131300,72805,21931,2,
13:57:43,131400,72863,21947,2,
13:57:43,131500,72928,21965,2,
13:57:44,131600,72980,21978,2,
13:57:44,131700,73045,21995,2,
13:57:45,131800,73092,22009,2,
13:57:46,131900,73159,22024,2,
13:57:46,132000,73213,22045,2,
13:57:46,132100,73267,22056,2,
13:57:47,132200,73328,22073,2,
13:57:47,132300,73371,22086,2,
13:57:48,132400,73444,22093,2,
13:57:48,132500,73503,22109,2,
13:57:49,132600,73559,22128,2,
13:57:49,132700,73600,22145,2,
13:57:50,132800,73651,22160,2,
13:57:50,132900,73715,22180,2,
13:57:51,133000,73761,22195,2,
13:57:51,133100,73819,22217,2,
13:57:52,133200,73872,22234,2,
13:57:53,133300,73931,22247,2,
13:57:53,133400,73990,22257,2,
13:57:53,133500,74041,22261,2,
13:57:54,133600,74105,22276,2,
13:57:54,133700,74146,22290,2,
13:57:55,133800,74211,22299,2,
13:57:55,133900,74257,22313,2,
13:57:55,134000,74314,22326,2,
13:57:56,134100,74369,22343,2,
13:57:56,134200,74432,22355,2,
13:57:57,134300,74499,22374,2,
13:57:57,134400,74546,22385,2,
13:57:58,134500,74608,22404,2,
13:57:59,134600,74663,22421,2,
13:57:59,134700,74727,22443,2,
13:58:0,134800,74783,22464,2,
13:58:0,134900,74830,22481,2,
13:58:1,135000,74885,22500,2,
13:58:4,135100,74930,22510,2,
13:58:5,135200,75007,22523,2,
13:58:5,135300,75061,22546,2,
13:58:6,135400,75113,22561,2,
13:58:6,135500,75160,22577,2,
13:58:6,135600,75208,22592,2,
13:58:7,135700,75270,22611,2,
13:58:7,135800,75309,22626,2,
13:58:8,135900,75362,22649,2,
13:58:8,136000,75406,22665,2,
13:58:9,136100,75468,22686,2,
13:58:10,136200,75538,22704,2,
13:58:10,136300,75591,22722,2,
13:58:11,136400,75652,22746,2,
13:58:12,136500,75710,22758,2,
13:58:12,136600,75771,22774,2,
13:58:12,136700,75816,22796,2,
13:58:13,136800,75881,22810,2,
13:58:13,136900,75928,22822,2,
13:58:14,137000,75983,22834,2,
13:58:14,137100,76035,22853,2,
13:58:14,137200,76080,22871,2,
13:58:15,137300,76138,22901,2,
13:58:16,137400,76192,22918,2,
13:58:16,137500,76252,22930,2,
13:58:16,137600,76308,22940,2,
13:58:17,137700,76356,22956,2,
13:58:18,137800,76410,22974,2,
13:58:18,137900,76462,22990,2,
13:58:19,138000,76528,23004,2,
13:58:19,138100,76587,23019,2,
13:58:20,138200,76639,23035,2,
13:58:20,138300,76689,23053,2,
13:58:20,138400,76719,23065,2,
13:58:21,138500,76776,23082,2,
13:58:21,138600,76823,23095,2,
13:58:22,138700,76879,23115,2,
13:58:22,138800,76928,23130,2,
13:58:22,138900,76987,23144,2,
13:58:23,139000,77036,23157,2,
13:58:23,139100,77090,23170,2,
13:58:24,139200,77162,23187,2,
13:58:25,139300,77215,23203,2,
13:58:25,139400,77275,23222,2,
13:58:26,139500,77336,23240,2,
13:58:26,139600,77393,23259,2,
13:58:27,139700,77440,23281,2,
13:58:27,139800,77496,23294,2,
13:58:28,139900,77557,23313,2,
13:58:28,140000,77592,23323,2,
13:58:29,140100,77654,23335,2,
13:58:29,140200,77709,23355,2,
13:58:30,140300,77770,23370,2,
13:58:30,140400,77832,23380,2,
13:58:31,140500,77881,23392,2,
13:58:31,140600,77944,23409,2,
13:58:32,140700,78000,23422,2,
13:58:33,140800,78068,23438,2,
13:58:33,140900,78120,23451,2,
13:58:34,141000,78179,23470,2,
13:58:34,141100,78241,23486,2,
13:58:35,141200,78289,23504,2,
13:58:35,141300,78353,23518,2,
13:58:36,141400,78403,23531,2,
13:58:37,141500,78472,23550,2,
13:58:37,141600,78535,23565,2,
13:58:38,141700,78599,23579,2,
13:58:38,141800,78651,23599,2,
13:58:39,141900,78702,23614,2,
13:58:39,142000,78749,23638,2,
13:58:40,142100,78787,23654,2,
13:58:40,142200,78853,23667,2,
13:58:40,142300,78893,23682,2,
13:58:41,142400,78947,23705,2,
13:58:41,142500,78998,23718,2,
13:58:42,142600,79051,23738,2,
13:58:42,142700,79105,23752,2,
13:58:43,142800,79152,23764,2,
13:58:44,142900,79218,23780,2,
13:58:44,143000,79276,23792,2,
13:58:45,143100,79332,23809,2,
13:58:45,143200,79400,23824,2,
13:58:45,143300,79444,23829,2,
13:58:46,143400,79512,23844,2,
13:58:47,143500,79557,23862,2,
13:58:48,143600,79613,23886,2,
13:58:48,143700,79670,23907,2,
13:58:49,143800,79719,23928,2,
13:58:49,143900,79778,23947,2,
13:58:50,144000,79829,23963,2,
13:58:50,144100,79894,23982,2,
13:58:51,144200,79936,24002,2,
13:58:52,144300,80005,24020,2,
13:58:52,144400,80059,24030,2,
13:58:52,144500,80123,24051,2,
13:58:53,144600,80181,24074,2,
13:58:54,144700,80221,24092,2,
13:58:54,144800,80292,24113,2,
13:58:55,144900,80338,24125,2,
13:58:55,145000,80392,24146,2,
13:58:56,145100,80446,24160,2,
13:58:56,145200,80506,24185,2,
13:58:57,145300,80568,24204,2,
13:58:57,145400,80621,24217,2,
13:58:58,145500,80672,24241,2,
13:58:59,145600,80723,24256,2,
13:58:59,145700,80795,24273,2,
13:59:0,145800,80845,24287,2,
13:59:0,145900,80896,24303,2,
13:59:1,146000,80952,24320,2,
13:59:1,146100,81001,24338,2,
13:59:2,146200,81070,24356,2,
13:59:3,146300,81127,24366,2,
13:59:3,146400,81189,24383,2,
13:59:4,146500,81253,24394,2,
13:59:4,146600,81306,24402,2,
13:59:5,146700,81364,24427,2,
13:59:5,146800,81418,24441,2,
13:59:5,146900,81474,24457,2,
13:59:6,147000,81523,24476,2,
13:59:7,147100,81590,24488,2,
13:59:7,147200,81650,24503,2,
13:59:8,147300,81692,24525,2,
13:59:8,147400,81751,24535,2,
13:59:9,147500,81803,24554,2,
13:59:10,147600,81873,24567,2,
13:59:11,147700,81918,24586,2,
13:59:11,147800,81991,24598,2,
13:59:11,147900,82040,24614,2,
13:59:12,148000,82091,24628,2,
13:59:12,148100,82152,24648,2,
13:59:13,148200,82209,24659,2,
13:59:14,148300,82275,24681,2,
13:59:14,148400,82319,24695,2,
13:59:15,148500,82382,24716,2,
13:59:15,148600,82427,24732,2,
13:59:16,148700,82487,24746,2,
13:59:16,148800,82549,24759,2,
13:59:17,148900,82607,24770,2,
13:59:18,149000,82680,24782,2,
13:59:18,149100,82730,24795,2,
13:59:19,149200,82796,24815,2,
13:59:19,149300,82854,24835,2,
13:59:20,149400,82912,24848,2,
13:59:20,149500,82971,24864,2,
13:59:21,149600,83017,24882,2,
13:59:21,149700,83065,24896,2,
13:59:22,149800,83112,24920,2,
13:59:23,149900,83181,24935,2,
13:59:23,150000,83236,24956,2,
13:59:24,150100,83295,24971,2,
13:59:24,150200,83346,24988,2,
13:59:25,150300,83405,24999,2,
13:59:26,150400,83466,25017,2,
13:59:26,150500,83506,25032,2,
13:59:26,150600,83571,25049,2,
13:59:27,150700,83616,25066,2,
13:59:27,150800,83675,25085,2,
13:59:28,150900,83740,25096,2,
13:59:29,151000,83795,25112,2,
13:59:29,151100,83871,25129,2,
13:59:30,151200,83924,25143,2,
13:59:31,151300,83988,25162,2,
13:59:31,151400,84034,25178,2,
13:59:32,151500,84094,25193,2,
13:59:32,151600,84151,25207,2,
13:59:33,151700,84202,25230,2,
13:59:33,151800,84276,25241,2,
13:59:34,151900,84315,25255,2,
13:59:34,152000,84377,25275,2,
13:59:35,152100,84424,25290,2,
13:59:35,152200,84475,25304,2,
13:59:36,152300,84528,25331,2,
13:59:36,152400,84573,25348,2,
13:59:37,152500,84635,25363,2,
13:59:38,152600,84683,25382,2,
13:59:38,152700,84752,25402,2,
13:59:39,152800,84804,25422,2,
13:59:39,152900,84866,25437,2,
13:59:40,153000,84911,25461,2,
13:59:41,153100,84958,25479,2,
13:59:41,153200,85016,25502,2,
13:59:42,153300,85064,25516,2,
13:59:42,153400,85116,25527,2,
13:59:42,153500,85167,25542,2,
13:59:43,153600,85230,25558,2,
13:59:44,153700,85276,25577,2,
13:59:44,153800,85328,25590,2,
13:59:45,153900,85388,25608,2,
13:59:45,154000,85430,25621,2,
13:59:46,154100,85512,25635,2,
13:59:46,154200,85567,25648,2,
13:59:47,154300,85620,25664,2,
13:59:47,154400,85667,25690,2,
13:59:48,154500,85724,25697,2,
13:59:48,154600,85789,25705,2,
13:59:49,154700,85843,25717,2,
13:59:49,154800,85888,25740,2,
13:59:50,154900,85933,25768,2,
13:59:51,155000,86002,25784,2,
13:59:52,155100,86060,25803,2,
13:59:52,155200,86109,25817,2,
13:59:53,155300,86174,25840,2,
13:59:53,155400,86227,25852,2,
13:59:54,155500,86299,25865,2,
13:59:54,155600,86358,25882,2,
13:59:55,155700,86429,25897,2,
13:59:55,155800,86486,25915,2,
13:59:56,155900,86528,25929,2,
13:59:56,156000,86577,25951,2,
13:59:57,156100,86630,25968,2,
13:59:58,156200,86699,25987,2,
13:59:58,156300,86754,26002,2,
13:59:59,156400,86811,26013,4,
13:59:59,156500,86862,26030,4,
14:0:0,156600,86917,26043,4,
14:0:0,156700,86964,26061,4,
14:0:0,156800,87007,26074,4,
14:0:1,156900,87073,26096,4,
14:0:2,157000,87142,26110,4,
14:0:3,157100,87213,26122,4,
14:0:3,157200,87260,26136,4,
14:0:4,157300,87314,26155,4,
14:0:4,157400,87367,26166,4,
14:0:5,157500,87407,26173,4,
14:0:5,157600,87474,26195,4,
14:0:6,157700,87533,26206,4,
14:0:7,157800,87597,26221,4,
14:0:7,157900,87650,26241,4,
14:0:8,158000,87706,26254,4,
14:0:9,158100,87776,26271,4,
14:0:10,158200,87831,26288,4,
14:0:10,158300,87898,26300,4,
14:0:10,158400,87944,26316,4,
14:0:11,158500,87998,26328,4,
14:0:12,158600,88058,26344,4,
