14:4:39,100,12,3,0,
14:4:40,200,32,8,0,
14:4:40,300,48,16,0,
14:4:40,400,54,17,0,
14:4:40,500,65,20,0,
14:4:40,600,80,21,0,
14:4:40,700,88,25,0,
14:4:40,800,95,27,0,
14:4:40,900,115,33,0,
14:4:40,1000,127,37,0,
14:4:40,1100,143,43,0,
14:4:40,1200,161,45,0,
14:4:40,1300,179,50,0,
14:4:40,1400,187,52,0,
14:4:40,1500,200,54,0,
14:4:40,1600,204,57,0,
14:4:40,1700,220,61,0,
14:4:40,1800,235,65,0,
14:4:40,1900,245,71,0,
14:4:40,2000,254,72,0,
14:4:40,2100,271,76,0,
14:4:40,2200,289,77,0,
14:4:40,2300,300,83,0,
14:4:41,2400,311,87,0,
14:4:41,2500,323,88,0,
14:4:41,2600,339,96,0,
14:4:41,2700,351,98,0,
14:4:41,2800,358,102,0,
14:4:41,2900,371,105,0,
14:4:41,3000,389,110,0,
14:4:41,3100,395,113,0,
14:4:41,3200,409,117,0,
14:4:41,3300,426,128,0,
14:4:41,3400,442,133,0,
14:4:41,3500,458,138,0,
14:4:41,3600,465,142,2,
14:4:41,3700,486,146,2,
14:4:41,3800,499,150,2,
14:4:41,3900,512,155,2,
14:4:41,4000,521,156,2,
14:4:41,4100,541,161,2,
14:4:41,4200,554,169,2,
14:4:42,4300,571,171,2,
14:4:42,4400,587,176,2,
14:4:42,4500,602,184,2,
14:4:42,4600,618,189,2,
14:4:42,4700,632,191,2,
14:4:42,4800,639,195,2,
14:4:42,4900,659,199,2,
14:4:42,5000,674,200,2,
14:4:42,5100,691,202,2,
14:4:42,5200,702,205,2,
14:4:42,5300,718,211,2,
14:4:42,5400,726,214,2,
14:4:42,5500,738,217,2,
14:4:42,5600,750,218,2,
14:4:42,5700,767,220,2,
14:4:42,5800,782,221,2,
14:4:42,5900,800,226,2,
14:4:42,6000,811,231,2,
14:4:42,6100,830,231,2,
14:4:42,6200,845,235,2,
14:4:42,6300,856,241,2,
14:4:42,6400,869,242,2,
14:4:43,6500,882,249,2,
14:4:43,6600,898,251,2,
14:4:43,6700,913,256,2,
14:4:43,6800,918,259,2,
14:4:43,6900,934,270,2,
14:4:43,7000,945,273,2,
14:4:43,7100,953,278,2,
14:4:43,7200,960,282,2,
14:4:43,7300,974,286,2,
14:4:43,7400,989,292,2,
14:4:43,7500,1002,297,2,
14:4:43,7600,1011,298,2,
14:4:43,7700,1028,303,2,
14:4:43,7800,1035,316,2,
14:4:43,7900,1042,319,2,
14:4:43,8000,1051,323,2,
14:4:43,8100,1069,329,2,
14:4:43,8200,1086,331,2,
14:4:43,8300,1100,339,2,
14:4:43,8400,1108,339,2,
14:4:43,8500,1128,347,2,
14:4:44,8600,1136,347,2,
14:4:44,8700,1156,348,2,
14:4:44,8800,1168,351,2,
14:4:44,8900,1185,355,2,
14:4:44,9000,1203,355,2,
14:4:44,9100,1216,358,2,
14:4:44,9200,1222,364,2,
14:4:44,9300,1241,368,2,
14:4:44,9400,1253,370,2,
14:4:44,9500,1273,371,2,
14:4:44,9600,1284,372,2,
14:4:44,9700,1307,379,2,
14:4:44,9800,1322,380,2,
14:4:44,9900,1337,383,2,
14:4:44,10000,1346,388,2,
14:4:44,10100,1370,392,2,
14:4:44,10200,1386,395,2,
14:4:44,10300,1396,399,2,
14:4:44,10400,1411,403,2,
14:4:44,10500,1430,410,2,
14:4:45,10600,1438,412,2,
14:4:45,10700,1456,414,2,
14:4:45,10800,1461,416,2,
14:4:45,10900,1473,418,2,
14:4:45,11000,1487,423,2,
14:4:45,11100,1502,426,2,
14:4:45,11200,1511,430,2,
14:4:45,11300,1526,433,2,
14:4:45,11400,1542,440,2,
14:4:45,11500,1557,443,2,
14:4:45,11600,1570,449,2,
14:4:45,11700,1590,454,2,
14:4:45,11800,1602,462,2,
14:4:45,11900,1615,463,2,
14:4:45,12000,1625,467,2,
14:4:45,12100,1645,475,2,
14:4:45,12200,1662,480,2,
14:4:45,12300,1674,485,2,
14:4:45,12400,1685,487,2,
14:4:45,12500,1705,492,2,
14:4:45,12600,1715,495,2,
14:4:46,12700,1726,498,2,
14:4:46,12800,1733,500,2,
14:4:46,12900,1755,503,2,
14:4:46,13000,1762,509,2,
14:4:46,13100,1774,515,2,
14:4:46,13200,1786,518,2,
14:4:46,13300,1806,526,2,
14:4:46,13400,1818,533,2,
14:4:46,13500,1833,537,2,
14:4:46,13600,1842,537,2,
14:4:46,13700,1857,551,2,
14:4:46,13800,1872,557,2,
14:4:46,13900,1883,561,2,
14:4:46,14000,1890,562,2,
14:4:46,14100,1907,568,2,
14:4:46,14200,1919,574,4,
14:4:46,14300,1929,580,4,
14:4:46,14400,1941,585,4,
14:4:46,14500,1954,587,4,
14:4:46,14600,1967,592,4,
14:4:46,14700,1979,594,4,
14:4:46,14800,1985,596,4,
14:4:47,14900,2002,603,4,
14:4:47,15000,2017,611,4,
14:4:47,15100,2025,611,4,
14:4:47,15200,2034,613,4,
14:4:47,15300,2052,617,4,
14:4:47,15400,2065,622,4,
14:4:47,15500,2079,624,4,
14:4:47,15600,2085,628,4,
14:4:47,15700,2104,636,4,
14:4:47,15800,2115,640,4,
14:4:47,15900,2128,642,4,
14:4:47,16000,2139,643,4,
14:4:47,16100,2155,648,4,
14:4:47,16200,2169,652,4,
14:4:47,16300,2179,657,4,
14:4:47,16400,2187,659,4,
14:4:47,16500,2209,666,4,
14:4:47,16600,2219,669,4,
14:4:47,16700,2232,674,4,
14:4:47,16800,2239,675,4,
14:4:47,16900,2252,680,4,
14:4:47,17000,2262,688,4,
14:4:48,17100,2276,695,4,
14:4:48,17200,2289,700,4,
14:4:48,17300,2305,708,4,
14:4:48,17400,2325,714,4,
14:4:48,17500,2337,719,4,
14:4:48,17600,2348,721,4,
14:4:48,17700,2364,726,4,
14:4:48,17800,2378,734,4,
14:4:48,17900,2393,736,4,
14:4:48,18000,2401,736,4,
14:4:48,18100,2417,740,4,
14:4:48,18200,2430,745,4,
14:4:48,18300,2443,748,4,
14:4:48,18400,2451,753,4,
14:4:48,18500,2457,755,4,
14:4:48,18600,2464,759,4,
14:4:48,18700,2476,766,4,
14:4:48,18800,2487,771,4,
14:4:48,18900,2510,776,4,
14:4:48,19000,2523,783,4,
14:4:48,19100,2534,785,4,
14:4:49,19200,2544,785,4,
14:4:49,19300,2564,787,4,
14:4:49,19400,2575,791,4,
14:4:49,19500,2592,792,4,
14:4:49,19600,2603,798,4,
14:4:49,19700,2630,800,4,
14:4:49,19800,2642,802,4,
14:4:49,19900,2655,805,4,
14:4:49,20000,2670,807,4,
14:4:49,20100,2687,808,4,
14:4:49,20200,2704,817,4,
14:4:49,20300,2720,819,4,
14:4:49,20400,2732,821,4,
14:4:49,20500,2753,826,4,
14:4:49,20600,2763,832,4,
14:4:49,20700,2772,838,4,
14:4:49,20800,2785,843,4,
14:4:49,20900,2796,851,4,
14:4:49,21000,2807,853,4,
14:4:49,21100,2829,857,4,
14:4:49,21200,2836,861,4,
14:4:50,21300,2848,867,4,
14:4:50,21400,2853,869,4,
14:4:50,21500,2865,870,4,
14:4:50,21600,2876,874,4,
14:4:50,21700,2898,879,4,
14:4:50,21800,2910,884,4,
14:4:50,21900,2920,886,4,
14:4:50,22000,2928,891,4,
14:4:50,22100,2947,894,4,
14:4:50,22200,2963,895,4,
14:4:50,22300,2971,901,4,
14:4:50,22400,2985,907,4,
14:4:50,22500,3004,919,4,
14:4:50,22600,3022,923,4,
14:4:50,22700,3039,927,4,
14:4:50,22800,3055,929,4,
14:4:50,22900,3074,935,4,
14:4:50,23000,3084,942,4,
14:4:50,23100,3098,949,4,
14:4:50,23200,3102,954,4,
14:4:51,23300,3124,959,4,
14:4:51,23400,3136,963,4,
14:4:51,23500,3151,966,4,
14:4:51,23600,3167,971,4,
14:4:51,23700,3194,975,4,
14:4:51,23800,3216,979,4,
14:4:51,23900,3229,980,4,
14:4:51,24000,3235,985,4,
14:4:51,24100,3264,989,4,
14:4:51,24200,3276,992,4,
14:4:51,24300,3287,994,4,
14:4:51,24400,3293,996,4,
14:4:51,24500,3309,1003,4,
14:4:51,24600,3328,1008,4,
14:4:51,24700,3338,1010,4,
14:4:51,24800,3349,1014,4,
14:4:51,24900,3367,1022,4,
14:4:51,25000,3379,1028,4,
14:4:51,25100,3388,1034,4,
14:4:51,25200,3400,1041,4,
14:4:52,25300,3422,1045,4,
14:4:52,25400,3432,1047,4,
14:4:52,25500,3442,1051,4,
14:4:52,25600,3449,1052,4,
14:4:52,25700,3467,1055,4,
14:4:52,25800,3480,1060,4,
14:4:52,25900,3486,1061,4,
14:4:52,26000,3497,1065,4,
14:4:52,26100,3521,1070,4,
14:4:52,26200,3535,1072,4,
14:4:52,26300,3549,1074,4,
14:4:52,26400,3561,1076,4,
14:4:52,26500,3576,1085,4,
14:4:52,26600,3594,1089,4,
14:4:52,26700,3610,1093,4,
14:4:52,26800,3627,1094,4,
14:4:52,26900,3645,1096,4,
14:4:52,27000,3657,1100,4,
14:4:52,27100,3666,1108,4,
14:4:52,27200,3675,1111,4,
14:4:52,27300,3695,1118,4,
14:4:52,27400,3709,1121,4,
14:4:53,27500,3719,1125,4,
14:4:53,27600,3730,1127,4,
14:4:53,27700,3743,1129,4,
14:4:53,27800,3760,1129,4,
14:4:53,27900,3772,1131,4,
14:4:53,28000,3779,1138,4,
14:4:53,28100,3793,1146,4,
14:4:53,28200,3804,1150,4,
14:4:53,28300,3820,1153,4,
14:4:53,28400,3832,1155,4,
14:4:53,28500,3850,1161,4,
14:4:53,28600,3861,1166,4,
14:4:53,28700,3878,1168,4,
14:4:53,28800,3891,1171,4,
14:4:53,28900,3910,1176,4,
14:4:53,29000,3918,1182,4,
14:4:53,29100,3927,1188,4,
14:4:53,29200,3936,1193,4,
14:4:53,29300,3966,1196,4,
14:4:53,29400,3979,1197,4,
14:4:53,29500,3993,1199,4,
14:4:54,29600,4006,1201,4,
14:4:54,29700,4025,1208,4,
14:4:54,29800,4047,1214,4,
14:4:54,29900,4067,1216,4,
14:4:54,30000,4075,1220,4,
14:4:54,30100,4087,1225,4,
14:4:54,30200,4110,1228,4,
14:4:54,30300,4120,1232,4,
14:4:54,30400,4128,1235,4,
14:4:54,30500,4144,1239,4,
14:4:54,30600,4157,1245,4,
14:4:54,30700,4165,1248,4,
14:4:54,30800,4182,1251,4,
14:4:54,30900,4193,1256,4,
14:4:54,31000,4203,1262,4,
14:4:54,31100,4211,1265,4,
14:4:54,31200,4221,1266,4,
14:4:54,31300,4245,1271,4,
14:4:54,31400,4259,1278,4,
14:4:54,31500,4272,1285,4,
14:4:54,31600,4287,1289,4,
14:4:55,31700,4303,1292,4,
14:4:55,31800,4317,1294,4,
14:4:55,31900,4326,1299,4,
14:4:55,32000,4336,1306,4,
14:4:55,32100,4356,1308,4,
14:4:55,32200,4365,1315,4,
14:4:55,32300,4383,1319,4,
14:4:55,32400,4393,1320,4,
14:4:55,32500,4413,1327,4,
14:4:55,32600,4430,1330,4,
14:4:55,32700,4445,1331,4,
14:4:55,32800,4450,1333,4,
14:4:55,32900,4470,1335,4,
14:4:55,33000,4482,1338,4,
14:4:55,33100,4496,1341,4,
14:4:55,33200,4506,1347,4,
14:4:55,33300,4524,1350,4,
14:4:55,33400,4534,1353,4,
14:4:55,33500,4548,1358,4,
14:4:55,33600,4560,1361,4,
14:4:55,33700,4580,1367,4,
14:4:56,33800,4596,1372,4,
14:4:56,33900,4604,1379,4,
14:4:56,34000,4608,1384,4,
14:4:56,34100,4626,1389,4,
14:4:56,34200,4648,1393,4,
14:4:56,34300,4667,1400,4,
14:4:56,34400,4673,1406,4,
14:4:56,34500,4683,1413,4,
14:4:56,34600,4695,1419,4,
14:4:56,34700,4709,1419,4,
14:4:56,34800,4716,1420,4,
14:4:56,34900,4735,1426,4,
14:4:56,35000,4743,1430,4,
14:4:56,35100,4757,1438,4,
14:4:56,35200,4768,1439,4,
14:4:56,35300,4783,1442,4,
14:4:56,35400,4792,1448,4,
14:4:56,35500,4804,1458,4,
14:4:56,35600,4823,1462,4,
14:4:56,35700,4842,1465,4,
14:4:56,35800,4855,1468,4,
14:4:57,35900,4869,1474,4,
14:4:57,36000,4879,1475,6,
14:4:57,36100,4899,1482,6,
14:4:57,36200,4911,1483,6,
14:4:57,36300,4925,1486,6,
14:4:57,36400,4940,1490,6,
14:4:57,36500,4955,1494,6,
14:4:57,36600,4973,1503,6,
14:4:57,36700,4987,1509,6,
14:4:57,36800,4996,1515,6,
14:4:57,36900,5021,1522,6,
14:4:57,37000,5039,1527,6,
14:4:57,37100,5048,1533,6,
14:4:57,37200,5057,1537,6,
14:4:57,37300,5067,1543,6,
14:4:57,37400,5085,1549,6,
14:4:57,37500,5098,1554,6,
14:4:57,37600,5108,1558,6,
14:4:57,37700,5125,1562,6,
14:4:57,37800,5138,1566,6,
14:4:57,37900,5148,1569,6,
14:4:58,38000,5160,1575,6,
14:4:58,38100,5180,1582,6,
14:4:58,38200,5191,1586,6,
14:4:58,38300,5206,1588,6,
14:4:58,38400,5212,1593,6,
14:4:58,38500,5230,1602,6,
14:4:58,38600,5242,1606,6,
14:4:58,38700,5254,1609,6,
14:4:58,38800,5264,1612,6,
14:4:58,38900,5282,1618,6,
14:4:58,39000,5304,1625,6,
14:4:58,39100,5321,1628,6,
14:4:58,39200,5331,1630,6,
14:4:58,39300,5356,1632,6,
14:4:58,39400,5375,1637,6,
14:4:58,39500,5391,1637,6,
14:4:58,39600,5394,1638,6,
14:4:58,39700,5407,1639,6,
14:4:58,39800,5419,1648,6,
14:4:58,39900,5427,1648,6,
14:4:58,40000,5439,1653,6,
14:4:59,40100,5455,1656,6,
14:4:59,40200,5466,1660,6,
14:4:59,40300,5478,1665,6,
14:4:59,40400,5488,1670,6,
14:4:59,40500,5500,1679,6,
14:4:59,40600,5516,1685,6,
14:4:59,40700,5530,1688,6,
14:4:59,40800,5538,1692,6,
14:4:59,40900,5551,1696,6,
14:4:59,41000,5565,1700,6,
14:4:59,41100,5580,1703,6,
14:4:59,41200,5592,1706,6,
14:4:59,41300,5619,1713,6,
14:4:59,41400,5636,1717,6,
14:4:59,41500,5649,1723,6,
14:4:59,41600,5657,1728,6,
14:4:59,41700,5674,1730,6,
14:4:59,41800,5692,1735,6,
14:4:59,41900,5702,1738,6,
14:4:59,42000,5712,1741,6,
14:5:0,42100,5732,1744,6,
14:5:0,42200,5745,1749,6,
14:5:0,42300,5758,1753,6,
14:5:0,42400,5768,1756,6,
14:5:0,42500,5791,1763,6,
14:5:0,42600,5804,1771,6,
14:5:0,42700,5814,1775,6,
14:5:0,42800,5827,1777,6,
14:5:0,42900,5838,1780,6,
14:5:0,43000,5848,1786,6,
14:5:0,43100,5861,1791,6,
14:5:0,43200,5868,1793,6,
14:5:0,43300,5880,1794,6,
14:5:0,43400,5888,1797,6,
14:5:0,43500,5899,1804,6,
14:5:0,43600,5908,1807,6,
14:5:0,43700,5927,1811,6,
14:5:0,43800,5941,1816,6,
14:5:0,43900,5953,1819,6,
14:5:0,44000,5967,1824,6,
14:5:0,44100,5991,1828,6,
14:5:0,44200,6001,1830,6,
14:5:1,44300,6011,1836,6,
14:5:1,44400,6022,1841,6,
14:5:1,44500,6039,1847,6,
14:5:1,44600,6049,1851,6,
14:5:1,44700,6067,1855,6,
14:5:1,44800,6079,1855,6,
14:5:1,44900,6098,1860,6,
14:5:1,45000,6112,1868,6,
14:5:1,45100,6119,1870,6,
14:5:1,45200,6130,1873,6,
14:5:1,45300,6151,1879,6,
14:5:1,45400,6167,1885,6,
14:5:1,45500,6178,1890,6,
14:5:1,45600,6193,1893,6,
14:5:1,45700,6220,1899,6,
14:5:1,45800,6227,1903,6,
14:5:1,45900,6242,1911,6,
14:5:1,46000,6253,1917,6,
14:5:1,46100,6270,1924,6,
14:5:1,46200,6283,1927,6,
14:5:2,46300,6296,1931,6,
14:5:2,46400,6311,1933,6,
14:5:2,46500,6327,1939,6,
14:5:2,46600,6341,1948,6,
14:5:2,46700,6351,1950,6,
14:5:2,46800,6360,1954,6,
14:5:2,46900,6377,1959,6,
14:5:2,47000,6389,1966,6,
14:5:2,47100,6403,1971,6,
14:5:2,47200,6416,1974,6,
14:5:2,47300,6437,1979,6,
14:5:2,47400,6454,1984,6,
14:5:2,47500,6468,1986,6,
14:5:2,47600,6484,1987,6,
14:5:2,47700,6505,1992,6,
14:5:2,47800,6523,1996,8,
14:5:2,47900,6532,1998,8,
14:5:2,48000,6541,1999,8,
14:5:2,48100,6560,2002,8,
14:5:2,48200,6577,2007,8,
14:5:2,48300,6585,2012,8,
14:5:3,48400,6596,2015,8,
14:5:3,48500,6614,2020,8,
14:5:3,48600,6629,2022,8,
14:5:3,48700,6642,2030,8,
14:5:3,48800,6659,2031,8,
14:5:3,48900,6676,2037,8,
14:5:3,49000,6685,2039,8,
14:5:3,49100,6703,2046,8,
14:5:3,49200,6713,2051,8,
14:5:3,49300,6731,2055,8,
14:5:3,49400,6743,2056,8,
14:5:3,49500,6765,2057,8,
14:5:3,49600,6783,2062,8,
14:5:3,49700,6796,2066,8,
14:5:3,49800,6814,2067,8,
14:5:3,49900,6824,2071,8,
14:5:3,50000,6836,2076,8,
14:5:3,50100,6849,2081,8,
14:5:3,50200,6867,2087,8,
14:5:3,50300,6878,2090,8,
14:5:4,50400,6886,2094,8,
14:5:4,50500,6905,2097,10,
14:5:4,50600,6923,2100,10,
14:5:4,50700,6940,2105,10,
14:5:4,50800,6947,2106,10,
14:5:4,50900,6964,2111,10,
14:5:4,51000,6976,2115,10,
14:5:4,51100,6987,2118,10,
14:5:4,51200,6998,2120,10,
14:5:4,51300,7016,2125,10,
14:5:4,51400,7029,2131,10,
14:5:4,51500,7048,2135,10,
14:5:4,51600,7062,2138,10,
14:5:4,51700,7080,2150,12,
14:5:4,51800,7090,2154,12,
14:5:4,51900,7098,2159,12,
14:5:4,52000,7106,2168,12,
14:5:4,52100,7120,2178,12,
14:5:4,52200,7136,2184,12,
14:5:4,52300,7143,2187,12,
14:5:4,52400,7153,2190,12,
14:5:5,52500,7174,2196,12,
14:5:5,52600,7181,2199,12,
14:5:5,52700,7193,2200,12,
14:5:5,52800,7202,2204,12,
14:5:5,52900,7216,2207,12,
14:5:5,53000,7231,2210,12,
14:5:5,53100,7241,2213,12,
14:5:5,53200,7251,2213,12,
14:5:5,53300,7269,2220,12,
14:5:5,53400,7285,2223,12,
14:5:5,53500,7299,2226,12,
14:5:5,53600,7313,2229,12,
14:5:5,53700,7334,2233,12,
14:5:5,53800,7347,2237,12,
14:5:5,53900,7358,2239,12,
14:5:5,54000,7366,2245,12,
14:5:5,54100,7388,2252,12,
14:5:5,54200,7397,2258,12,
14:5:5,54300,7415,2264,12,
14:5:5,54400,7427,2266,12,
14:5:5,54500,7445,2272,12,
14:5:6,54600,7453,2276,12,
14:5:6,54700,7465,2277,12,
14:5:6,54800,7476,2280,12,
14:5:6,54900,7488,2290,12,
14:5:6,55000,7504,2292,12,
14:5:6,55100,7515,2299,12,
14:5:6,55200,7524,2304,12,
14:5:6,55300,7539,2307,12,
14:5:6,55400,7548,2310,12,
14:5:6,55500,7562,2313,12,
14:5:6,55600,7578,2314,12,
14:5:6,55700,7602,2321,12,
14:5:6,55800,7616,2329,12,
14:5:6,55900,7629,2332,12,
14:5:6,56000,7638,2334,12,
14:5:6,56100,7656,2343,12,
14:5:6,56200,7663,2348,12,
14:5:6,56300,7673,2350,12,
14:5:6,56400,7683,2352,12,
14:5:6,56500,7699,2357,12,
14:5:6,56600,7714,2361,12,
14:5:7,56700,7733,2362,12,
14:5:7,56800,7745,2364,12,
14:5:7,56900,7763,2366,12,
14:5:7,57000,7770,2369,12,
14:5:7,57100,7779,2370,12,
14:5:7,57200,7792,2375,12,
14:5:7,57300,7802,2381,12,
14:5:7,57400,7814,2386,12,
14:5:7,57500,7826,2391,12,
14:5:7,57600,7835,2394,12,
14:5:7,57700,7850,2399,12,
14:5:7,57800,7860,2404,12,
14:5:7,57900,7867,2406,12,
14:5:7,58000,7872,2408,12,
14:5:7,58100,7891,2411,12,
14:5:7,58200,7899,2416,12,
14:5:7,58300,7913,2421,12,
14:5:7,58400,7920,2422,12,
14:5:7,58500,7939,2425,12,
14:5:7,58600,7950,2428,12,
14:5:7,58700,7968,2429,12,
14:5:7,58800,7978,2434,12,
14:5:8,58900,7988,2439,12,
14:5:8,59000,8003,2441,12,
14:5:8,59100,8017,2442,12,
14:5:8,59200,8031,2447,12,
14:5:8,59300,8047,2455,12,
14:5:8,59400,8063,2457,12,
14:5:8,59500,8072,2465,12,
14:5:8,59600,8081,2469,12,
14:5:8,59700,8100,2478,12,
14:5:8,59800,8114,2485,12,
14:5:8,59900,8122,2490,12,
14:5:8,60000,8131,2493,12,
14:5:8,60100,8148,2496,12,
14:5:8,60200,8170,2502,12,
14:5:8,60300,8186,2508,12,
14:5:8,60400,8200,2510,12,
14:5:8,60500,8213,2514,12,
14:5:8,60600,8225,2517,12,
14:5:8,60700,8234,2521,12,
14:5:8,60800,8245,2526,12,
14:5:8,60900,8257,2527,12,
14:5:9,61000,8274,2532,12,
14:5:9,61100,8285,2538,12,
14:5:9,61200,8299,2543,12,
14:5:9,61300,8315,2546,12,
14:5:9,61400,8334,2548,12,
14:5:9,61500,8351,2552,12,
14:5:9,61600,8359,2555,12,
14:5:9,61700,8372,2557,12,
14:5:9,61800,8386,2563,12,
14:5:9,61900,8400,2566,12,
14:5:9,62000,8410,2571,12,
14:5:9,62100,8425,2573,12,
14:5:9,62200,8437,2574,12,
14:5:9,62300,8447,2575,12,
14:5:9,62400,8454,2585,12,
14:5:9,62500,8464,2590,12,
14:5:9,62600,8476,2592,12,
14:5:9,62700,8494,2595,12,
14:5:9,62800,8499,2598,12,
14:5:9,62900,8520,2605,12,
14:5:9,63000,8539,2606,12,
14:5:10,63100,8555,2609,12,
14:5:10,63200,8569,2614,12,
14:5:10,63300,8577,2620,12,
14:5:10,63400,8586,2623,12,
14:5:10,63500,8600,2626,12,
14:5:10,63600,8613,2631,12,
14:5:10,63700,8630,2636,12,
14:5:10,63800,8643,2643,12,
14:5:10,63900,8653,2648,12,
14:5:10,64000,8665,2651,12,
14:5:10,64100,8680,2657,12,
14:5:10,64200,8690,2661,12,
14:5:10,64300,8699,2663,12,
14:5:10,64400,8710,2667,12,
14:5:10,64500,8732,2673,12,
14:5:10,64600,8747,2679,12,
14:5:10,64700,8758,2680,12,
14:5:10,64800,8767,2684,12,
14:5:10,64900,8784,2687,12,
14:5:10,65000,8796,2691,12,
14:5:10,65100,8808,2695,12,
14:5:10,65200,8819,2699,12,
14:5:11,65300,8840,2703,12,
14:5:11,65400,8855,2708,12,
14:5:11,65500,8864,2712,12,
14:5:11,65600,8877,2715,12,
14:5:11,65700,8894,2720,12,
14:5:11,65800,8908,2723,12,
14:5:11,65900,8925,2728,12,
14:5:11,66000,8934,2732,12,
14:5:11,66100,8950,2735,12,
14:5:11,66200,8962,2740,12,
14:5:11,66300,8970,2745,12,
14:5:11,66400,8979,2751,12,
14:5:11,66500,8996,2760,12,
14:5:11,66600,9009,2762,12,
14:5:11,66700,9022,2765,12,
14:5:11,66800,9033,2766,12,
14:5:11,66900,9043,2770,12,
14:5:11,67000,9054,2776,12,
14:5:11,67100,9064,2778,12,
14:5:11,67200,9072,2782,12,
14:5:12,67300,9088,2787,12,
14:5:12,67400,9103,2788,12,
14:5:12,67500,9113,2792,12,
14:5:12,67600,9121,2794,12,
14:5:12,67700,9135,2799,12,
14:5:12,67800,9148,2804,12,
14:5:12,67900,9163,2810,12,
14:5:12,68000,9171,2814,12,
14:5:12,68100,9186,2823,12,
14:5:12,68200,9205,2826,12,
14:5:12,68300,9217,2829,12,
14:5:12,68400,9232,2831,12,
14:5:12,68500,9254,2836,12,
14:5:12,68600,9267,2838,12,
14:5:12,68700,9278,2839,12,
14:5:12,68800,9285,2845,12,
14:5:12,68900,9304,2849,12,
14:5:12,69000,9314,2853,12,
14:5:12,69100,9326,2858,12,
14:5:12,69200,9342,2861,12,
14:5:12,69300,9364,2865,12,
14:5:13,69400,9378,2871,12,
14:5:13,69500,9386,2871,12,
14:5:13,69600,9399,2874,12,
14:5:13,69700,9420,2879,12,
14:5:13,69800,9439,2882,12,
14:5:13,69900,9457,2887,12,
14:5:13,70000,9475,2893,12,
14:5:13,70100,9489,2897,12,
14:5:13,70200,9501,2901,12,
14:5:13,70300,9512,2904,12,
14:5:13,70400,9520,2906,12,
14:5:13,70500,9532,2911,12,
14:5:13,70600,9545,2914,12,
14:5:13,70700,9567,2914,12,
14:5:13,70800,9576,2918,12,
14:5:13,70900,9595,2925,12,
14:5:13,71000,9608,2928,12,
14:5:13,71100,9623,2937,12,
14:5:13,71200,9633,2943,12,
14:5:13,71300,9648,2946,12,
14:5:13,71400,9666,2952,12,
14:5:14,71500,9674,2957,12,
14:5:14,71600,9684,2960,12,
14:5:14,71700,9700,2963,12,
14:5:14,71800,9713,2966,12,
14:5:14,71900,9724,2974,12,
14:5:14,72000,9735,2979,12,
14:5:14,72100,9756,2984,12,
14:5:14,72200,9768,2987,12,
14:5:14,72300,9781,2987,12,
14:5:14,72400,9799,2991,12,
14:5:14,72500,9826,2994,12,
14:5:14,72600,9838,2999,12,
14:5:14,72700,9853,3001,12,
14:5:14,72800,9864,3003,12,
14:5:14,72900,9890,3005,12,
14:5:14,73000,9905,3007,12,
14:5:14,73100,9913,3009,12,
14:5:14,73200,9924,3012,12,
14:5:14,73300,9944,3015,12,
14:5:14,73400,9955,3022,12,
14:5:15,73500,9969,3033,12,
14:5:15,73600,9987,3037,12,
14:5:15,73700,10007,3041,12,
14:5:15,73800,10025,3044,12,
14:5:15,73900,10033,3047,12,
14:5:15,74000,10040,3049,12,
14:5:15,74100,10061,3058,12,
14:5:15,74200,10081,3063,12,
14:5:15,74300,10094,3067,12,
14:5:15,74400,10105,3068,12,
14:5:15,74500,10131,3074,12,
14:5:15,74600,10145,3077,12,
14:5:15,74700,10157,3080,12,
14:5:15,74800,10166,3087,12,
14:5:15,74900,10181,3092,12,
14:5:15,75000,10190,3097,12,
14:5:15,75100,10197,3097,12,
14:5:15,75200,10208,3101,12,
14:5:15,75300,10225,3107,12,
14:5:15,75400,10240,3110,12,
14:5:16,75500,10254,3116,12,
14:5:16,75600,10258,3120,12,
14:5:16,75700,10274,3126,12,
14:5:16,75800,10286,3129,12,
14:5:16,75900,10302,3133,12,
14:5:16,76000,10310,3138,12,
14:5:16,76100,10333,3142,12,
14:5:16,76200,10358,3151,12,
14:5:16,76300,10369,3159,12,
14:5:16,76400,10374,3164,12,
14:5:16,76500,10388,3171,12,
14:5:16,76600,10398,3173,12,
14:5:16,76700,10411,3177,12,
14:5:16,76800,10423,3183,12,
14:5:16,76900,10438,3190,12,
14:5:16,77000,10449,3190,12,
14:5:16,77100,10473,3194,12,
14:5:16,77200,10482,3200,12,
14:5:17,77300,10503,3206,12,
14:5:17,77400,10515,3212,12,
14:5:17,77500,10524,3216,12,
14:5:17,77600,10534,3218,12,
14:5:17,77700,10548,3221,12,
14:5:17,77800,10567,3224,12,
14:5:17,77900,10579,3228,12,
14:5:17,78000,10588,3229,12,
14:5:17,78100,10603,3235,12,
14:5:17,78200,10619,3242,12,
14:5:17,78300,10631,3244,12,
14:5:17,78400,10645,3251,12,
14:5:17,78500,10671,3255,12,
14:5:17,78600,10679,3259,12,
14:5:17,78700,10691,3261,12,
14:5:17,78800,10698,3263,12,
14:5:17,78900,10715,3266,12,
14:5:17,79000,10733,3268,12,
14:5:17,79100,10742,3276,12,
14:5:17,79200,10755,3277,12,
14:5:17,79300,10773,3279,12,
14:5:18,79400,10789,3282,12,
14:5:18,79500,10798,3285,12,
14:5:18,79600,10809,3285,12,
14:5:18,79700,10830,3288,12,
14:5:18,79800,10842,3292,12,
14:5:18,79900,10852,3294,12,
14:5:18,80000,10859,3296,12,
14:5:18,80100,10880,3301,12,
14:5:18,80200,10893,3307,12,
14:5:18,80300,10911,3309,12,
14:5:18,80400,10918,3314,12,
14:5:18,80500,10930,3318,12,
14:5:18,80600,10944,3322,12,
14:5:18,80700,10958,3325,12,
14:5:18,80800,10970,3327,12,
14:5:18,80900,10988,3329,12,
14:5:18,81000,11001,3332,12,
14:5:18,81100,11014,3338,12,
14:5:18,81200,11029,3344,12,
14:5:18,81300,11041,3348,12,
14:5:18,81400,11058,3350,12,
14:5:19,81500,11069,3351,12,
14:5:19,81600,11076,3353,12,
14:5:19,81700,11098,3355,12,
14:5:19,81800,11120,3358,12,
14:5:19,81900,11129,3364,12,
14:5:19,82000,11142,3367,12,
14:5:19,82100,11158,3372,12,
14:5:19,82200,11172,3379,12,
14:5:19,82300,11182,3381,12,
14:5:19,82400,11194,3388,12,
14:5:19,82500,11211,3392,12,
14:5:19,82600,11225,3401,12,
14:5:19,82700,11241,3406,12,
14:5:19,82800,11249,3408,12,
14:5:19,82900,11268,3410,12,
14:5:19,83000,11279,3414,12,
14:5:19,83100,11288,3417,12,
14:5:19,83200,11300,3420,12,
14:5:19,83300,11320,3426,12,
14:5:19,83400,11332,3430,12,
14:5:19,83500,11337,3439,12,
14:5:19,83600,11344,3443,12,
14:5:20,83700,11361,3444,12,
14:5:20,83800,11375,3448,12,
14:5:20,83900,11392,3450,12,
14:5:20,84000,11404,3453,12,
14:5:20,84100,11423,3458,12,
14:5:20,84200,11436,3459,12,
14:5:20,84300,11450,3463,12,
14:5:20,84400,11468,3467,12,
14:5:20,84500,11490,3472,12,
14:5:20,84600,11500,3474,12,
14:5:20,84700,11510,3478,12,
14:5:20,84800,11515,3480,12,
14:5:20,84900,11536,3485,12,
14:5:20,85000,11555,3487,14,
14:5:20,85100,11562,3488,14,
14:5:20,85200,11574,3493,14,
14:5:20,85300,11595,3498,14,
14:5:20,85400,11606,3502,14,
14:5:20,85500,11613,3507,14,
14:5:20,85600,11622,3509,14,
14:5:20,85700,11650,3510,14,
14:5:21,85800,11658,3515,14,
14:5:21,85900,11670,3519,14,
14:5:21,86000,11681,3522,14,
14:5:21,86100,11694,3527,14,
14:5:21,86200,11712,3532,14,
14:5:21,86300,11725,3536,14,
14:5:21,86400,11733,3537,14,
14:5:21,86500,11750,3544,14,
14:5:21,86600,11763,3549,14,
14:5:21,86700,11772,3551,14,
14:5:21,86800,11779,3552,14,
14:5:21,86900,11797,3556,14,
14:5:21,87000,11812,3559,14,
14:5:21,87100,11833,3564,14,
14:5:21,87200,11844,3565,14,
14:5:21,87300,11860,3573,14,
14:5:21,87400,11869,3576,14,
14:5:21,87500,11885,3579,14,
14:5:21,87600,11895,3584,14,
14:5:21,87700,11915,3593,16,
14:5:21,87800,11927,3597,16,
14:5:22,87900,11934,3602,16,
14:5:22,88000,11948,3605,16,
14:5:22,88100,11967,3613,16,
14:5:22,88200,11982,3617,16,
14:5:22,88300,11990,3622,16,
14:5:22,88400,11999,3624,16,
14:5:22,88500,12020,3628,16,
14:5:22,88600,12033,3631,16,
14:5:22,88700,12048,3641,16,
14:5:22,88800,12057,3644,16,
14:5:22,88900,12078,3651,16,
14:5:22,89000,12094,3655,16,
14:5:22,89100,12104,3660,16,
14:5:22,89200,12111,3666,16,
14:5:22,89300,12124,3670,16,
14:5:22,89400,12132,3675,16,
14:5:22,89500,12147,3679,16,
14:5:22,89600,12153,3685,16,
14:5:22,89700,12173,3692,16,
14:5:22,89800,12183,3699,16,
14:5:22,89900,12195,3701,16,
14:5:23,90000,12207,3702,16,
14:5:23,90100,12222,3709,16,
14:5:23,90200,12237,3718,16,
14:5:23,90300,12256,3721,16,
14:5:23,90400,12264,3726,16,
14:5:23,90500,12284,3726,16,
14:5:23,90600,12297,3729,16,
14:5:23,90700,12308,3734,18,
14:5:23,90800,12324,3736,18,
14:5:23,90900,12345,3740,18,
14:5:23,91000,12356,3749,18,
14:5:23,91100,12368,3752,18,
14:5:23,91200,12379,3753,18,
14:5:23,91300,12394,3759,18,
14:5:23,91400,12408,3763,18,
14:5:23,91500,12423,3767,18,
14:5:23,91600,12433,3774,18,
14:5:23,91700,12449,3781,18,
14:5:23,91800,12468,3788,18,
14:5:23,91900,12474,3793,18,
14:5:23,92000,12488,3795,18,
14:5:24,92100,12502,3800,18,
14:5:24,92200,12521,3806,18,
14:5:24,92300,12535,3810,18,
14:5:24,92400,12546,3814,18,
14:5:24,92500,12565,3817,18,
14:5:24,92600,12582,3823,18,
14:5:24,92700,12592,3826,18,
14:5:24,92800,12599,3830,18,
14:5:24,92900,12622,3837,18,
14:5:24,93000,12640,3840,18,
14:5:24,93100,12652,3843,18,
14:5:24,93200,12669,3845,18,
14:5:24,93300,12678,3849,18,
14:5:24,93400,12692,3851,18,
14:5:24,93500,12705,3853,18,
14:5:24,93600,12713,3856,18,
14:5:24,93700,12731,3864,18,
14:5:24,93800,12747,3871,18,
14:5:24,93900,12755,3877,18,
14:5:24,94000,12767,3878,18,
14:5:25,94100,12784,3884,18,
14:5:25,94200,12800,3889,18,
14:5:25,94300,12813,3894,18,
14:5:25,94400,12825,3896,18,
14:5:25,94500,12851,3901,18,
14:5:25,94600,12863,3906,18,
14:5:25,94700,12870,3910,18,
14:5:25,94800,12876,3917,18,
14:5:25,94900,12901,3922,18,
14:5:25,95000,12919,3924,18,
14:5:25,95100,12928,3929,18,
14:5:25,95200,12943,3932,18,
14:5:25,95300,12954,3936,18,
14:5:25,95400,12965,3941,18,
14:5:25,95500,12976,3948,18,
14:5:25,95600,12985,3950,18,
14:5:25,95700,13004,3957,18,
14:5:25,95800,13018,3962,18,
