14:5:26,100,13,5,0,
14:5:26,200,28,11,0,
14:5:26,300,39,13,0,
14:5:26,400,56,14,2,
14:5:26,500,73,20,2,
14:5:26,600,83,23,2,
14:5:26,700,92,25,2,
14:5:26,800,99,27,2,
14:5:26,900,119,27,2,
14:5:26,1000,133,33,2,
14:5:26,1100,145,39,2,
14:5:26,1200,157,41,2,
14:5:26,1300,175,45,2,
14:5:26,1400,190,46,2,
14:5:26,1500,205,51,2,
14:5:26,1600,225,52,2,
14:5:27,1700,242,59,2,
14:5:27,1800,254,66,2,
14:5:27,1900,264,70,2,
14:5:27,2000,271,73,2,
14:5:27,2100,289,76,4,
14:5:27,2200,305,82,4,
14:5:27,2300,320,86,4,
14:5:27,2400,332,89,4,
14:5:27,2500,351,94,4,
14:5:27,2600,358,98,4,
14:5:27,2700,372,102,4,
14:5:27,2800,384,103,4,
14:5:27,2900,408,108,4,
14:5:27,3000,423,111,4,
14:5:27,3100,433,116,4,
14:5:27,3200,447,116,4,
14:5:27,3300,463,119,4,
14:5:27,3400,478,122,4,
14:5:27,3500,492,126,4,
14:5:27,3600,506,130,4,
14:5:27,3700,520,133,4,
14:5:27,3800,537,135,4,
14:5:28,3900,549,138,4,
14:5:28,4000,562,140,4,
14:5:28,4100,585,142,4,
14:5:28,4200,601,147,4,
14:5:28,4300,611,149,6,
14:5:28,4400,625,150,6,
14:5:28,4500,642,158,6,
14:5:28,4600,661,161,6,
14:5:28,4700,676,164,6,
14:5:28,4800,687,166,6,
14:5:28,4900,703,171,6,
14:5:28,5000,717,175,6,
14:5:28,5100,735,183,6,
14:5:28,5200,739,185,6,
14:5:28,5300,763,190,8,
14:5:28,5400,776,193,8,
14:5:28,5500,789,197,8,
14:5:28,5600,802,199,8,
14:5:28,5700,823,206,8,
14:5:28,5800,830,211,8,
14:5:29,5900,844,216,8,
14:5:29,6000,854,220,8,
14:5:29,6100,865,227,8,
14:5:29,6200,882,232,8,
14:5:29,6300,892,236,8,
14:5:29,6400,902,241,8,
14:5:29,6500,919,243,8,
14:5:29,6600,937,249,8,
14:5:29,6700,949,251,8,
14:5:29,6800,959,254,8,
14:5:29,6900,975,256,8,
14:5:29,7000,988,258,8,
14:5:29,7100,997,263,8,
14:5:29,7200,1010,266,10,
14:5:29,7300,1028,276,10,
14:5:29,7400,1042,279,10,
14:5:29,7500,1058,282,10,
14:5:29,7600,1068,286,10,
14:5:29,7700,1090,290,10,
14:5:29,7800,1101,292,10,
14:5:29,7900,1114,295,10,
14:5:30,8000,1121,295,10,
14:5:30,8100,1143,302,10,
14:5:30,8200,1154,306,10,
14:5:30,8300,1162,313,10,
14:5:30,8400,1175,316,10,
14:5:30,8500,1190,321,10,
14:5:30,8600,1205,327,10,
14:5:30,8700,1222,332,10,
14:5:30,8800,1237,338,10,
14:5:30,8900,1254,345,10,
14:5:30,9000,1261,347,10,
14:5:30,9100,1273,351,10,
14:5:30,9200,1281,357,10,
14:5:30,9300,1305,362,10,
14:5:30,9400,1320,366,10,
14:5:30,9500,1332,373,10,
14:5:30,9600,1339,375,10,
14:5:30,9700,1354,384,10,
14:5:30,9800,1365,387,10,
14:5:30,9900,1385,393,10,
14:5:31,10000,1394,396,10,
14:5:31,10100,1417,405,10,
14:5:31,10200,1433,410,10,
14:5:31,10300,1442,415,10,
14:5:31,10400,1449,417,10,
14:5:31,10500,1464,420,10,
14:5:31,10600,1474,421,10,
14:5:31,10700,1485,425,10,
14:5:31,10800,1494,431,10,
14:5:31,10900,1508,437,10,
14:5:31,11000,1526,441,10,
14:5:31,11100,1540,445,10,
14:5:31,11200,1554,450,10,
14:5:31,11300,1575,458,10,
14:5:31,11400,1589,459,10,
14:5:31,11500,1605,462,10,
14:5:31,11600,1613,464,10,
14:5:31,11700,1634,469,10,
14:5:31,11800,1653,473,10,
14:5:31,11900,1668,475,10,
14:5:31,12000,1680,476,10,
14:5:32,12100,1695,478,10,
14:5:32,12200,1714,480,10,
14:5:32,12300,1724,484,10,
14:5:32,12400,1732,489,10,
14:5:32,12500,1745,493,10,
14:5:32,12600,1763,496,10,
14:5:32,12700,1778,504,10,
14:5:32,12800,1795,506,10,
14:5:32,12900,1813,513,10,
14:5:32,13000,1826,520,10,
14:5:32,13100,1838,523,10,
14:5:32,13200,1847,528,10,
14:5:32,13300,1860,530,10,
14:5:32,13400,1871,532,10,
14:5:32,13500,1882,536,10,
14:5:32,13600,1895,539,10,
14:5:32,13700,1914,546,10,
14:5:32,13800,1926,554,10,
14:5:32,13900,1932,561,10,
14:5:32,14000,1942,563,10,
14:5:32,14100,1956,569,10,
14:5:33,14200,1965,572,10,
14:5:33,14300,1990,574,10,
14:5:33,14400,2000,576,10,
14:5:33,14500,2021,584,10,
14:5:33,14600,2031,591,10,
14:5:33,14700,2047,591,10,
14:5:33,14800,2057,592,10,
14:5:33,14900,2077,596,10,
14:5:33,15000,2084,602,10,
14:5:33,15100,2099,611,10,
14:5:33,15200,2110,613,10,
14:5:33,15300,2127,617,10,
14:5:33,15400,2148,619,10,
14:5:33,15500,2157,621,10,
14:5:33,15600,2165,625,10,
14:5:33,15700,2185,632,10,
14:5:33,15800,2195,634,10,
14:5:33,15900,2205,640,10,
14:5:33,16000,2212,643,10,
14:5:33,16100,2235,647,10,
14:5:33,16200,2246,649,10,
14:5:34,16300,2252,649,10,
14:5:34,16400,2265,653,10,
14:5:34,16500,2287,657,10,
14:5:34,16600,2298,660,10,
14:5:34,16700,2314,664,10,
14:5:34,16800,2326,666,10,
14:5:34,16900,2338,669,10,
14:5:34,17000,2354,672,10,
14:5:34,17100,2364,677,10,
14:5:34,17200,2377,681,10,
14:5:34,17300,2388,689,10,
14:5:34,17400,2403,695,10,
14:5:34,17500,2411,701,10,
14:5:34,17600,2419,705,10,
14:5:34,17700,2440,711,10,
14:5:34,17800,2455,718,10,
14:5:34,17900,2469,723,10,
14:5:34,18000,2485,723,10,
14:5:34,18100,2507,727,10,
14:5:34,18200,2526,733,10,
14:5:35,18300,2535,734,10,
14:5:35,18400,2543,737,10,
14:5:35,18500,2560,740,10,
14:5:35,18600,2583,741,10,
14:5:35,18700,2594,744,10,
14:5:35,18800,2600,745,10,
14:5:35,18900,2618,753,10,
14:5:35,19000,2631,755,10,
14:5:35,19100,2646,756,10,
14:5:35,19200,2656,760,10,
14:5:35,19300,2674,769,10,
14:5:35,19400,2687,771,10,
14:5:35,19500,2703,776,10,
14:5:35,19600,2712,779,10,
14:5:35,19700,2735,786,10,
14:5:35,19800,2746,793,10,
14:5:35,19900,2762,798,10,
14:5:35,20000,2770,802,10,
14:5:35,20100,2788,805,10,
14:5:35,20200,2801,811,10,
14:5:35,20300,2812,811,10,
14:5:36,20400,2823,815,10,
14:5:36,20500,2842,817,10,
14:5:36,20600,2857,821,10,
14:5:36,20700,2869,823,10,
14:5:36,20800,2880,826,10,
14:5:36,20900,2898,835,10,
14:5:36,21000,2915,838,10,
14:5:36,21100,2925,842,10,
14:5:36,21200,2935,844,10,
14:5:36,21300,2952,849,10,
14:5:36,21400,2968,853,10,
14:5:36,21500,2982,855,10,
14:5:36,21600,2992,857,10,
14:5:36,21700,3005,863,10,
14:5:36,21800,3015,868,10,
14:5:36,21900,3028,871,10,
14:5:36,22000,3043,873,10,
14:5:36,22100,3063,876,10,
14:5:36,22200,3081,884,10,
14:5:36,22300,3097,888,10,
14:5:37,22400,3104,891,10,
14:5:37,22500,3123,902,10,
14:5:37,22600,3144,905,10,
14:5:37,22700,3159,909,10,
14:5:37,22800,3171,912,10,
14:5:37,22900,3190,917,10,
14:5:37,23000,3200,919,10,
14:5:37,23100,3212,922,10,
14:5:37,23200,3223,927,10,
14:5:37,23300,3236,930,12,
14:5:37,23400,3255,933,12,
14:5:37,23500,3265,939,12,
14:5:37,23600,3275,945,12,
14:5:37,23700,3293,949,12,
14:5:37,23800,3309,953,12,
14:5:37,23900,3320,961,12,
14:5:37,24000,3331,964,12,
14:5:37,24100,3348,971,12,
14:5:37,24200,3357,974,12,
14:5:37,24300,3371,980,12,
14:5:37,24400,3376,984,12,
14:5:38,24500,3393,988,12,
14:5:38,24600,3409,991,12,
14:5:38,24700,3423,993,12,
14:5:38,24800,3441,1001,12,
14:5:38,24900,3460,1011,12,
14:5:38,25000,3475,1013,12,
14:5:38,25100,3488,1017,12,
14:5:38,25200,3501,1021,12,
14:5:38,25300,3517,1027,12,
14:5:38,25400,3536,1031,12,
14:5:38,25500,3545,1032,12,
14:5:38,25600,3556,1032,12,
14:5:38,25700,3567,1037,12,
14:5:38,25800,3584,1043,12,
14:5:38,25900,3598,1045,12,
14:5:38,26000,3616,1047,12,
14:5:38,26100,3627,1053,12,
14:5:38,26200,3645,1055,12,
14:5:38,26300,3651,1059,12,
14:5:38,26400,3664,1064,12,
14:5:39,26500,3684,1071,12,
14:5:39,26600,3692,1077,12,
14:5:39,26700,3705,1081,12,
14:5:39,26800,3712,1084,12,
14:5:39,26900,3730,1086,12,
14:5:39,27000,3745,1094,12,
14:5:39,27100,3757,1097,12,
14:5:39,27200,3762,1101,12,
14:5:39,27300,3775,1106,12,
14:5:39,27400,3787,1113,12,
14:5:39,27500,3793,1114,12,
14:5:39,27600,3800,1116,12,
14:5:39,27700,3818,1125,12,
14:5:39,27800,3828,1127,12,
14:5:39,27900,3843,1132,12,
14:5:39,28000,3853,1135,12,
14:5:39,28100,3867,1138,12,
14:5:39,28200,3882,1143,12,
14:5:39,28300,3897,1145,12,
14:5:39,28400,3907,1146,12,
14:5:39,28500,3929,1152,12,
14:5:40,28600,3942,1155,12,
14:5:40,28700,3951,1156,12,
14:5:40,28800,3957,1160,12,
14:5:40,28900,3975,1167,12,
14:5:40,29000,3989,1171,12,
14:5:40,29100,3999,1176,12,
14:5:40,29200,4004,1180,12,
14:5:40,29300,4023,1189,12,
14:5:40,29400,4037,1194,12,
14:5:40,29500,4054,1202,12,
14:5:40,29600,4066,1203,12,
14:5:40,29700,4081,1212,12,
14:5:40,29800,4099,1215,12,
14:5:40,29900,4111,1221,12,
14:5:40,30000,4118,1223,12,
14:5:40,30100,4133,1234,12,
14:5:40,30200,4148,1239,12,
14:5:40,30300,4157,1244,12,
14:5:40,30400,4164,1249,12,
14:5:40,30500,4180,1257,12,
14:5:40,30600,4186,1262,12,
14:5:41,30700,4204,1269,12,
14:5:41,30800,4212,1273,12,
14:5:41,30900,4230,1276,12,
14:5:41,31000,4245,1280,12,
14:5:41,31100,4259,1284,12,
14:5:41,31200,4264,1288,12,
14:5:41,31300,4283,1290,12,
14:5:41,31400,4293,1295,12,
14:5:41,31500,4307,1298,12,
14:5:41,31600,4322,1302,12,
14:5:41,31700,4339,1305,12,
14:5:41,31800,4352,1308,12,
14:5:41,31900,4366,1311,12,
14:5:41,32000,4374,1317,12,
14:5:41,32100,4388,1326,12,
14:5:41,32200,4401,1327,12,
14:5:41,32300,4410,1335,12,
14:5:41,32400,4418,1339,12,
14:5:41,32500,4434,1344,12,
14:5:41,32600,4450,1346,12,
14:5:41,32700,4462,1348,12,
14:5:42,32800,4470,1353,12,
14:5:42,32900,4486,1359,12,
14:5:42,33000,4499,1362,12,
14:5:42,33100,4510,1368,12,
14:5:42,33200,4518,1376,12,
14:5:42,33300,4538,1379,12,
14:5:42,33400,4553,1387,12,
14:5:42,33500,4563,1394,12,
14:5:42,33600,4573,1394,12,
14:5:42,33700,4589,1395,12,
14:5:42,33800,4599,1400,12,
14:5:42,33900,4613,1405,12,
14:5:42,34000,4621,1407,12,
14:5:42,34100,4643,1411,12,
14:5:42,34200,4653,1417,12,
14:5:42,34300,4664,1420,12,
14:5:42,34400,4672,1426,14,
14:5:42,34500,4688,1428,14,
14:5:42,34600,4698,1431,14,
14:5:42,34700,4710,1434,14,
14:5:42,34800,4726,1438,14,
14:5:43,34900,4752,1445,14,
14:5:43,35000,4762,1448,14,
14:5:43,35100,4779,1450,14,
14:5:43,35200,4790,1452,14,
14:5:43,35300,4807,1460,14,
14:5:43,35400,4820,1463,14,
14:5:43,35500,4835,1468,14,
14:5:43,35600,4839,1469,14,
14:5:43,35700,4867,1472,14,
14:5:43,35800,4880,1475,14,
14:5:43,35900,4896,1478,14,
14:5:43,36000,4907,1483,14,
14:5:43,36100,4925,1494,14,
14:5:43,36200,4938,1499,14,
14:5:43,36300,4944,1505,14,
14:5:43,36400,4956,1510,16,
14:5:43,36500,4971,1513,16,
14:5:43,36600,4985,1516,16,
14:5:43,36700,4996,1518,16,
14:5:43,36800,5014,1521,16,
14:5:44,36900,5035,1529,16,
14:5:44,37000,5050,1535,16,
14:5:44,37100,5063,1537,16,
14:5:44,37200,5070,1541,16,
14:5:44,37300,5088,1550,16,
14:5:44,37400,5103,1552,16,
14:5:44,37500,5118,1556,16,
14:5:44,37600,5130,1560,18,
14:5:44,37700,5149,1564,18,
14:5:44,37800,5161,1568,18,
14:5:44,37900,5167,1571,18,
14:5:44,38000,5175,1573,18,
14:5:44,38100,5195,1583,18,
14:5:44,38200,5207,1585,18,
14:5:44,38300,5225,1589,18,
14:5:44,38400,5235,1591,18,
14:5:44,38500,5255,1594,18,
14:5:44,38600,5269,1600,18,
14:5:44,38700,5282,1604,18,
14:5:44,38800,5294,1611,18,
14:5:44,38900,5308,1615,18,
14:5:45,39000,5325,1621,18,
14:5:45,39100,5341,1627,18,
14:5:45,39200,5352,1633,18,
14:5:45,39300,5368,1637,18,
14:5:45,39400,5375,1643,18,
14:5:45,39500,5387,1644,18,
14:5:45,39600,5394,1646,18,
14:5:45,39700,5416,1652,18,
14:5:45,39800,5428,1656,18,
14:5:45,39900,5434,1667,18,
14:5:45,40000,5446,1670,20,
14:5:45,40100,5463,1679,20,
14:5:45,40200,5475,1684,20,
14:5:45,40300,5487,1689,20,
14:5:45,40400,5496,1694,20,
14:5:45,40500,5517,1700,20,
14:5:45,40600,5527,1705,20,
14:5:45,40700,5535,1707,20,
14:5:45,40800,5547,1709,20,
14:5:45,40900,5572,1717,20,
14:5:46,41000,5583,1720,20,
14:5:46,41100,5592,1724,20,
14:5:46,41200,5604,1728,20,
14:5:46,41300,5620,1732,20,
14:5:46,41400,5631,1735,20,
14:5:46,41500,5652,1740,20,
14:5:46,41600,5662,1744,20,
14:5:46,41700,5678,1747,20,
14:5:46,41800,5685,1751,20,
14:5:46,41900,5699,1752,22,
14:5:46,42000,5710,1754,22,
14:5:46,42100,5726,1757,22,
14:5:46,42200,5738,1759,22,
14:5:46,42300,5754,1759,22,
14:5:46,42400,5762,1761,22,
14:5:46,42500,5773,1767,22,
14:5:46,42600,5783,1770,22,
14:5:46,42700,5795,1776,22,
14:5:46,42800,5811,1778,22,
14:5:46,42900,5835,1784,22,
14:5:46,43000,5854,1787,22,
14:5:46,43100,5875,1788,22,
14:5:47,43200,5885,1790,22,
14:5:47,43300,5906,1794,22,
14:5:47,43400,5914,1796,22,
14:5:47,43500,5936,1802,22,
14:5:47,43600,5949,1804,22,
14:5:47,43700,5961,1813,22,
14:5:47,43800,5977,1813,22,
14:5:47,43900,5988,1818,22,
14:5:47,44000,6000,1819,22,
14:5:47,44100,6015,1824,22,
14:5:47,44200,6027,1827,22,
14:5:47,44300,6042,1828,22,
14:5:47,44400,6052,1828,22,
14:5:47,44500,6070,1835,22,
14:5:47,44600,6082,1843,22,
14:5:47,44700,6094,1843,22,
14:5:47,44800,6100,1846,22,
14:5:47,44900,6120,1857,22,
14:5:47,45000,6135,1864,22,
14:5:47,45100,6151,1866,22,
14:5:48,45200,6166,1867,22,
14:5:48,45300,6183,1875,22,
14:5:48,45400,6194,1877,22,
14:5:48,45500,6209,1881,22,
14:5:48,45600,6219,1887,22,
14:5:48,45700,6229,1891,22,
14:5:48,45800,6246,1894,22,
14:5:48,45900,6256,1895,22,
14:5:48,46000,6268,1899,22,
14:5:48,46100,6285,1904,22,
14:5:48,46200,6296,1908,22,
14:5:48,46300,6311,1911,22,
14:5:48,46400,6319,1912,22,
14:5:48,46500,6333,1920,22,
14:5:48,46600,6347,1925,22,
14:5:48,46700,6365,1929,22,
14:5:48,46800,6374,1930,22,
14:5:48,46900,6388,1935,22,
14:5:48,47000,6405,1940,22,
14:5:48,47100,6417,1944,22,
14:5:48,47200,6428,1947,22,
14:5:48,47300,6445,1950,22,
14:5:49,47400,6459,1952,22,
14:5:49,47500,6475,1954,22,
14:5:49,47600,6485,1956,22,
14:5:49,47700,6505,1958,22,
14:5:49,47800,6521,1964,22,
14:5:49,47900,6531,1967,22,
14:5:49,48000,6543,1967,22,
14:5:49,48100,6565,1974,22,
14:5:49,48200,6580,1979,22,
14:5:49,48300,6592,1984,22,
14:5:49,48400,6596,1988,24,
14:5:49,48500,6611,1993,24,
14:5:49,48600,6630,1999,24,
14:5:49,48700,6639,2002,24,
14:5:49,48800,6653,2005,24,
14:5:49,48900,6676,2008,24,
14:5:49,49000,6691,2014,24,
14:5:49,49100,6703,2018,24,
14:5:49,49200,6714,2019,26,
14:5:49,49300,6736,2024,26,
14:5:50,49400,6754,2026,26,
14:5:50,49500,6762,2030,26,
14:5:50,49600,6770,2031,26,
14:5:50,49700,6787,2037,26,
14:5:50,49800,6797,2039,26,
14:5:50,49900,6810,2045,28,
14:5:50,50000,6825,2048,28,
14:5:50,50100,6841,2053,28,
14:5:50,50200,6845,2056,28,
14:5:50,50300,6851,2061,28,
14:5:50,50400,6866,2064,28,
14:5:50,50500,6882,2068,28,
14:5:50,50600,6890,2071,28,
14:5:50,50700,6904,2077,28,
14:5:50,50800,6924,2079,28,
14:5:50,50900,6946,2085,28,
14:5:50,51000,6959,2089,28,
14:5:50,51100,6975,2092,28,
14:5:50,51200,6985,2095,28,
14:5:50,51300,7010,2102,28,
14:5:50,51400,7024,2106,28,
14:5:51,51500,7035,2109,28,
14:5:51,51600,7047,2113,28,
14:5:51,51700,7066,2121,28,
14:5:51,51800,7086,2126,28,
14:5:51,51900,7098,2130,28,
14:5:51,52000,7105,2137,28,
14:5:51,52100,7125,2142,28,
14:5:51,52200,7138,2146,28,
14:5:51,52300,7159,2148,28,
14:5:51,52400,7168,2150,28,
14:5:51,52500,7191,2158,28,
14:5:51,52600,7209,2164,28,
14:5:51,52700,7216,2168,28,
14:5:51,52800,7227,2170,28,
14:5:51,52900,7249,2175,28,
14:5:51,53000,7272,2175,28,
14:5:51,53100,7279,2180,30,
14:5:51,53200,7287,2184,30,
14:5:52,53300,7303,2191,30,
14:5:52,53400,7317,2198,30,
14:5:52,53500,7328,2200,30,
14:5:52,53600,7337,2202,30,
14:5:52,53700,7356,2204,30,
14:5:52,53800,7371,2210,30,
14:5:52,53900,7386,2211,30,
14:5:52,54000,7394,2217,30,
14:5:52,54100,7410,2221,30,
14:5:52,54200,7427,2229,30,
14:5:52,54300,7441,2229,30,
14:5:52,54400,7455,2233,30,
14:5:52,54500,7468,2241,30,
14:5:52,54600,7475,2248,30,
14:5:52,54700,7488,2248,30,
14:5:52,54800,7493,2252,30,
14:5:52,54900,7514,2258,30,
14:5:52,55000,7525,2259,30,
14:5:52,55100,7535,2262,30,
14:5:52,55200,7546,2266,30,
14:5:52,55300,7562,2273,30,
14:5:52,55400,7575,2275,30,
14:5:53,55500,7592,2282,30,
14:5:53,55600,7603,2287,30,
14:5:53,55700,7620,2294,30,
14:5:53,55800,7633,2297,30,
14:5:53,55900,7648,2301,30,
14:5:53,56000,7660,2302,30,
14:5:53,56100,7680,2305,30,
14:5:53,56200,7696,2308,30,
14:5:53,56300,7717,2314,30,
14:5:53,56400,7732,2316,30,
14:5:53,56500,7748,2319,30,
14:5:53,56600,7760,2323,30,
14:5:53,56700,7769,2325,30,
14:5:53,56800,7781,2327,30,
14:5:53,56900,7800,2332,30,
14:5:53,57000,7815,2339,30,
14:5:53,57100,7825,2340,30,
14:5:53,57200,7840,2343,30,
14:5:53,57300,7859,2351,30,
14:5:53,57400,7871,2354,30,
14:5:54,57500,7886,2358,30,
14:5:54,57600,7896,2362,30,
14:5:54,57700,7912,2365,30,
14:5:54,57800,7924,2369,30,
14:5:54,57900,7940,2374,32,
14:5:54,58000,7952,2378,32,
14:5:54,58100,7969,2385,32,
14:5:54,58200,7978,2388,32,
14:5:54,58300,7990,2391,32,
14:5:54,58400,7999,2394,32,
14:5:54,58500,8017,2403,32,
14:5:54,58600,8031,2409,32,
14:5:54,58700,8043,2416,32,
14:5:54,58800,8056,2421,32,
14:5:54,58900,8076,2426,32,
14:5:54,59000,8088,2430,32,
14:5:54,59100,8096,2435,34,
14:5:54,59200,8102,2438,34,
14:5:54,59300,8115,2440,34,
14:5:54,59400,8134,2442,34,
14:5:54,59500,8146,2446,34,
14:5:55,59600,8159,2446,34,
14:5:55,59700,8180,2452,34,
14:5:55,59800,8190,2456,34,
14:5:55,59900,8201,2458,34,
14:5:55,60000,8210,2461,34,
14:5:55,60100,8228,2466,34,
14:5:55,60200,8243,2473,34,
14:5:55,60300,8254,2475,34,
14:5:55,60400,8271,2482,34,
14:5:55,60500,8283,2489,34,
14:5:55,60600,8299,2491,34,
14:5:55,60700,8307,2492,34,
14:5:55,60800,8315,2495,34,
14:5:55,60900,8338,2503,34,
14:5:55,61000,8347,2510,34,
14:5:55,61100,8357,2513,34,
14:5:55,61200,8367,2515,34,
14:5:55,61300,8379,2521,34,
14:5:55,61400,8392,2523,34,
14:5:55,61500,8417,2531,34,
14:5:56,61600,8429,2534,34,
14:5:56,61700,8443,2542,34,
14:5:56,61800,8454,2544,34,
14:5:56,61900,8465,2546,34,
14:5:56,62000,8473,2549,34,
14:5:56,62100,8490,2558,34,
14:5:56,62200,8511,2561,34,
14:5:56,62300,8520,2565,34,
14:5:56,62400,8532,2569,34,
14:5:56,62500,8555,2574,34,
14:5:56,62600,8571,2577,34,
14:5:56,62700,8582,2579,34,
14:5:56,62800,8594,2586,34,
14:5:56,62900,8611,2590,34,
14:5:56,63000,8622,2595,34,
14:5:56,63100,8641,2598,34,
14:5:56,63200,8658,2600,34,
14:5:56,63300,8672,2605,34,
14:5:56,63400,8685,2610,34,
14:5:57,63500,8703,2615,34,
14:5:57,63600,8711,2616,34,
14:5:57,63700,8732,2625,34,
14:5:57,63800,8750,2628,34,
14:5:57,63900,8757,2632,34,
14:5:57,64000,8763,2636,34,
14:5:57,64100,8772,2641,34,
14:5:57,64200,8786,2645,34,
14:5:57,64300,8795,2649,34,
14:5:57,64400,8808,2650,34,
14:5:57,64500,8828,2654,34,
14:5:57,64600,8840,2657,34,
14:5:57,64700,8847,2661,34,
14:5:57,64800,8857,2661,34,
14:5:57,64900,8872,2668,34,
14:5:57,65000,8882,2671,34,
14:5:57,65100,8890,2679,34,
14:5:57,65200,8899,2682,34,
14:5:57,65300,8922,2688,34,
14:5:57,65400,8938,2692,34,
14:5:57,65500,8952,2696,34,
14:5:58,65600,8960,2699,34,
14:5:58,65700,8978,2703,34,
14:5:58,65800,8992,2705,34,
14:5:58,65900,9008,2707,34,
14:5:58,66000,9020,2710,34,
14:5:58,66100,9036,2715,34,
14:5:58,66200,9050,2720,34,
14:5:58,66300,9059,2722,34,
14:5:58,66400,9071,2725,34,
14:5:58,66500,9090,2727,34,
14:5:58,66600,9104,2733,34,
14:5:58,66700,9120,2736,34,
14:5:58,66800,9133,2741,34,
14:5:58,66900,9146,2745,34,
14:5:58,67000,9153,2749,34,
14:5:58,67100,9167,2753,34,
14:5:58,67200,9177,2754,34,
14:5:58,67300,9195,2755,34,
14:5:58,67400,9204,2762,34,
14:5:58,67500,9214,2766,34,
14:5:58,67600,9224,2771,34,
14:5:58,67700,9241,2773,34,
14:5:59,67800,9254,2780,34,
14:5:59,67900,9264,2782,34,
14:5:59,68000,9275,2785,34,
14:5:59,68100,9295,2788,34,
14:5:59,68200,9309,2793,34,
14:5:59,68300,9322,2801,36,
14:5:59,68400,9333,2804,36,
14:5:59,68500,9353,2807,36,
14:5:59,68600,9371,2811,36,
14:5:59,68700,9379,2812,36,
14:5:59,68800,9396,2816,36,
14:5:59,68900,9413,2824,36,
14:5:59,69000,9423,2830,36,
14:5:59,69100,9435,2836,36,
14:5:59,69200,9445,2839,36,
14:5:59,69300,9463,2845,36,
14:5:59,69400,9476,2848,36,
14:5:59,69500,9488,2849,36,
14:5:59,69600,9500,2857,36,
14:5:59,69700,9518,2861,36,
14:5:59,69800,9531,2864,36,
14:6:0,69900,9537,2867,36,
14:6:0,70000,9550,2870,36,
14:6:0,70100,9564,2875,36,
14:6:0,70200,9574,2875,36,
14:6:0,70300,9592,2879,36,
14:6:0,70400,9608,2884,38,
14:6:0,70500,9626,2888,40,
14:6:0,70600,9642,2893,40,
14:6:0,70700,9652,2898,40,
14:6:0,70800,9665,2901,40,
14:6:0,70900,9678,2903,40,
14:6:0,71000,9689,2906,40,
14:6:0,71100,9699,2911,40,
14:6:0,71200,9714,2914,40,
14:6:0,71300,9727,2917,40,
14:6:0,71400,9743,2921,40,
14:6:0,71500,9754,2924,40,
14:6:0,71600,9764,2927,40,
14:6:0,71700,9777,2931,40,
14:6:0,71800,9790,2933,42,
14:6:0,71900,9803,2933,42,
14:6:1,72000,9818,2935,42,
14:6:1,72100,9834,2946,42,
14:6:1,72200,9845,2955,42,
14:6:1,72300,9861,2957,42,
14:6:1,72400,9873,2958,42,
14:6:1,72500,9889,2960,42,
14:6:1,72600,9897,2961,42,
14:6:1,72700,9910,2962,42,
14:6:1,72800,9921,2965,42,
14:6:1,72900,9932,2971,42,
14:6:1,73000,9951,2976,42,
14:6:1,73100,9960,2980,42,
14:6:1,73200,9968,2986,42,
14:6:1,73300,9984,2992,42,
14:6:1,73400,9999,2994,42,
14:6:1,73500,10013,2997,42,
14:6:1,73600,10032,2999,42,
14:6:1,73700,10050,3003,42,
14:6:1,73800,10066,3008,42,
14:6:1,73900,10081,3010,42,
14:6:2,74000,10096,3017,42,
14:6:2,74100,10109,3019,42,
14:6:2,74200,10126,3021,42,
14:6:2,74300,10142,3025,42,
14:6:2,74400,10156,3032,44,
14:6:2,74500,10173,3037,44,
14:6:2,74600,10188,3044,44,
14:6:2,74700,10202,3050,44,
14:6:2,74800,10207,3052,44,
14:6:2,74900,10221,3054,44,
14:6:2,75000,10229,3058,44,
14:6:2,75100,10239,3062,44,
14:6:2,75200,10252,3065,44,
14:6:2,75300,10268,3072,44,
14:6:2,75400,10276,3076,44,
14:6:2,75500,10287,3079,44,
14:6:2,75600,10293,3083,44,
14:6:2,75700,10309,3091,44,
14:6:2,75800,10318,3096,44,
14:6:2,75900,10331,3098,44,
14:6:2,76000,10339,3100,44,
14:6:3,76100,10353,3105,44,
14:6:3,76200,10370,3106,44,
14:6:3,76300,10378,3108,44,
14:6:3,76400,10391,3109,44,
14:6:3,76500,10412,3113,44,
14:6:3,76600,10426,3117,44,
14:6:3,76700,10435,3120,44,
14:6:3,76800,10444,3123,44,
14:6:3,76900,10462,3128,44,
14:6:3,77000,10470,3129,44,
14:6:3,77100,10487,3136,44,
14:6:3,77200,10496,3138,44,
14:6:3,77300,10510,3141,44,
14:6:3,77400,10525,3143,44,
14:6:3,77500,10533,3148,44,
14:6:3,77600,10545,3154,44,
14:6:3,77700,10556,3156,44,
14:6:3,77800,10567,3160,44,
14:6:3,77900,10581,3166,44,
14:6:3,78000,10594,3170,46,
14:6:3,78100,10609,3173,46,
14:6:4,78200,10623,3180,46,
14:6:4,78300,10634,3184,46,
14:6:4,78400,10646,3186,46,
14:6:4,78500,10659,3193,46,
14:6:4,78600,10670,3199,46,
14:6:4,78700,10683,3202,46,
14:6:4,78800,10691,3207,46,
14:6:4,78900,10705,3209,46,
14:6:4,79000,10724,3210,46,
14:6:4,79100,10741,3212,46,
14:6:4,79200,10753,3213,46,
14:6:4,79300,10775,3223,46,
14:6:4,79400,10784,3226,46,
14:6:4,79500,10798,3228,46,
14:6:4,79600,10809,3232,48,
14:6:4,79700,10821,3237,50,
14:6:4,79800,10830,3238,50,
14:6:4,79900,10839,3240,50,
14:6:4,80000,10847,3241,50,
14:6:4,80100,10858,3246,50,
14:6:4,80200,10868,3251,50,
14:6:4,80300,10885,3254,50,
14:6:5,80400,10899,3258,50,
14:6:5,80500,10916,3260,50,
14:6:5,80600,10931,3264,52,
14:6:5,80700,10945,3270,54,
14:6:5,80800,10956,3272,54,
14:6:5,80900,10975,3281,54,
14:6:5,81000,10992,3288,54,
14:6:5,81100,11006,3289,54,
14:6:5,81200,11016,3292,54,
14:6:5,81300,11030,3294,54,
14:6:5,81400,11042,3299,54,
14:6:5,81500,11059,3302,54,
14:6:5,81600,11075,3305,54,
14:6:5,81700,11086,3312,54,
14:6:5,81800,11105,3319,54,
14:6:5,81900,11120,3325,54,
14:6:5,82000,11129,3329,54,
14:6:5,82100,11146,3336,54,
14:6:5,82200,11158,3337,54,
14:6:5,82300,11174,3342,54,
14:6:6,82400,11187,3346,54,
14:6:6,82500,11201,3356,54,
14:6:6,82600,11219,3367,54,
14:6:6,82700,11231,3372,54,
14:6:6,82800,11242,3375,54,
14:6:6,82900,11255,3379,54,
14:6:6,83000,11270,3383,54,
14:6:6,83100,11284,3391,54,
14:6:6,83200,11293,3393,54,
14:6:6,83300,11316,3399,54,
14:6:6,83400,11330,3401,54,
14:6:6,83500,11338,3405,54,
14:6:6,83600,11345,3407,54,
14:6:6,83700,11362,3413,54,
14:6:6,83800,11377,3420,54,
14:6:6,83900,11390,3422,54,
14:6:6,84000,11401,3427,54,
14:6:6,84100,11424,3430,54,
14:6:6,84200,11440,3431,54,
14:6:6,84300,11451,3432,54,
14:6:6,84400,11461,3435,54,
14:6:7,84500,11480,3439,54,
14:6:7,84600,11493,3445,54,
14:6:7,84700,11503,3449,54,
14:6:7,84800,11507,3453,54,
14:6:7,84900,11525,3459,54,
14:6:7,85000,11539,3466,54,
14:6:7,85100,11552,3472,54,
14:6:7,85200,11563,3477,54,
14:6:7,85300,11571,3482,54,
14:6:7,85400,11587,3487,54,
14:6:7,85500,11601,3490,54,
14:6:7,85600,11612,3493,54,
14:6:7,85700,11635,3500,54,
14:6:7,85800,11650,3505,54,
14:6:7,85900,11653,3507,54,
14:6:7,86000,11663,3510,54,
14:6:7,86100,11676,3516,54,
14:6:7,86200,11695,3518,54,
14:6:7,86300,11714,3520,54,
14:6:7,86400,11727,3521,54,
14:6:7,86500,11742,3528,54,
14:6:8,86600,11756,3528,54,
14:6:8,86700,11763,3532,54,
14:6:8,86800,11775,3533,54,
14:6:8,86900,11796,3543,54,
14:6:8,87000,11810,3547,54,
14:6:8,87100,11818,3550,54,
14:6:8,87200,11833,3550,54,
14:6:8,87300,11848,3556,54,
14:6:8,87400,11853,3563,54,
14:6:8,87500,11861,3568,54,
14:6:8,87600,11880,3569,54,
14:6:8,87700,11902,3573,54,
14:6:8,87800,11913,3575,54,
14:6:8,87900,11922,3581,54,
14:6:8,88000,11937,3585,54,
14:6:8,88100,11956,3590,54,
14:6:8,88200,11973,3597,54,
14:6:8,88300,11986,3601,54,
14:6:8,88400,11994,3606,54,
14:6:8,88500,12011,3615,54,
14:6:9,88600,12022,3620,54,
14:6:9,88700,12038,3624,54,
14:6:9,88800,12060,3628,54,
14:6:9,88900,12077,3640,54,
14:6:9,89000,12090,3648,54,
14:6:9,89100,12102,3653,54,
14:6:9,89200,12106,3654,54,
14:6:9,89300,12128,3660,54,
14:6:9,89400,12146,3663,54,
14:6:9,89500,12153,3668,54,
14:6:9,89600,12167,3671,54,
14:6:9,89700,12186,3678,54,
14:6:9,89800,12199,3685,54,
14:6:9,89900,12209,3688,54,
14:6:9,90000,12217,3692,54,
14:6:9,90100,12231,3697,54,
14:6:9,90200,12248,3701,54,
14:6:9,90300,12261,3707,54,
14:6:9,90400,12275,3710,54,
14:6:10,90500,12289,3718,54,
14:6:10,90600,12300,3723,54,
14:6:10,90700,12312,3727,54,
14:6:10,90800,12323,3730,54,
14:6:10,90900,12338,3733,54,
14:6:10,91000,12353,3737,54,
14:6:10,91100,12367,3744,54,
14:6:10,91200,12377,3751,54,
14:6:10,91300,12397,3760,54,
14:6:10,91400,12413,3763,54,
14:6:10,91500,12421,3764,54,
14:6:10,91600,12437,3768,54,
14:6:10,91700,12457,3771,54,
14:6:10,91800,12472,3775,54,
14:6:10,91900,12480,3777,54,
14:6:10,92000,12494,3779,54,
14:6:10,92100,12508,3783,54,
14:6:10,92200,12524,3789,54,
14:6:10,92300,12535,3794,54,
14:6:10,92400,12552,3796,54,
14:6:10,92500,12565,3804,54,
14:6:11,92600,12576,3809,54,
14:6:11,92700,12584,3812,54,
14:6:11,92800,12596,3817,54,
14:6:11,92900,12622,3823,54,
14:6:11,93000,12638,3825,54,
14:6:11,93100,12658,3831,54,
14:6:11,93200,12667,3834,54,
14:6:11,93300,12689,3838,54,
14:6:11,93400,12704,3843,54,
14:6:11,93500,12719,3845,54,
14:6:11,93600,12732,3846,54,
14:6:11,93700,12741,3853,54,
14:6:11,93800,12755,3855,54,
14:6:11,93900,12764,3858,54,
14:6:11,94000,12776,3862,54,
14:6:11,94100,12801,3868,54,
14:6:11,94200,12815,3872,56,
14:6:11,94300,12827,3877,56,
14:6:11,94400,12837,3881,56,
14:6:12,94500,12863,3889,56,
14:6:12,94600,12877,3894,56,
14:6:12,94700,12888,3898,56,
14:6:12,94800,12897,3902,56,
14:6:12,94900,12913,3908,56,
14:6:12,95000,12928,3911,56,
14:6:12,95100,12947,3914,56,
14:6:12,95200,12962,3918,56,
14:6:12,95300,12978,3929,56,
14:6:12,95400,12996,3936,56,
14:6:12,95500,13010,3944,56,
14:6:12,95600,13022,3946,56,
14:6:12,95700,13045,3952,56,
14:6:12,95800,13060,3954,56,
14:6:12,95900,13075,3957,56,
14:6:12,96000,13091,3962,56,
14:6:12,96100,13112,3968,56,
14:6:12,96200,13122,3972,58,
14:6:12,96300,13133,3980,58,
14:6:12,96400,13146,3982,58,
14:6:13,96500,13164,3985,58,
14:6:13,96600,13177,3989,58,
14:6:13,96700,13194,3991,58,
14:6:13,96800,13204,3993,58,
14:6:13,96900,13231,3999,58,
14:6:13,97000,13244,4004,58,
14:6:13,97100,13250,4008,58,
14:6:13,97200,13267,4011,58,
14:6:13,97300,13283,4016,58,
14:6:13,97400,13294,4022,58,
14:6:13,97500,13305,4024,58,
14:6:13,97600,13318,4027,58,
14:6:13,97700,13335,4032,58,
14:6:13,97800,13347,4034,58,
14:6:13,97900,13358,4038,58,
14:6:13,98000,13375,4042,58,
14:6:13,98100,13390,4048,58,
14:6:13,98200,13409,4050,58,
14:6:13,98300,13427,4051,58,
14:6:13,98400,13435,4058,58,
14:6:14,98500,13459,4063,58,
14:6:14,98600,13470,4066,58,
14:6:14,98700,13478,4069,58,
14:6:14,98800,13491,4073,58,
14:6:14,98900,13501,4076,58,
14:6:14,99000,13523,4082,58,
14:6:14,99100,13538,4083,58,
14:6:14,99200,13549,4090,58,
14:6:14,99300,13565,4093,58,
14:6:14,99400,13577,4099,58,
14:6:14,99500,13583,4102,58,
14:6:14,99600,13595,4105,58,
14:6:14,99700,13608,4108,58,
14:6:14,99800,13617,4113,58,
14:6:14,99900,13635,4117,58,
14:6:14,100000,13644,4119,58,
14:6:14,100100,13664,4122,58,
14:6:14,100200,13685,4127,58,
14:6:14,100300,13699,4131,58,
14:6:14,100400,13707,4134,58,
14:6:14,100500,13719,4137,58,
14:6:15,100600,13728,4142,58,
14:6:15,100700,13735,4144,58,
14:6:15,100800,13743,4146,58,
14:6:15,100900,13761,4153,58,
14:6:15,101000,13770,4154,58,
14:6:15,101100,13784,4160,58,
14:6:15,101200,13792,4164,58,
14:6:15,101300,13816,4170,58,
14:6:15,101400,13833,4177,58,
14:6:15,101500,13841,4178,58,
14:6:15,101600,13859,4179,58,
14:6:15,101700,13871,4181,58,
14:6:15,101800,13884,4183,58,
14:6:15,101900,13895,4187,58,
14:6:15,102000,13904,4191,58,
14:6:15,102100,13928,4197,58,
14:6:15,102200,13936,4200,58,
14:6:15,102300,13948,4204,58,
14:6:15,102400,13955,4209,58,
14:6:15,102500,13976,4215,58,
14:6:15,102600,13985,4219,58,
14:6:16,102700,13996,4220,58,
14:6:16,102800,14009,4227,58,
14:6:16,102900,14026,4233,58,
14:6:16,103000,14037,4236,58,
14:6:16,103100,14055,4240,58,
14:6:16,103200,14061,4242,58,
14:6:16,103300,14081,4248,58,
14:6:16,103400,14098,4252,58,
14:6:16,103500,14107,4252,58,
14:6:16,103600,14124,4252,58,
14:6:16,103700,14140,4256,58,
14:6:16,103800,14151,4258,58,
14:6:16,103900,14163,4262,58,
14:6:16,104000,14175,4262,58,
14:6:16,104100,14192,4268,58,
14:6:16,104200,14208,4272,58,
14:6:16,104300,14220,4277,58,
14:6:16,104400,14226,4280,58,
14:6:16,104500,14249,4286,58,
14:6:16,104600,14260,4293,58,
14:6:16,104700,14276,4299,58,
14:6:17,104800,14291,4304,58,
14:6:17,104900,14314,4315,58,
14:6:17,105000,14334,4319,58,
14:6:17,105100,14345,4321,58,
14:6:17,105200,14358,4328,58,
14:6:17,105300,14377,4336,58,
14:6:17,105400,14389,4339,58,
14:6:17,105500,14403,4344,58,
14:6:17,105600,14413,4349,58,
14:6:17,105700,14436,4353,58,
14:6:17,105800,14443,4359,58,
14:6:17,105900,14463,4366,58,
14:6:17,106000,14472,4370,58,
14:6:17,106100,14493,4375,58,
14:6:17,106200,14507,4377,58,
14:6:17,106300,14522,4381,58,
14:6:17,106400,14532,4385,58,
14:6:17,106500,14550,4388,58,
14:6:17,106600,14565,4392,58,
14:6:18,106700,14579,4394,58,
14:6:18,106800,14591,4401,58,
14:6:18,106900,14615,4405,58,
14:6:18,107000,14628,4413,58,
14:6:18,107100,14638,4416,58,
14:6:18,107200,14651,4419,58,
14:6:18,107300,14669,4424,58,
14:6:18,107400,14683,4428,58,
14:6:18,107500,14699,4434,58,
14:6:18,107600,14709,4434,58,
14:6:18,107700,14724,4443,58,
14:6:18,107800,14741,4447,58,
14:6:18,107900,14754,4451,58,
14:6:18,108000,14763,4454,58,
14:6:18,108100,14785,4459,58,
14:6:18,108200,14799,4462,58,
14:6:18,108300,14817,4469,58,
14:6:18,108400,14831,4473,58,
14:6:18,108500,14848,4479,58,
14:6:19,108600,14861,4481,58,
14:6:19,108700,14876,4485,58,
14:6:19,108800,14879,4488,58,
14:6:19,108900,14895,4493,58,
14:6:19,109000,14906,4500,58,
14:6:19,109100,14914,4504,58,
14:6:19,109200,14923,4507,58,
14:6:19,109300,14943,4511,60,
14:6:19,109400,14960,4514,60,
14:6:19,109500,14973,4517,60,
14:6:19,109600,14992,4524,60,
14:6:19,109700,15009,4534,60,
14:6:19,109800,15028,4537,60,
14:6:19,109900,15045,4543,60,
14:6:19,110000,15066,4544,60,
14:6:19,110100,15090,4552,60,
14:6:19,110200,15103,4557,60,
14:6:19,110300,15110,4557,60,
14:6:19,110400,15117,4561,60,
14:6:19,110500,15132,4566,60,
14:6:20,110600,15146,4572,60,
14:6:20,110700,15152,4575,60,
14:6:20,110800,15166,4579,60,
14:6:20,110900,15187,4582,60,
14:6:20,111000,15200,4589,60,
14:6:20,111100,15214,4596,60,
14:6:20,111200,15224,4599,60,
14:6:20,111300,15241,4608,60,
14:6:20,111400,15258,4612,60,
14:6:20,111500,15270,4615,60,
14:6:20,111600,15279,4620,60,
14:6:20,111700,15302,4621,60,
14:6:20,111800,15311,4622,60,
14:6:20,111900,15321,4625,60,
14:6:20,112000,15339,4629,60,
14:6:20,112100,15353,4634,60,
14:6:20,112200,15365,4638,60,
14:6:20,112300,15373,4640,60,
14:6:20,112400,15388,4645,60,
14:6:20,112500,15413,4654,60,
14:6:20,112600,15426,4657,60,
14:6:21,112700,15443,4660,60,
14:6:21,112800,15456,4660,60,
14:6:21,112900,15468,4669,60,
14:6:21,113000,15485,4675,60,
14:6:21,113100,15496,4679,60,
14:6:21,113200,15499,4685,60,
14:6:21,113300,15512,4692,60,
14:6:21,113400,15525,4696,60,
14:6:21,113500,15544,4702,60,
14:6:21,113600,15557,4710,60,
14:6:21,113700,15575,4716,60,
14:6:21,113800,15584,4717,60,
14:6:21,113900,15590,4720,60,
14:6:21,114000,15607,4721,60,
14:6:21,114100,15623,4725,60,
14:6:21,114200,15634,4728,60,
14:6:21,114300,15647,4732,60,
14:6:21,114400,15657,4736,60,
14:6:21,114500,15673,4741,60,
14:6:21,114600,15691,4742,60,
14:6:21,114700,15707,4745,60,
14:6:22,114800,15710,4748,60,
14:6:22,114900,15734,4755,60,
14:6:22,115000,15745,4763,60,
14:6:22,115100,15755,4766,60,
14:6:22,115200,15764,4768,60,
14:6:22,115300,15786,4773,60,
14:6:22,115400,15799,4775,60,
14:6:22,115500,15811,4780,60,
14:6:22,115600,15824,4784,60,
14:6:22,115700,15842,4786,60,
14:6:22,115800,15857,4790,60,
14:6:22,115900,15871,4793,60,
14:6:22,116000,15879,4797,60,
14:6:22,116100,15891,4805,60,
14:6:22,116200,15901,4809,60,
14:6:22,116300,15912,4811,60,
14:6:22,116400,15923,4813,60,
14:6:22,116500,15942,4815,60,
14:6:22,116600,15955,4817,60,
14:6:22,116700,15967,4817,60,
14:6:22,116800,15981,4818,60,
14:6:23,116900,16005,4826,60,
14:6:23,117000,16014,4827,60,
14:6:23,117100,16030,4830,60,
14:6:23,117200,16040,4832,60,
14:6:23,117300,16055,4836,60,
14:6:23,117400,16071,4842,60,
14:6:23,117500,16086,4844,60,
14:6:23,117600,16099,4845,60,
14:6:23,117700,16117,4851,60,
14:6:23,117800,16133,4857,60,
14:6:23,117900,16144,4863,60,
14:6:23,118000,16151,4867,60,
14:6:23,118100,16168,4869,60,
14:6:23,118200,16180,4875,60,
14:6:23,118300,16197,4882,60,
14:6:23,118400,16207,4887,60,
14:6:23,118500,16225,4895,62,
14:6:23,118600,16243,4900,62,
14:6:23,118700,16255,4904,62,
14:6:23,118800,16264,4909,62,
14:6:24,118900,16288,4918,62,
14:6:24,119000,16299,4921,62,
14:6:24,119100,16309,4928,64,
14:6:24,119200,16317,4933,64,
14:6:24,119300,16334,4936,64,
14:6:24,119400,16351,4939,64,
14:6:24,119500,16364,4944,64,
14:6:24,119600,16373,4948,64,
14:6:24,119700,16391,4951,64,
14:6:24,119800,16402,4960,64,
14:6:24,119900,16414,4961,64,
14:6:24,120000,16428,4963,64,
14:6:24,120100,16452,4969,64,
14:6:24,120200,16466,4973,64,
14:6:24,120300,16478,4975,64,
14:6:24,120400,16485,4976,64,
14:6:24,120500,16507,4980,64,
14:6:24,120600,16517,4988,64,
14:6:24,120700,16534,4989,64,
14:6:24,120800,16545,4994,64,
14:6:24,120900,16567,4997,64,
14:6:25,121000,16579,5002,64,
14:6:25,121100,16595,5005,64,
14:6:25,121200,16614,5007,64,
14:6:25,121300,16628,5008,64,
14:6:25,121400,16639,5010,64,
14:6:25,121500,16652,5012,64,
14:6:25,121600,16661,5013,64,
14:6:25,121700,16682,5018,64,
14:6:25,121800,16691,5024,64,
14:6:25,121900,16701,5027,64,
14:6:25,122000,16713,5030,64,
14:6:25,122100,16729,5038,64,
14:6:25,122200,16751,5044,64,
14:6:25,122300,16772,5050,64,
14:6:25,122400,16783,5055,64,
14:6:25,122500,16790,5063,64,
14:6:25,122600,16803,5070,64,
14:6:25,122700,16818,5073,64,
14:6:25,122800,16833,5077,64,
14:6:25,122900,16855,5084,66,
14:6:26,123000,16867,5086,66,
14:6:26,123100,16879,5091,66,
14:6:26,123200,16891,5094,66,
14:6:26,123300,16911,5101,66,
14:6:26,123400,16928,5103,66,
14:6:26,123500,16943,5108,66,
14:6:26,123600,16952,5113,66,
14:6:26,123700,16974,5118,66,
14:6:26,123800,16983,5122,66,
14:6:26,123900,17001,5123,66,
14:6:26,124000,17012,5125,68,
14:6:26,124100,17034,5129,68,
14:6:26,124200,17052,5132,70,
14:6:26,124300,17066,5136,70,
14:6:26,124400,17083,5141,70,
14:6:26,124500,17099,5143,70,
14:6:26,124600,17115,5145,70,
14:6:26,124700,17126,5149,70,
14:6:27,124800,17135,5158,70,
14:6:27,124900,17150,5160,70,
14:6:27,125000,17162,5164,70,
14:6:27,125100,17176,5167,70,
14:6:27,125200,17190,5170,70,
14:6:27,125300,17214,5171,70,
14:6:27,125400,17230,5175,70,
14:6:27,125500,17240,5181,70,
14:6:27,125600,17250,5184,70,
14:6:27,125700,17269,5189,70,
14:6:27,125800,17281,5191,70,
14:6:27,125900,17292,5194,70,
14:6:27,126000,17305,5194,70,
14:6:27,126100,17323,5200,70,
14:6:27,126200,17336,5202,70,
14:6:27,126300,17348,5204,70,
14:6:27,126400,17356,5206,70,
14:6:27,126500,17372,5211,70,
14:6:27,126600,17386,5213,70,
14:6:27,126700,17396,5217,70,
14:6:27,126800,17405,5219,70,
14:6:28,126900,17420,5223,70,
14:6:28,127000,17428,5227,70,
14:6:28,127100,17439,5233,70,
14:6:28,127200,17446,5234,70,
14:6:28,127300,17468,5237,70,
14:6:28,127400,17481,5242,70,
14:6:28,127500,17495,5246,70,
14:6:28,127600,17503,5250,70,
14:6:28,127700,17520,5258,70,
14:6:28,127800,17532,5262,70,
14:6:28,127900,17545,5263,70,
14:6:28,128000,17558,5263,70,
14:6:28,128100,17575,5266,70,
14:6:28,128200,17593,5272,70,
14:6:28,128300,17605,5275,70,
14:6:28,128400,17621,5280,70,
14:6:28,128500,17637,5284,70,
14:6:28,128600,17649,5287,70,
14:6:28,128700,17664,5291,70,
14:6:28,128800,17676,5294,70,
14:6:28,128900,17696,5299,70,
14:6:29,129000,17707,5302,70,
14:6:29,129100,17718,5305,70,
14:6:29,129200,17725,5310,70,
14:6:29,129300,17740,5313,70,
14:6:29,129400,17756,5316,70,
14:6:29,129500,17763,5321,70,
14:6:29,129600,17778,5326,70,
14:6:29,129700,17798,5331,70,
14:6:29,129800,17812,5332,70,
14:6:29,129900,17822,5335,70,
14:6:29,130000,17830,5340,70,
14:6:29,130100,17850,5341,70,
14:6:29,130200,17860,5348,70,
14:6:29,130300,17872,5350,70,
14:6:29,130400,17879,5353,70,
14:6:29,130500,17897,5356,70,
14:6:29,130600,17912,5357,70,
14:6:29,130700,17923,5358,70,
14:6:29,130800,17930,5361,70,
14:6:29,130900,17947,5368,70,
14:6:29,131000,17955,5371,70,
14:6:29,131100,17964,5376,70,
14:6:30,131200,17974,5381,70,
14:6:30,131300,18002,5387,70,
14:6:30,131400,18016,5390,70,
14:6:30,131500,18027,5396,70,
14:6:30,131600,18040,5399,70,
14:6:30,131700,18064,5404,70,
14:6:30,131800,18080,5406,70,
14:6:30,131900,18092,5411,70,
14:6:30,132000,18098,5414,70,
14:6:30,132100,18115,5418,70,
14:6:30,132200,18126,5421,70,
14:6:30,132300,18134,5426,70,
14:6:30,132400,18148,5430,70,
14:6:30,132500,18170,5433,70,
14:6:30,132600,18186,5436,70,
14:6:30,132700,18201,5440,70,
14:6:30,132800,18209,5441,70,
14:6:30,132900,18235,5449,72,
14:6:30,133000,18251,5454,72,
14:6:31,133100,18264,5455,72,
14:6:31,133200,18273,5458,72,
14:6:31,133300,18286,5461,72,
14:6:31,133400,18297,5465,72,
14:6:31,133500,18311,5469,72,
14:6:31,133600,18318,5471,72,
14:6:31,133700,18334,5479,72,
14:6:31,133800,18347,5483,72,
14:6:31,133900,18359,5486,72,
14:6:31,134000,18370,5489,72,
14:6:31,134100,18386,5494,72,
14:6:31,134200,18403,5494,72,
14:6:31,134300,18413,5500,72,
14:6:31,134400,18421,5501,72,
14:6:31,134500,18440,5506,72,
14:6:31,134600,18457,5515,72,
14:6:31,134700,18471,5519,72,
14:6:31,134800,18478,5522,72,
14:6:31,134900,18493,5527,72,
14:6:31,135000,18503,5531,72,
14:6:31,135100,18518,5534,72,
14:6:32,135200,18531,5538,72,
14:6:32,135300,18546,5541,72,
14:6:32,135400,18555,5544,72,
14:6:32,135500,18565,5546,72,
14:6:32,135600,18579,5549,72,
14:6:32,135700,18605,5556,72,
14:6:32,135800,18616,5563,72,
14:6:32,135900,18627,5573,72,
14:6:32,136000,18639,5575,72,
14:6:32,136100,18657,5582,72,
14:6:32,136200,18668,5587,72,
14:6:32,136300,18682,5590,72,
14:6:32,136400,18694,5593,72,
14:6:32,136500,18705,5597,72,
14:6:32,136600,18719,5610,72,
14:6:32,136700,18728,5612,72,
14:6:32,136800,18742,5616,72,
14:6:32,136900,18760,5618,72,
14:6:32,137000,18775,5624,72,
14:6:32,137100,18785,5627,72,
14:6:33,137200,18787,5631,72,
14:6:33,137300,18803,5638,72,
14:6:33,137400,18816,5639,72,
14:6:33,137500,18824,5645,72,
14:6:33,137600,18833,5648,72,
14:6:33,137700,18844,5654,72,
14:6:33,137800,18855,5662,72,
14:6:33,137900,18868,5664,72,
14:6:33,138000,18875,5669,72,
14:6:33,138100,18888,5672,72,
14:6:33,138200,18901,5674,72,
14:6:33,138300,18917,5676,72,
14:6:33,138400,18936,5678,74,
14:6:33,138500,18952,5683,74,
14:6:33,138600,18968,5688,74,
14:6:33,138700,18979,5691,74,
14:6:33,138800,18989,5693,74,
14:6:33,138900,19008,5697,74,
14:6:33,139000,19027,5702,74,
14:6:33,139100,19041,5704,74,
14:6:33,139200,19056,5705,74,
14:6:34,139300,19067,5707,74,
14:6:34,139400,19080,5711,74,
14:6:34,139500,19094,5714,74,
14:6:34,139600,19107,5717,74,
14:6:34,139700,19126,5725,74,
14:6:34,139800,19141,5729,74,
14:6:34,139900,19152,5732,74,
14:6:34,140000,19165,5737,74,
14:6:34,140100,19179,5749,74,
14:6:34,140200,19189,5751,74,
14:6:34,140300,19203,5754,74,
14:6:34,140400,19222,5758,74,
14:6:34,140500,19243,5760,74,
14:6:34,140600,19257,5764,74,
14:6:34,140700,19263,5768,74,
14:6:34,140800,19273,5770,74,
14:6:34,140900,19284,5777,74,
14:6:34,141000,19295,5783,74,
14:6:34,141100,19303,5787,74,
14:6:34,141200,19313,5788,74,
14:6:34,141300,19335,5795,74,
14:6:35,141400,19351,5800,74,
14:6:35,141500,19361,5804,74,
14:6:35,141600,19373,5808,74,
14:6:35,141700,19398,5813,74,
14:6:35,141800,19418,5819,74,
14:6:35,141900,19432,5819,74,
14:6:35,142000,19443,5821,74,
14:6:35,142100,19456,5823,76,
14:6:35,142200,19472,5826,76,
14:6:35,142300,19483,5827,76,
14:6:35,142400,19493,5829,76,
14:6:35,142500,19509,5834,76,
14:6:35,142600,19526,5838,76,
14:6:35,142700,19530,5844,76,
14:6:35,142800,19539,5845,76,
14:6:35,142900,19552,5849,76,
14:6:35,143000,19565,5851,76,
14:6:35,143100,19573,5856,76,
14:6:35,143200,19581,5862,76,
14:6:35,143300,19594,5868,76,
14:6:35,143400,19606,5869,76,
14:6:36,143500,19617,5875,76,
14:6:36,143600,19632,5876,76,
14:6:36,143700,19655,5879,76,
14:6:36,143800,19672,5883,76,
14:6:36,143900,19677,5890,76,
14:6:36,144000,19687,5893,76,
14:6:36,144100,19702,5899,76,
14:6:36,144200,19721,5903,76,
14:6:36,144300,19737,5908,76,
14:6:36,144400,19746,5909,76,
14:6:36,144500,19762,5914,76,
14:6:36,144600,19778,5920,76,
14:6:36,144700,19790,5924,76,
14:6:36,144800,19799,5926,76,
14:6:36,144900,19815,5930,76,
14:6:36,145000,19828,5936,76,
14:6:36,145100,19838,5938,76,
14:6:36,145200,19851,5941,76,
14:6:36,145300,19869,5946,76,
14:6:36,145400,19878,5948,76,
14:6:37,145500,19891,5952,76,
14:6:37,145600,19901,5957,76,
14:6:37,145700,19912,5960,76,
14:6:37,145800,19924,5963,76,
14:6:37,145900,19932,5965,76,
14:6:37,146000,19951,5969,76,
14:6:37,146100,19966,5974,76,
14:6:37,146200,19974,5981,76,
14:6:37,146300,19983,5986,76,
14:6:37,146400,19994,5992,76,
14:6:37,146500,20004,6001,76,
14:6:37,146600,20021,6006,76,
14:6:37,146700,20036,6007,76,
14:6:37,146800,20048,6008,76,
14:6:37,146900,20071,6014,76,
14:6:37,147000,20088,6019,76,
14:6:37,147100,20098,6021,76,
14:6:37,147200,20103,6025,76,
14:6:37,147300,20121,6029,76,
14:6:37,147400,20134,6036,76,
14:6:37,147500,20140,6042,76,
14:6:38,147600,20151,6048,76,
14:6:38,147700,20173,6053,76,
14:6:38,147800,20189,6058,76,
14:6:38,147900,20205,6060,76,
14:6:38,148000,20214,6066,76,
14:6:38,148100,20230,6072,76,
14:6:38,148200,20244,6078,76,
14:6:38,148300,20258,6082,76,
14:6:38,148400,20267,6085,76,
14:6:38,148500,20288,6090,76,
14:6:38,148600,20300,6097,76,
14:6:38,148700,20309,6101,76,
14:6:38,148800,20321,6104,76,
14:6:38,148900,20344,6109,76,
14:6:38,149000,20357,6112,76,
14:6:38,149100,20373,6117,76,
14:6:38,149200,20389,6120,76,
14:6:38,149300,20408,6125,76,
14:6:38,149400,20422,6128,76,
14:6:38,149500,20439,6131,76,
14:6:39,149600,20449,6136,76,
14:6:39,149700,20467,6146,76,
14:6:39,149800,20482,6150,76,
14:6:39,149900,20491,6154,76,
14:6:39,150000,20499,6155,76,
14:6:39,150100,20521,6159,76,
14:6:39,150200,20533,6162,76,
14:6:39,150300,20542,6164,76,
14:6:39,150400,20556,6168,76,
14:6:39,150500,20570,6174,76,
14:6:39,150600,20582,6179,76,
14:6:39,150700,20597,6184,76,
14:6:39,150800,20615,6187,76,
14:6:39,150900,20640,6191,76,
14:6:39,151000,20656,6195,76,
14:6:39,151100,20669,6200,76,
14:6:39,151200,20676,6204,76,
14:6:39,151300,20707,6210,76,
14:6:39,151400,20720,6217,76,
14:6:40,151500,20729,6221,76,
14:6:40,151600,20743,6225,76,
14:6:40,151700,20767,6226,76,
14:6:40,151800,20778,6229,76,
14:6:40,151900,20786,6234,76,
14:6:40,152000,20796,6241,76,
14:6:40,152100,20818,6250,76,
14:6:40,152200,20834,6253,76,
14:6:40,152300,20844,6255,78,
14:6:40,152400,20854,6259,78,
14:6:40,152500,20871,6262,78,
14:6:40,152600,20893,6266,80,
14:6:40,152700,20903,6270,80,
14:6:40,152800,20919,6272,80,
14:6:40,152900,20936,6275,80,
14:6:40,153000,20946,6278,80,
14:6:40,153100,20954,6284,80,
14:6:40,153200,20963,6285,80,
14:6:40,153300,20981,6291,80,
14:6:40,153400,20988,6291,80,
14:6:40,153500,21004,6293,80,
14:6:41,153600,21011,6297,80,
14:6:41,153700,21029,6302,80,
14:6:41,153800,21045,6307,80,
14:6:41,153900,21057,6311,80,
14:6:41,154000,21066,6316,80,
14:6:41,154100,21084,6322,80,
14:6:41,154200,21097,6326,80,
14:6:41,154300,21112,6331,80,
14:6:41,154400,21121,6333,80,
14:6:41,154500,21138,6337,80,
14:6:41,154600,21150,6342,80,
14:6:41,154700,21165,6344,80,
14:6:41,154800,21174,6352,80,
14:6:41,154900,21186,6359,80,
14:6:41,155000,21198,6363,80,
14:6:41,155100,21207,6368,80,
14:6:41,155200,21222,6370,80,
14:6:41,155300,21238,6376,80,
14:6:41,155400,21248,6382,80,
14:6:41,155500,21260,6386,80,
14:6:41,155600,21267,6390,80,
14:6:42,155700,21281,6399,80,
14:6:42,155800,21293,6402,80,
14:6:42,155900,21303,6411,80,
14:6:42,156000,21316,6415,80,
14:6:42,156100,21344,6417,80,
14:6:42,156200,21362,6421,80,
14:6:42,156300,21369,6422,80,
14:6:42,156400,21380,6425,80,
14:6:42,156500,21391,6428,82,
14:6:42,156600,21403,6437,82,
14:6:42,156700,21416,6447,82,
14:6:42,156800,21432,6452,82,
14:6:42,156900,21438,6456,82,
14:6:42,157000,21447,6464,82,
14:6:42,157100,21457,6467,82,
14:6:42,157200,21471,6471,82,
14:6:42,157300,21489,6478,82,
14:6:42,157400,21512,6484,82,
14:6:42,157500,21525,6491,82,
14:6:42,157600,21534,6495,82,
14:6:43,157700,21552,6502,82,
14:6:43,157800,21559,6504,82,
14:6:43,157900,21566,6508,82,
14:6:43,158000,21576,6510,82,
14:6:43,158100,21593,6514,82,
14:6:43,158200,21609,6516,82,
14:6:43,158300,21619,6518,82,
14:6:43,158400,21625,6522,82,
14:6:43,158500,21648,6526,82,
14:6:43,158600,21660,6534,82,
14:6:43,158700,21673,6537,82,
14:6:43,158800,21684,6540,82,
14:6:43,158900,21698,6546,82,
14:6:43,159000,21711,6549,82,
14:6:43,159100,21718,6551,82,
14:6:43,159200,21732,6558,82,
14:6:43,159300,21742,6559,82,
14:6:43,159400,21749,6563,82,
14:6:43,159500,21765,6568,82,
14:6:43,159600,21783,6569,82,
14:6:43,159700,21799,6574,82,
14:6:43,159800,21808,6584,82,
14:6:44,159900,21823,6589,82,
14:6:44,160000,21839,6595,82,
14:6:44,160100,21859,6601,82,
14:6:44,160200,21876,6604,82,
14:6:44,160300,21889,6606,82,
14:6:44,160400,21895,6608,82,
14:6:44,160500,21908,6616,82,
14:6:44,160600,21926,6623,82,
14:6:44,160700,21941,6627,82,
14:6:44,160800,21951,6631,82,
14:6:44,160900,21972,6637,82,
14:6:44,161000,21987,6641,82,
14:6:44,161100,21992,6645,82,
14:6:44,161200,22004,6645,82,
14:6:44,161300,22024,6649,82,
14:6:44,161400,22041,6652,82,
14:6:44,161500,22053,6656,82,
14:6:44,161600,22069,6657,82,
14:6:44,161700,22087,6663,82,
14:6:44,161800,22099,6668,82,
14:6:45,161900,22106,6672,82,
14:6:45,162000,22120,6677,82,
14:6:45,162100,22134,6684,82,
14:6:45,162200,22140,6689,82,
14:6:45,162300,22157,6691,82,
14:6:45,162400,22167,6696,82,
14:6:45,162500,22179,6698,82,
14:6:45,162600,22187,6700,82,
14:6:45,162700,22195,6702,82,
14:6:45,162800,22201,6705,82,
14:6:45,162900,22219,6713,82,
14:6:45,163000,22233,6717,82,
14:6:45,163100,22243,6723,82,
14:6:45,163200,22251,6724,82,
14:6:45,163300,22268,6729,82,
14:6:45,163400,22283,6732,82,
14:6:45,163500,22292,6737,82,
14:6:45,163600,22301,6741,82,
14:6:45,163700,22318,6746,82,
14:6:45,163800,22328,6756,82,
14:6:45,163900,22347,6758,82,
14:6:45,164000,22357,6760,82,
14:6:46,164100,22378,6766,82,
14:6:46,164200,22397,6769,82,
14:6:46,164300,22408,6772,82,
14:6:46,164400,22414,6773,82,
14:6:46,164500,22432,6777,82,
14:6:46,164600,22446,6781,82,
14:6:46,164700,22456,6783,82,
14:6:46,164800,22465,6785,84,
14:6:46,164900,22481,6790,84,
14:6:46,165000,22493,6794,84,
14:6:46,165100,22500,6801,84,
14:6:46,165200,22517,6807,84,
14:6:46,165300,22537,6813,84,
14:6:46,165400,22556,6815,84,
14:6:46,165500,22574,6818,84,
14:6:46,165600,22583,6820,84,
14:6:46,165700,22605,6826,84,
14:6:46,165800,22620,6829,84,
14:6:46,165900,22627,6836,84,
14:6:46,166000,22629,6837,84,
14:6:47,166100,22642,6844,84,
14:6:47,166200,22654,6849,84,
14:6:47,166300,22661,6855,84,
14:6:47,166400,22671,6860,84,
14:6:47,166500,22686,6864,84,
14:6:47,166600,22699,6866,84,
14:6:47,166700,22712,6868,84,
14:6:47,166800,22726,6870,84,
14:6:47,166900,22742,6876,84,
14:6:47,167000,22755,6882,84,
14:6:47,167100,22769,6885,84,
14:6:47,167200,22779,6890,84,
14:6:47,167300,22792,6899,84,
14:6:47,167400,22803,6901,84,
14:6:47,167500,22811,6903,84,
14:6:47,167600,22824,6905,84,
14:6:47,167700,22847,6910,84,
14:6:47,167800,22861,6912,84,
14:6:47,167900,22873,6914,84,
14:6:47,168000,22888,6918,84,
14:6:47,168100,22905,6921,84,
14:6:48,168200,22920,6924,84,
14:6:48,168300,22930,6928,84,
14:6:48,168400,22939,6932,84,
14:6:48,168500,22954,6937,84,
14:6:48,168600,22973,6939,84,
14:6:48,168700,22983,6944,84,
14:6:48,168800,22994,6946,84,
14:6:48,168900,23009,6951,84,
14:6:48,169000,23020,6955,84,
14:6:48,169100,23032,6959,84,
14:6:48,169200,23043,6960,84,
14:6:48,169300,23061,6965,84,
14:6:48,169400,23076,6967,84,
14:6:48,169500,23087,6971,84,
14:6:48,169600,23098,6976,84,
14:6:48,169700,23119,6982,84,
14:6:48,169800,23133,6984,84,
14:6:48,169900,23141,6987,84,
14:6:48,170000,23151,6993,84,
14:6:48,170100,23171,7003,84,
14:6:49,170200,23182,7006,84,
14:6:49,170300,23190,7006,84,
14:6:49,170400,23201,7009,84,
14:6:49,170500,23219,7014,84,
14:6:49,170600,23239,7019,84,
14:6:49,170700,23252,7023,84,
14:6:49,170800,23258,7025,84,
14:6:49,170900,23273,7032,84,
14:6:49,171000,23282,7035,84,
14:6:49,171100,23297,7038,84,
14:6:49,171200,23310,7039,84,
14:6:49,171300,23331,7044,84,
14:6:49,171400,23345,7049,84,
14:6:49,171500,23357,7052,84,
14:6:49,171600,23368,7054,84,
14:6:49,171700,23380,7059,84,
14:6:49,171800,23391,7064,84,
14:6:49,171900,23404,7069,84,
14:6:49,172000,23414,7075,84,
14:6:49,172100,23427,7079,84,
14:6:49,172200,23437,7085,84,
14:6:50,172300,23446,7089,84,
14:6:50,172400,23458,7092,84,
14:6:50,172500,23484,7097,84,
14:6:50,172600,23496,7099,84,
14:6:50,172700,23514,7102,84,
14:6:50,172800,23530,7104,84,
14:6:50,172900,23547,7109,84,
14:6:50,173000,23562,7111,84,
14:6:50,173100,23577,7115,84,
14:6:50,173200,23588,7118,84,
14:6:50,173300,23609,7123,84,
14:6:50,173400,23625,7128,84,
14:6:50,173500,23637,7132,84,
14:6:50,173600,23649,7134,84,
14:6:50,173700,23670,7138,84,
14:6:50,173800,23682,7142,84,
14:6:50,173900,23696,7147,84,
14:6:50,174000,23708,7150,84,
14:6:50,174100,23726,7155,86,
14:6:50,174200,23745,7158,86,
14:6:51,174300,23755,7162,86,
14:6:51,174400,23774,7163,86,
14:6:51,174500,23795,7169,86,
14:6:51,174600,23813,7171,86,
14:6:51,174700,23821,7175,86,
14:6:51,174800,23832,7179,86,
14:6:51,174900,23850,7183,86,
14:6:51,175000,23866,7187,86,
14:6:51,175100,23882,7192,86,
14:6:51,175200,23894,7193,86,
14:6:51,175300,23913,7203,86,
14:6:51,175400,23923,7212,86,
14:6:51,175500,23942,7213,86,
14:6:51,175600,23953,7213,86,
14:6:51,175700,23971,7222,88,
14:6:51,175800,23981,7224,88,
14:6:51,175900,23991,7229,88,
14:6:51,176000,24006,7236,88,
14:6:51,176100,24028,7241,88,
14:6:51,176200,24047,7243,88,
14:6:52,176300,24058,7249,88,
14:6:52,176400,24068,7251,88,
14:6:52,176500,24083,7255,88,
14:6:52,176600,24092,7260,88,
14:6:52,176700,24104,7264,88,
14:6:52,176800,24119,7267,88,
14:6:52,176900,24134,7275,88,
14:6:52,177000,24149,7280,88,
14:6:52,177100,24157,7283,88,
14:6:52,177200,24169,7287,88,
14:6:52,177300,24188,7291,88,
14:6:52,177400,24206,7295,88,
14:6:52,177500,24217,7301,88,
14:6:52,177600,24239,7302,88,
14:6:52,177700,24257,7305,88,
14:6:52,177800,24270,7306,88,
14:6:52,177900,24290,7312,88,
14:6:52,178000,24296,7318,88,
14:6:52,178100,24308,7326,88,
14:6:52,178200,24322,7327,88,
14:6:53,178300,24335,7327,88,
14:6:53,178400,24348,7330,88,
14:6:53,178500,24360,7339,88,
14:6:53,178600,24371,7346,88,
14:6:53,178700,24384,7352,88,
14:6:53,178800,24396,7354,88,
14:6:53,178900,24419,7358,88,
14:6:53,179000,24434,7359,88,
14:6:53,179100,24449,7362,88,
14:6:53,179200,24460,7363,88,
14:6:53,179300,24473,7369,88,
14:6:53,179400,24485,7370,88,
14:6:53,179500,24496,7371,88,
14:6:53,179600,24511,7374,88,
14:6:53,179700,24530,7376,88,
14:6:53,179800,24552,7381,90,
14:6:53,179900,24565,7387,90,
14:6:53,180000,24572,7387,90,
14:6:53,180100,24586,7390,90,
14:6:53,180200,24600,7393,90,
14:6:53,180300,24615,7398,90,
14:6:54,180400,24629,7401,90,
14:6:54,180500,24649,7402,90,
14:6:54,180600,24670,7410,90,
14:6:54,180700,24685,7417,90,
14:6:54,180800,24703,7422,90,
14:6:54,180900,24717,7427,90,
14:6:54,181000,24731,7431,90,
14:6:54,181100,24740,7435,90,
14:6:54,181200,24749,7442,90,
14:6:54,181300,24771,7449,90,
14:6:54,181400,24789,7457,90,
14:6:54,181500,24803,7459,90,
14:6:54,181600,24813,7464,90,
14:6:54,181700,24830,7470,90,
14:6:54,181800,24840,7470,90,
14:6:54,181900,24849,7472,90,
14:6:54,182000,24859,7477,90,
14:6:54,182100,24873,7485,90,
14:6:54,182200,24882,7493,90,
14:6:54,182300,24898,7494,90,
14:6:55,182400,24913,7497,90,
14:6:55,182500,24935,7499,90,
14:6:55,182600,24950,7503,90,
14:6:55,182700,24957,7507,90,
14:6:55,182800,24969,7512,90,
14:6:55,182900,24992,7514,90,
14:6:55,183000,25002,7519,90,
14:6:55,183100,25016,7523,90,
14:6:55,183200,25027,7528,90,
14:6:55,183300,25041,7529,90,
14:6:55,183400,25050,7534,90,
14:6:55,183500,25065,7537,90,
14:6:55,183600,25078,7542,90,
14:6:55,183700,25093,7553,90,
14:6:55,183800,25106,7558,92,
14:6:55,183900,25122,7563,92,
14:6:55,184000,25135,7565,92,
14:6:55,184100,25154,7570,92,
14:6:55,184200,25169,7573,92,
14:6:55,184300,25177,7577,92,
14:6:56,184400,25189,7579,92,
14:6:56,184500,25218,7582,92,
14:6:56,184600,25234,7586,92,
14:6:56,184700,25243,7589,92,
14:6:56,184800,25254,7591,92,
14:6:56,184900,25281,7595,92,
14:6:56,185000,25298,7598,92,
14:6:56,185100,25304,7604,92,
14:6:56,185200,25316,7606,92,
14:6:56,185300,25340,7606,92,
14:6:56,185400,25354,7614,92,
14:6:56,185500,25364,7621,92,
14:6:56,185600,25372,7625,92,
14:6:56,185700,25388,7627,92,
14:6:56,185800,25402,7633,92,
14:6:56,185900,25421,7637,92,
14:6:56,186000,25429,7643,92,
14:6:56,186100,25443,7644,92,
14:6:56,186200,25455,7649,92,
14:6:57,186300,25470,7653,92,
14:6:57,186400,25478,7654,92,
14:6:57,186500,25498,7658,92,
14:6:57,186600,25510,7662,92,
14:6:57,186700,25522,7664,92,
14:6:57,186800,25537,7665,92,
14:6:57,186900,25553,7670,92,
14:6:57,187000,25564,7680,92,
14:6:57,187100,25584,7683,92,
14:6:57,187200,25599,7688,92,
14:6:57,187300,25620,7691,92,
14:6:57,187400,25635,7695,92,
14:6:57,187500,25644,7700,92,
14:6:57,187600,25655,7702,92,
14:6:57,187700,25668,7705,92,
14:6:57,187800,25683,7710,92,
14:6:57,187900,25688,7716,92,
14:6:57,188000,25707,7717,92,
14:6:57,188100,25722,7722,92,
14:6:57,188200,25735,7724,92,
14:6:57,188300,25752,7728,92,
14:6:58,188400,25763,7730,92,
14:6:58,188500,25784,7734,92,
14:6:58,188600,25796,7740,92,
14:6:58,188700,25813,7743,92,
14:6:58,188800,25832,7744,92,
14:6:58,188900,25852,7751,92,
14:6:58,189000,25869,7758,92,
14:6:58,189100,25878,7761,92,
14:6:58,189200,25891,7765,92,
14:6:58,189300,25903,7768,92,
14:6:58,189400,25920,7773,92,
14:6:58,189500,25930,7776,92,
14:6:58,189600,25935,7781,92,
14:6:58,189700,25956,7783,92,
14:6:58,189800,25976,7786,92,
14:6:58,189900,25995,7787,92,
14:6:58,190000,26008,7791,94,
14:6:58,190100,26031,7794,94,
14:6:58,190200,26045,7800,94,
14:6:59,190300,26065,7805,94,
14:6:59,190400,26079,7809,94,
14:6:59,190500,26088,7811,94,
14:6:59,190600,26108,7815,94,
14:6:59,190700,26120,7816,94,
14:6:59,190800,26130,7817,94,
14:6:59,190900,26142,7821,94,
14:6:59,191000,26155,7828,94,
14:6:59,191100,26167,7832,94,
14:6:59,191200,26184,7838,94,
14:6:59,191300,26197,7840,94,
14:6:59,191400,26208,7842,94,
14:6:59,191500,26222,7845,94,
14:6:59,191600,26235,7851,94,
14:6:59,191700,26255,7855,94,
14:6:59,191800,26262,7863,94,
14:6:59,191900,26278,7866,94,
14:6:59,192000,26291,7866,94,
14:6:59,192100,26306,7870,94,
14:6:59,192200,26317,7872,94,
14:6:59,192300,26326,7875,94,
14:6:59,192400,26334,7877,94,
14:7:0,192500,26348,7881,94,
14:7:0,192600,26367,7884,94,
14:7:0,192700,26385,7888,94,
14:7:0,192800,26397,7892,94,
14:7:0,192900,26421,7895,94,
14:7:0,193000,26434,7900,94,
14:7:0,193100,26445,7907,94,
14:7:0,193200,26453,7912,94,
14:7:0,193300,26470,7917,94,
14:7:0,193400,26485,7920,94,
14:7:0,193500,26501,7923,94,
14:7:0,193600,26517,7927,94,
14:7:0,193700,26541,7934,94,
14:7:0,193800,26556,7939,94,
14:7:0,193900,26570,7943,94,
14:7:0,194000,26578,7945,94,
14:7:0,194100,26599,7947,94,
14:7:0,194200,26615,7952,94,
14:7:0,194300,26630,7954,94,
14:7:0,194400,26643,7958,96,
14:7:1,194500,26659,7961,96,
14:7:1,194600,26676,7965,96,
14:7:1,194700,26682,7972,96,
14:7:1,194800,26694,7979,96,
14:7:1,194900,26711,7986,96,
14:7:1,195000,26723,7988,96,
14:7:1,195100,26731,7990,96,
14:7:1,195200,26747,7993,98,
14:7:1,195300,26768,8005,98,
14:7:1,195400,26783,8008,98,
14:7:1,195500,26790,8013,98,
14:7:1,195600,26800,8015,98,
14:7:1,195700,26823,8018,98,
14:7:1,195800,26831,8021,98,
14:7:1,195900,26844,8025,98,
14:7:1,196000,26851,8027,98,
14:7:1,196100,26863,8034,98,
14:7:1,196200,26868,8039,98,
14:7:1,196300,26885,8044,98,
14:7:1,196400,26900,8048,98,
14:7:2,196500,26921,8057,98,
14:7:2,196600,26937,8067,98,
14:7:2,196700,26955,8071,98,
14:7:2,196800,26968,8076,98,
14:7:2,196900,26986,8083,98,
14:7:2,197000,27006,8083,98,
14:7:2,197100,27020,8087,98,
14:7:2,197200,27029,8092,98,
14:7:2,197300,27051,8100,98,
14:7:2,197400,27067,8104,98,
14:7:2,197500,27080,8109,98,
14:7:2,197600,27093,8112,98,
14:7:2,197700,27109,8120,98,
14:7:2,197800,27118,8122,98,
14:7:2,197900,27131,8125,98,
14:7:2,198000,27143,8129,98,
14:7:2,198100,27167,8134,98,
14:7:2,198200,27181,8138,98,
14:7:2,198300,27192,8144,98,
14:7:3,198400,27210,8145,98,
14:7:3,198500,27230,8154,98,
14:7:3,198600,27238,8162,98,
14:7:3,198700,27246,8163,98,
14:7:3,198800,27260,8165,98,
14:7:3,198900,27276,8169,98,
14:7:3,199000,27296,8171,98,
14:7:3,199100,27310,8175,98,
14:7:3,199200,27316,8178,98,
14:7:3,199300,27332,8183,98,
14:7:3,199400,27343,8186,98,
14:7:3,199500,27355,8189,98,
14:7:3,199600,27362,8191,98,
14:7:3,199700,27380,8195,98,
14:7:3,199800,27393,8200,98,
14:7:3,199900,27403,8204,98,
14:7:3,200000,27420,8207,98,
14:7:3,200100,27435,8215,98,
14:7:3,200200,27447,8218,98,
14:7:3,200300,27464,8219,98,
14:7:3,200400,27479,8223,98,
14:7:4,200500,27500,8226,98,
14:7:4,200600,27518,8234,98,
14:7:4,200700,27530,8237,98,
14:7:4,200800,27543,8239,98,
14:7:4,200900,27554,8246,98,
14:7:4,201000,27566,8251,98,
14:7:4,201100,27579,8254,98,
14:7:4,201200,27592,8258,98,
14:7:4,201300,27612,8265,98,
14:7:4,201400,27624,8267,98,
14:7:4,201500,27632,8272,98,
14:7:4,201600,27640,8277,98,
14:7:4,201700,27656,8281,98,
14:7:4,201800,27675,8284,98,
14:7:4,201900,27686,8285,98,
14:7:4,202000,27696,8290,98,
14:7:4,202100,27708,8297,98,
14:7:4,202200,27724,8298,98,
14:7:4,202300,27735,8303,98,
14:7:4,202400,27744,8310,98,
14:7:5,202500,27761,8319,98,
14:7:5,202600,27773,8325,98,
14:7:5,202700,27784,8327,98,
14:7:5,202800,27792,8333,98,
14:7:5,202900,27809,8339,98,
14:7:5,203000,27826,8346,98,
14:7:5,203100,27840,8349,98,
14:7:5,203200,27850,8350,98,
14:7:5,203300,27873,8356,98,
14:7:5,203400,27888,8361,98,
14:7:5,203500,27898,8366,98,
14:7:5,203600,27909,8368,98,
14:7:5,203700,27928,8376,98,
14:7:5,203800,27941,8376,98,
14:7:5,203900,27951,8377,98,
14:7:5,204000,27965,8380,98,
14:7:5,204100,27976,8385,98,
14:7:5,204200,27988,8388,98,
14:7:5,204300,28001,8390,98,
14:7:5,204400,28008,8391,98,
14:7:5,204500,28027,8396,100,
14:7:6,204600,28039,8398,100,
14:7:6,204700,28050,8402,100,
14:7:6,204800,28057,8407,100,
14:7:6,204900,28073,8414,100,
14:7:6,205000,28088,8419,100,
14:7:6,205100,28101,8426,100,
14:7:6,205200,28110,8431,100,
14:7:6,205300,28127,8434,100,
14:7:6,205400,28153,8440,100,
14:7:6,205500,28166,8442,100,
14:7:6,205600,28178,8445,100,
14:7:6,205700,28194,8455,100,
14:7:6,205800,28206,8458,100,
14:7:6,205900,28216,8463,100,
14:7:6,206000,28233,8466,100,
14:7:6,206100,28251,8474,100,
14:7:6,206200,28266,8478,100,
14:7:6,206300,28284,8481,100,
14:7:7,206400,28297,8483,100,
14:7:7,206500,28309,8490,100,
14:7:7,206600,28319,8497,100,
14:7:7,206700,28331,8499,100,
14:7:7,206800,28345,8502,100,
14:7:7,206900,28364,8506,100,
14:7:7,207000,28377,8514,100,
14:7:7,207100,28396,8517,100,
14:7:7,207200,28403,8520,100,
14:7:7,207300,28423,8528,100,
14:7:7,207400,28433,8530,100,
14:7:7,207500,28452,8534,100,
14:7:7,207600,28465,8537,100,
14:7:7,207700,28486,8539,100,
14:7:7,207800,28508,8545,100,
14:7:7,207900,28516,8546,100,
14:7:7,208000,28526,8548,100,
14:7:7,208100,28543,8549,100,
14:7:7,208200,28553,8555,100,
14:7:7,208300,28565,8562,100,
14:7:8,208400,28578,8569,100,
14:7:8,208500,28595,8573,100,
14:7:8,208600,28608,8578,100,
14:7:8,208700,28620,8583,100,
14:7:8,208800,28629,8587,100,
14:7:8,208900,28652,8589,100,
14:7:8,209000,28664,8592,100,
14:7:8,209100,28678,8597,100,
14:7:8,209200,28690,8599,100,
14:7:8,209300,28709,8603,100,
14:7:8,209400,28725,8608,100,
14:7:8,209500,28737,8613,100,
14:7:8,209600,28748,8616,100,
14:7:8,209700,28764,8619,100,
14:7:8,209800,28778,8622,100,
14:7:8,209900,28791,8627,100,
14:7:8,210000,28806,8630,100,
14:7:8,210100,28818,8639,100,
14:7:8,210200,28835,8641,100,
14:7:8,210300,28846,8647,100,
14:7:8,210400,28857,8649,100,
14:7:9,210500,28872,8655,100,
14:7:9,210600,28878,8658,100,
14:7:9,210700,28890,8662,100,
14:7:9,210800,28897,8667,100,
14:7:9,210900,28923,8675,100,
14:7:9,211000,28935,8682,100,
14:7:9,211100,28947,8687,100,
14:7:9,211200,28961,8689,100,
14:7:9,211300,28983,8696,100,
14:7:9,211400,28994,8699,100,
14:7:9,211500,29008,8699,100,
14:7:9,211600,29017,8703,100,
14:7:9,211700,29041,8710,100,
14:7:9,211800,29059,8713,100,
14:7:9,211900,29066,8719,100,
14:7:9,212000,29081,8724,100,
14:7:9,212100,29093,8728,100,
14:7:9,212200,29108,8732,100,
14:7:9,212300,29123,8735,100,
14:7:9,212400,29135,8741,100,
14:7:10,212500,29152,8743,100,
14:7:10,212600,29159,8748,100,
14:7:10,212700,29169,8759,100,
14:7:10,212800,29180,8763,100,
14:7:10,212900,29196,8770,100,
14:7:10,213000,29208,8775,100,
14:7:10,213100,29219,8780,100,
14:7:10,213200,29231,8783,100,
14:7:10,213300,29247,8786,100,
14:7:10,213400,29256,8789,100,
14:7:10,213500,29266,8795,100,
14:7:10,213600,29279,8798,100,
14:7:10,213700,29289,8802,100,
14:7:10,213800,29301,8806,100,
14:7:10,213900,29321,8808,100,
14:7:10,214000,29331,8811,100,
14:7:10,214100,29354,8816,100,
14:7:10,214200,29367,8818,100,
14:7:10,214300,29376,8821,100,
14:7:10,214400,29390,8824,100,
14:7:10,214500,29413,8833,100,
14:7:11,214600,29427,8839,100,
14:7:11,214700,29439,8842,100,
14:7:11,214800,29450,8843,100,
14:7:11,214900,29472,8848,100,
14:7:11,215000,29484,8852,100,
14:7:11,215100,29498,8855,100,
14:7:11,215200,29504,8858,100,
14:7:11,215300,29519,8865,100,
14:7:11,215400,29531,8869,100,
14:7:11,215500,29542,8870,100,
14:7:11,215600,29554,8874,100,
14:7:11,215700,29578,8879,100,
14:7:11,215800,29590,8882,100,
14:7:11,215900,29601,8885,100,
14:7:11,216000,29610,8886,100,
14:7:11,216100,29629,8895,100,
14:7:11,216200,29646,8898,100,
14:7:11,216300,29653,8908,100,
14:7:11,216400,29669,8915,100,
14:7:11,216500,29688,8920,100,
14:7:12,216600,29707,8927,100,
14:7:12,216700,29718,8930,100,
14:7:12,216800,29730,8935,100,
14:7:12,216900,29747,8942,100,
14:7:12,217000,29758,8943,100,
14:7:12,217100,29769,8946,100,
14:7:12,217200,29776,8949,100,
14:7:12,217300,29792,8951,100,
14:7:12,217400,29808,8961,100,
14:7:12,217500,29818,8965,100,
14:7:12,217600,29830,8971,100,
14:7:12,217700,29851,8973,100,
14:7:12,217800,29867,8973,100,
14:7:12,217900,29873,8978,100,
14:7:12,218000,29888,8982,100,
14:7:12,218100,29906,8987,100,
14:7:12,218200,29926,8989,100,
14:7:12,218300,29941,8990,100,
14:7:12,218400,29946,8992,100,
14:7:12,218500,29973,8998,100,
14:7:12,218600,29987,9002,100,
14:7:13,218700,29995,9004,100,
14:7:13,218800,30006,9006,100,
14:7:13,218900,30026,9011,100,
14:7:13,219000,30037,9016,100,
14:7:13,219100,30046,9020,100,
14:7:13,219200,30055,9025,100,
14:7:13,219300,30080,9030,100,
14:7:13,219400,30091,9033,100,
14:7:13,219500,30106,9040,100,
14:7:13,219600,30118,9040,100,
14:7:13,219700,30137,9047,100,
14:7:13,219800,30146,9049,100,
14:7:13,219900,30158,9057,100,
14:7:13,220000,30169,9064,100,
14:7:13,220100,30182,9070,100,
14:7:13,220200,30190,9074,100,
14:7:13,220300,30200,9077,100,
14:7:13,220400,30214,9079,100,
14:7:13,220500,30229,9089,100,
14:7:13,220600,30235,9091,100,
14:7:13,220700,30247,9096,100,
14:7:14,220800,30260,9102,100,
14:7:14,220900,30276,9105,100,
14:7:14,221000,30291,9109,100,
14:7:14,221100,30307,9114,100,
14:7:14,221200,30316,9117,100,
14:7:14,221300,30329,9122,100,
14:7:14,221400,30342,9124,100,
14:7:14,221500,30356,9129,100,
14:7:14,221600,30366,9132,100,
14:7:14,221700,30388,9136,100,
14:7:14,221800,30399,9141,100,
14:7:14,221900,30410,9145,100,
14:7:14,222000,30424,9151,100,
14:7:14,222100,30440,9155,100,
14:7:14,222200,30456,9159,102,
