16:51:3,100,42,13,0,
16:51:6,200,91,27,0,
16:51:15,300,154,45,0,
16:51:24,400,204,63,0,
16:51:33,500,263,72,0,
16:51:41,600,326,92,0,
16:51:50,700,358,105,0,
16:51:59,800,423,122,0,
16:52:8,900,477,134,0,
16:52:17,1000,541,148,0,
16:52:23,1100,606,165,0,
16:52:30,1200,665,182,0,
16:52:39,1300,726,197,0,
16:52:48,1400,774,207,0,
16:52:55,1500,834,225,0,
16:53:4,1600,883,242,0,
16:53:10,1700,935,262,0,
16:53:19,1800,996,287,0,
16:53:28,1900,1051,301,0,
16:53:35,2000,1112,318,0,
16:53:42,2100,1154,335,0,
16:53:47,2200,1221,358,0,
16:53:55,2300,1259,371,0,
16:54:0,2400,1309,387,0,
16:54:9,2500,1361,409,0,
16:54:16,2600,1416,420,0,
16:54:25,2700,1496,436,0,
16:54:32,2800,1551,455,0,
16:54:39,2900,1619,473,0,
16:54:46,3000,1667,490,0,
16:54:52,3100,1722,506,0,
16:54:59,3200,1768,527,0,
16:55:5,3300,1816,546,0,
16:55:13,3400,1878,563,0,
16:55:22,3500,1923,581,0,
16:55:30,3600,1990,601,0,
16:55:39,3700,2043,613,0,
16:55:47,3800,2106,630,0,
16:55:56,3900,2159,644,0,
16:56:3,4000,2208,665,0,
16:56:12,4100,2273,685,0,
16:56:20,4200,2312,697,0,
16:56:27,4300,2376,711,0,
16:56:36,4400,2427,726,0,
16:56:45,4500,2482,745,0,
16:56:54,4600,2541,764,0,
16:57:3,4700,2593,774,0,
16:57:11,4800,2649,785,0,
16:57:17,4900,2702,800,0,
16:57:25,5000,2770,818,0,
16:57:33,5100,2827,835,0,
16:57:39,5200,2881,852,0,
16:57:45,5300,2938,870,0,
16:57:54,5400,2996,877,0,
16:58:2,5500,3055,894,0,
16:58:10,5600,3117,910,0,
16:58:19,5700,3183,930,0,
16:58:27,5800,3244,949,0,
16:58:34,5900,3296,959,0,
16:58:42,6000,3366,967,0,
16:58:49,6100,3430,980,0,
16:58:58,6200,3480,1003,0,
16:59:6,6300,3524,1018,0,
16:59:9,6400,3590,1032,0,
16:59:16,6500,3646,1047,0,
16:59:24,6600,3706,1064,0,
16:59:31,6700,3760,1087,0,
16:59:40,6800,3813,1107,0,
16:59:48,6900,3866,1134,0,
16:59:57,7000,3925,1150,0,
17:0:6,7100,3992,1172,0,
17:0:9,7200,4043,1186,0,
17:0:16,7300,4099,1202,0,
17:0:25,7400,4167,1219,0,
17:0:34,7500,4210,1236,0,
17:0:43,7600,4259,1253,0,
17:0:51,7700,4302,1265,0,
17:1:0,7800,4357,1278,0,
17:1:9,7900,4410,1285,0,
17:1:17,8000,4461,1304,0,
17:1:26,8100,4509,1326,0,
17:1:33,8200,4562,1344,0,
17:1:42,8300,4625,1365,0,
17:1:48,8400,4679,1377,0,
17:1:57,8500,4741,1401,0,
17:2:5,8600,4799,1414,0,
17:2:15,8700,4852,1440,0,
17:2:21,8800,4916,1457,0,
17:2:28,8900,4971,1466,0,
17:2:35,9000,5037,1495,0,
17:2:45,9100,5091,1510,0,
17:2:54,9200,5158,1529,0,
17:3:1,9300,5210,1545,0,
17:3:9,9400,5268,1562,0,
17:3:18,9500,5323,1586,0,
17:3:26,9600,5375,1599,0,
17:3:35,9700,5440,1620,0,
17:3:44,9800,5487,1633,0,
17:3:53,9900,5554,1654,0,
17:4:0,10000,5606,1674,0,
17:4:8,10100,5659,1694,0,
17:4:15,10200,5721,1709,0,
17:4:24,10300,5780,1724,0,
17:4:33,10400,5837,1744,0,
17:4:40,10500,5888,1761,0,
17:4:47,10600,5958,1779,0,
17:4:54,10700,5997,1800,0,
17:5:2,10800,6050,1814,0,
17:5:10,10900,6100,1831,0,
17:5:18,11000,6143,1846,0,
17:5:26,11100,6205,1863,0,
17:5:35,11200,6255,1873,0,
17:5:44,11300,6315,1893,0,
17:5:51,11400,6359,1905,0,
17:5:58,11500,6421,1915,0,
17:6:6,11600,6472,1930,0,
17:6:10,11700,6518,1941,0,
17:6:17,11800,6569,1957,0,
17:6:19,11900,6620,1975,0,
17:6:27,12000,6679,1992,0,
17:6:36,12100,6734,2006,0,
17:6:43,12200,6791,2028,0,
17:6:52,12300,6839,2050,0,
17:6:59,12400,6896,2065,0,
17:7:7,12500,6941,2083,0,
17:7:15,12600,6990,2100,0,
17:7:23,12700,7061,2117,0,
17:7:32,12800,7112,2134,0,
17:7:39,12900,7169,2145,0,
17:7:47,13000,7229,2163,0,
17:7:53,13100,7289,2171,0,
17:8:3,13200,7363,2189,0,
17:8:10,13300,7417,2204,0,
17:8:19,13400,7488,2228,0,
17:8:28,13500,7548,2241,0,
17:8:37,13600,7611,2259,0,
17:8:44,13700,7673,2280,0,
17:8:48,13800,7721,2300,0,
17:8:48,13900,7793,2320,0,
17:8:49,14000,7850,2336,0,
17:8:54,14100,7916,2364,0,
17:9:0,14200,7967,2376,0,
17:9:9,14300,8021,2393,0,
17:9:17,14400,8072,2410,0,
17:9:20,14500,8125,2415,0,
17:9:26,14600,8186,2432,0,
17:9:34,14700,8222,2447,0,
17:9:43,14800,8286,2460,0,
17:9:51,14900,8333,2476,0,
17:10:0,15000,8384,2494,0,
17:10:8,15100,8440,2505,0,
17:10:15,15200,8493,2516,0,
17:10:24,15300,8556,2534,0,
17:10:31,15400,8592,2556,0,
17:10:40,15500,8662,2577,0,
17:10:48,15600,8709,2595,0,
17:10:54,15700,8772,2602,0,
17:11:1,15800,8822,2625,0,
17:11:7,15900,8879,2637,0,
17:11:16,16000,8949,2652,0,
17:11:21,16100,8992,2678,0,
17:11:30,16200,9053,2694,0,
17:11:38,16300,9110,2709,0,
17:11:43,16400,9162,2724,0,
17:11:51,16500,9229,2743,0,
17:12:0,16600,9282,2762,0,
17:12:9,16700,9350,2778,0,
17:12:17,16800,9402,2796,0,
17:12:26,16900,9469,2812,0,
17:12:35,17000,9515,2821,0,
17:12:44,17100,9570,2835,0,
17:12:53,17200,9636,2855,0,
17:12:58,17300,9689,2877,0,
17:13:7,17400,9754,2893,0,
17:13:16,17500,9800,2914,0,
17:13:26,17600,9863,2937,0,
17:13:32,17700,9925,2954,0,
17:13:41,17800,9982,2968,0,
17:13:50,17900,10038,2984,0,
17:13:59,18000,10092,2995,0,
17:14:7,18100,10164,3014,0,
17:14:13,18200,10202,3019,0,
17:14:22,18300,10250,3039,0,
17:14:29,18400,10299,3057,0,
17:14:37,18500,10349,3074,0,
17:14:45,18600,10397,3091,0,
17:14:51,18700,10448,3104,0,
17:14:59,18800,10511,3118,0,
17:15:3,18900,10560,3132,0,
17:15:11,19000,10623,3152,0,
17:15:19,19100,10673,3166,0,
17:15:27,19200,10735,3189,0,
17:15:36,19300,10798,3203,0,
17:15:44,19400,10851,3212,0,
17:15:53,19500,10912,3232,0,
17:16:0,19600,10955,3244,0,
17:16:9,19700,11016,3262,0,
17:16:15,19800,11065,3290,0,
17:16:22,19900,11122,3307,0,
17:16:31,20000,11182,3318,0,
17:16:38,20100,11225,3338,0,
17:16:46,20200,11294,3352,0,
17:16:51,20300,11342,3363,0,
17:16:58,20400,11397,3383,0,
17:17:6,20500,11442,3398,0,
17:17:15,20600,11503,3419,0,
17:17:22,20700,11553,3433,0,
17:17:30,20800,11598,3450,0,
17:17:37,20900,11666,3462,0,
17:17:47,21000,11707,3487,0,
17:17:54,21100,11764,3505,0,
17:18:1,21200,11815,3522,0,
17:18:8,21300,11876,3536,0,
17:18:18,21400,11934,3548,0,
17:18:27,21500,11982,3564,0,
17:18:36,21600,12031,3583,0,
17:18:43,21700,12084,3593,0,
17:18:51,21800,12139,3610,0,
17:19:0,21900,12189,3623,0,
17:19:8,22000,12242,3641,0,
17:19:17,22100,12294,3663,0,
17:19:26,22200,12346,3682,0,
17:19:35,22300,12409,3696,0,
17:19:44,22400,12446,3707,0,
17:19:49,22500,12496,3726,0,
17:19:58,22600,12546,3739,0,
17:20:6,22700,12612,3749,0,
17:20:14,22800,12675,3761,0,
17:20:20,22900,12729,3783,0,
17:20:28,23000,12800,3798,0,
17:20:37,23100,12838,3811,0,
17:20:43,23200,12915,3827,0,
17:20:53,23300,12970,3845,0,
17:20:58,23400,13029,3865,0,
17:21:5,23500,13081,3886,0,
17:21:12,23600,13131,3901,0,
17:21:21,23700,13191,3917,0,
17:21:28,23800,13238,3934,0,
17:21:36,23900,13281,3958,0,
17:21:42,24000,13334,3977,0,
17:21:51,24100,13390,3991,0,
17:22:0,24200,13458,4008,0,
17:22:7,24300,13510,4020,0,
17:22:13,24400,13574,4034,0,
17:22:20,24500,13621,4047,0,
17:22:21,24600,13679,4068,0,
17:22:28,24700,13728,4085,0,
17:22:37,24800,13784,4103,0,
17:22:46,24900,13855,4122,0,
17:22:53,25000,13900,4146,0,
17:23:0,25100,13957,4158,0,
17:23:9,25200,14007,4169,0,
17:23:17,25300,14067,4190,0,
17:23:26,25400,14134,4211,0,
17:23:35,25500,14189,4234,0,
17:23:45,25600,14250,4254,0,
17:23:53,25700,14310,4267,0,
17:24:2,25800,14361,4282,0,
17:24:11,25900,14414,4292,0,
17:24:19,26000,14475,4316,0,
17:24:26,26100,14523,4326,0,
17:24:33,26200,14583,4349,0,
17:24:42,26300,14645,4363,0,
17:24:51,26400,14692,4374,0,
17:24:58,26500,14745,4390,0,
17:25:7,26600,14780,4404,0,
17:25:15,26700,14846,4423,0,
17:25:23,26800,14895,4444,0,
17:25:31,26900,14947,4461,0,
17:25:38,27000,14995,4476,0,
17:25:47,27100,15040,4492,0,
17:25:55,27200,15099,4508,0,
17:26:2,27300,15143,4527,0,
17:26:11,27400,15204,4548,0,
17:26:20,27500,15263,4559,0,
17:26:29,27600,15335,4577,0,
17:26:36,27700,15392,4594,0,
17:26:45,27800,15442,4613,0,
17:26:52,27900,15511,4634,0,
17:27:1,28000,15553,4651,0,
17:27:9,28100,15611,4671,0,
17:27:17,28200,15657,4691,0,
17:27:25,28300,15714,4705,0,
17:27:34,28400,15760,4728,0,
17:27:42,28500,15817,4740,0,
17:27:50,28600,15871,4758,0,
17:27:57,28700,15910,4773,0,
17:28:6,28800,15966,4788,0,
17:28:14,28900,16026,4806,0,
17:28:23,29000,16088,4819,0,
17:28:28,29100,16147,4839,0,
17:28:36,29200,16202,4855,0,
17:28:45,29300,16244,4878,0,
17:28:54,29400,16300,4893,0,
17:29:3,29500,16366,4908,0,
17:29:12,29600,16415,4921,0,
17:29:20,29700,16474,4933,0,
17:29:28,29800,16527,4951,0,
17:29:36,29900,16583,4966,0,
17:29:43,30000,16647,4985,0,
17:29:52,30100,16701,5003,0,
17:30:0,30200,16761,5031,0,
17:30:10,30300,16825,5051,0,
17:30:19,30400,16886,5066,0,
17:30:28,30500,16947,5079,0,
17:30:37,30600,16987,5093,0,
17:30:42,30700,17043,5113,0,
17:30:51,30800,17101,5128,0,
17:30:57,30900,17169,5150,0,
17:31:6,31000,17228,5160,0,
17:31:15,31100,17285,5175,0,
17:31:24,31200,17351,5189,0,
17:31:31,31300,17388,5209,0,
17:31:40,31400,17454,5220,0,
17:31:47,31500,17487,5230,0,
17:31:54,31600,17549,5249,0,
17:32:3,31700,17611,5267,0,
17:32:12,31800,17662,5283,0,
17:32:21,31900,17722,5302,0,
17:32:30,32000,17784,5316,0,
17:32:36,32100,17853,5333,0,
17:32:44,32200,17896,5350,0,
17:32:52,32300,17965,5373,0,
17:33:1,32400,18030,5388,0,
17:33:9,32500,18086,5401,0,
17:33:16,32600,18141,5407,0,
17:33:20,32700,18178,5414,0,
17:33:29,32800,18226,5433,0,
17:33:38,32900,18266,5445,0,
17:33:47,33000,18336,5464,0,
17:33:56,33100,18394,5473,0,
17:34:5,33200,18452,5487,0,
17:34:11,33300,18505,5501,0,
17:34:18,33400,18551,5520,0,
17:34:25,33500,18611,5531,0,
17:34:34,33600,18658,5551,0,
17:34:42,33700,18720,5575,0,
17:34:50,33800,18767,5591,0,
17:34:58,33900,18825,5607,0,
17:35:6,34000,18885,5622,0,
17:35:15,34100,18943,5643,0,
17:35:24,34200,19008,5662,0,
17:35:32,34300,19065,5678,0,
17:35:36,34400,19124,5697,0,
17:35:41,34500,19173,5710,0,
17:35:51,34600,19232,5727,0,
17:35:57,34700,19289,5751,0,
17:36:5,34800,19331,5760,0,
17:36:13,34900,19396,5770,0,
17:36:22,35000,19445,5782,0,
17:36:31,35100,19509,5795,0,
17:36:37,35200,19557,5815,0,
17:36:46,35300,19608,5826,0,
17:36:55,35400,19678,5850,0,
17:37:4,35500,19725,5870,0,
17:37:12,35600,19785,5888,0,
17:37:21,35700,19828,5901,0,
17:37:29,35800,19887,5920,0,
17:37:36,35900,19947,5931,0,
17:37:43,36000,19999,5946,0,
17:37:51,36100,20054,5962,0,
17:37:59,36200,20103,5978,0,
17:38:8,36300,20156,6003,0,
17:38:17,36400,20203,6019,0,
17:38:25,36500,20270,6040,0,
17:38:34,36600,20319,6062,0,
17:38:43,36700,20389,6079,0,
17:38:53,36800,20458,6094,0,
17:39:2,36900,20511,6107,0,
17:39:11,37000,20569,6127,0,
17:39:20,37100,20621,6146,0,
17:39:29,37200,20684,6160,0,
17:39:37,37300,20744,6174,0,
17:39:46,37400,20807,6188,0,
17:39:56,37500,20860,6210,0,
17:40:3,37600,20907,6230,0,
17:40:10,37700,20962,6244,0,
17:40:19,37800,21017,6253,0,
17:40:29,37900,21082,6277,0,
17:40:37,38000,21144,6293,0,
17:40:44,38100,21198,6317,0,
17:40:53,38200,21273,6336,0,
17:41:0,38300,21324,6352,0,
17:41:10,38400,21386,6370,0,
17:41:18,38500,21423,6388,0,
17:41:26,38600,21479,6406,0,
17:41:35,38700,21523,6419,0,
17:41:42,38800,21582,6435,0,
17:41:51,38900,21647,6452,0,
17:41:59,39000,21698,6465,0,
17:42:8,39100,21756,6477,0,
17:42:13,39200,21813,6498,0,
17:42:22,39300,21874,6522,0,
17:42:27,39400,21936,6543,0,
17:42:34,39500,21991,6567,0,
17:42:43,39600,22056,6581,0,
17:42:52,39700,22094,6595,0,
17:42:59,39800,22146,6616,0,
17:43:9,39900,22194,6638,0,
17:43:17,40000,22262,6657,0,
17:43:25,40100,22327,6679,0,
17:43:34,40200,22393,6694,0,
17:43:40,40300,22440,6710,0,
17:43:48,40400,22486,6725,0,
17:43:55,40500,22545,6741,0,
17:44:2,40600,22586,6755,0,
17:44:11,40700,22648,6774,0,
17:44:18,40800,22693,6793,0,
17:44:27,40900,22756,6809,0,
17:44:35,41000,22815,6835,0,
17:44:42,41100,22873,6850,0,
17:44:48,41200,22929,6860,0,
17:44:58,41300,22983,6876,0,
17:45:6,41400,23043,6892,0,
17:45:12,41500,23098,6905,0,
17:45:21,41600,23155,6919,0,
17:45:29,41700,23212,6931,0,
17:45:38,41800,23270,6952,0,
17:45:48,41900,23342,6965,0,
17:45:57,42000,23396,6977,0,
17:46:5,42100,23464,6999,0,
17:46:14,42200,23512,7011,0,
17:46:22,42300,23557,7028,0,
17:46:28,42400,23614,7045,0,
17:46:36,42500,23663,7055,0,
17:46:46,42600,23730,7079,0,
17:46:54,42700,23789,7095,0,
17:47:2,42800,23849,7117,0,
17:47:11,42900,23903,7132,0,
17:47:20,43000,23955,7147,0,
17:47:28,43100,23998,7159,0,
17:47:35,43200,24055,7173,0,
17:47:44,43300,24128,7192,0,
17:47:53,43400,24186,7207,0,
17:48:1,43500,24250,7234,0,
17:48:9,43600,24310,7256,0,
17:48:16,43700,24369,7266,0,
17:48:25,43800,24435,7283,0,
17:48:33,43900,24483,7294,0,
17:48:42,44000,24547,7309,0,
17:48:49,44100,24597,7328,0,
17:48:58,44200,24660,7345,0,
17:49:7,44300,24716,7363,0,
17:49:16,44400,24766,7387,0,
17:49:24,44500,24827,7405,0,
17:49:33,44600,24887,7423,0,
17:49:42,44700,24953,7442,0,
17:49:47,44800,25019,7452,0,
17:49:56,44900,25082,7473,0,
17:50:4,45000,25127,7487,0,
17:50:13,45100,25199,7507,0,
17:50:22,45200,25251,7530,0,
17:50:31,45300,25302,7547,0,
17:50:38,45400,25366,7565,0,
17:50:47,45500,25404,7583,0,
17:50:56,45600,25476,7599,0,
17:51:5,45700,25534,7615,0,
17:51:13,45800,25603,7629,0,
17:51:22,45900,25656,7645,0,
17:51:31,46000,25694,7667,0,
17:51:39,46100,25754,7693,0,
17:51:48,46200,25814,7708,0,
17:51:55,46300,25878,7732,0,
17:52:5,46400,25937,7746,0,
17:52:14,46500,25992,7768,0,
17:52:23,46600,26052,7786,0,
17:52:32,46700,26109,7802,0,
17:52:42,46800,26175,7824,0,
17:52:51,46900,26216,7834,0,
17:52:58,47000,26278,7849,0,
17:53:7,47100,26333,7863,0,
17:53:14,47200,26389,7880,0,
17:53:23,47300,26463,7897,0,
17:53:31,47400,26514,7914,0,
17:53:35,47500,26571,7935,0,
17:53:41,47600,26620,7951,0,
17:53:48,47700,26683,7967,0,
17:53:55,47800,26718,7985,0,
17:54:0,47900,26773,8006,0,
17:54:3,48000,26836,8027,0,
17:54:9,48100,26877,8039,0,
17:54:18,48200,26940,8058,0,
17:54:27,48300,26988,8081,0,
17:54:35,48400,27059,8098,0,
17:54:41,48500,27106,8122,0,
17:54:47,48600,27154,8140,0,
17:54:56,48700,27205,8152,0,
17:55:3,48800,27247,8170,0,
17:55:11,48900,27298,8185,0,
17:55:20,49000,27348,8203,0,
17:55:29,49100,27415,8222,0,
17:55:38,49200,27468,8239,0,
17:55:47,49300,27528,8249,0,
17:55:54,49400,27591,8270,0,
17:56:3,49500,27644,8287,0,
17:56:12,49600,27712,8299,0,
17:56:20,49700,27756,8317,0,
17:56:26,49800,27817,8337,0,
17:56:34,49900,27876,8358,0,
17:56:43,50000,27927,8375,0,
17:56:48,50100,27992,8391,0,
17:56:55,50200,28043,8399,0,
17:57:3,50300,28097,8421,0,
17:57:12,50400,28141,8440,0,
17:57:20,50500,28187,8460,0,
17:57:28,50600,28236,8478,0,
17:57:38,50700,28299,8497,0,
17:57:45,50800,28366,8509,0,
17:57:53,50900,28423,8521,0,
17:58:3,51000,28480,8536,0,
17:58:10,51100,28532,8549,0,
17:58:19,51200,28603,8570,0,
17:58:28,51300,28667,8580,0,
17:58:34,51400,28716,8599,0,
17:58:41,51500,28773,8621,0,
17:58:48,51600,28819,8634,0,
17:58:52,51700,28884,8651,0,
17:58:58,51800,28920,8669,0,
17:59:7,51900,28983,8686,0,
17:59:15,52000,29040,8703,0,
17:59:22,52100,29098,8725,0,
17:59:31,52200,29171,8739,0,
17:59:40,52300,29229,8757,0,
17:59:50,52400,29297,8781,0,
17:59:56,52500,29346,8800,0,
18:0:5,52600,29413,8825,0,
18:0:14,52700,29473,8845,0,
18:0:23,52800,29531,8858,0,
18:0:29,52900,29581,8876,0,
18:0:37,53000,29637,8889,0,
18:0:46,53100,29704,8904,0,
18:0:55,53200,29753,8919,0,
18:1:3,53300,29819,8934,0,
18:1:11,53400,29877,8949,0,
18:1:20,53500,29931,8967,0,
18:1:29,53600,29978,8989,0,
18:1:38,53700,30026,9001,0,
18:1:47,53800,30085,9019,0,
18:1:55,53900,30139,9029,0,
18:2:4,54000,30198,9051,0,
18:2:13,54100,30240,9068,0,
18:2:21,54200,30292,9082,0,
18:2:29,54300,30342,9097,0,
18:2:37,54400,30397,9117,0,
18:2:46,54500,30455,9139,0,
18:2:53,54600,30491,9150,0,
18:3:2,54700,30563,9162,0,
18:3:10,54800,30612,9176,0,
18:3:18,54900,30674,9191,0,
18:3:24,55000,30736,9205,0,
18:3:33,55100,30786,9222,0,
18:3:43,55200,30851,9232,0,
18:3:51,55300,30900,9241,0,
18:3:58,55400,30969,9259,0,
18:4:7,55500,31010,9277,0,
18:4:16,55600,31078,9294,0,
18:4:24,55700,31132,9308,0,
18:4:29,55800,31177,9323,0,
18:4:38,55900,31223,9347,0,
18:4:46,56000,31260,9358,0,
18:4:52,56100,31324,9379,0,
18:5:1,56200,31391,9399,0,
18:5:6,56300,31447,9413,0,
18:5:9,56400,31501,9425,0,
18:5:17,56500,31539,9436,0,
18:5:27,56600,31597,9455,0,
18:5:34,56700,31642,9474,0,
18:5:42,56800,31706,9489,0,
18:5:45,56900,31754,9509,0,
18:5:52,57000,31812,9526,0,
18:5:58,57100,31845,9543,0,
18:6:6,57200,31897,9560,0,
18:6:14,57300,31948,9582,0,
18:6:20,57400,32004,9594,0,
18:6:28,57500,32068,9607,0,
18:6:37,57600,32110,9621,0,
18:6:44,57700,32161,9638,0,
18:6:52,57800,32221,9651,0,
18:7:0,57900,32273,9670,0,
18:7:8,58000,32332,9684,0,
18:7:17,58100,32376,9693,0,
18:7:22,58200,32427,9717,0,
18:7:30,58300,32487,9734,0,
18:7:39,58400,32552,9755,0,
18:7:48,58500,32613,9770,0,
18:7:57,58600,32663,9788,0,
18:8:6,58700,32736,9807,0,
18:8:13,58800,32795,9822,0,
18:8:22,58900,32859,9844,0,
18:8:30,59000,32903,9859,0,
18:8:38,59100,32959,9874,0,
18:8:47,59200,32998,9895,0,
18:8:55,59300,33055,9915,0,
18:9:1,59400,33110,9925,0,
18:9:8,59500,33151,9940,0,
18:9:17,59600,33222,9966,0,
18:9:24,59700,33273,9980,0,
18:9:32,59800,33327,10000,0,
18:9:41,59900,33387,10021,0,
18:9:48,60000,33435,10037,0,
18:9:57,60100,33510,10052,0,
18:10:4,60200,33557,10068,0,
18:10:12,60300,33617,10096,0,
18:10:20,60400,33675,10108,0,
18:10:28,60500,33733,10125,0,
18:10:37,60600,33772,10144,0,
18:10:46,60700,33821,10157,0,
18:10:55,60800,33878,10180,0,
18:11:1,60900,33923,10192,0,
18:11:9,61000,33988,10211,0,
18:11:17,61100,34046,10226,0,
18:11:26,61200,34109,10236,0,
18:11:35,61300,34189,10245,0,
18:11:43,61400,34252,10261,0,
18:11:51,61500,34308,10278,0,
18:11:58,61600,34354,10292,0,
18:12:7,61700,34416,10305,0,
18:12:13,61800,34467,10326,0,
18:12:21,61900,34516,10342,0,
18:12:30,62000,34566,10357,0,
18:12:38,62100,34611,10374,0,
18:12:46,62200,34672,10395,0,
18:12:56,62300,34727,10415,0,
18:13:5,62400,34786,10434,0,
18:13:10,62500,34845,10457,0,
18:13:17,62600,34905,10475,0,
18:13:25,62700,34963,10492,0,
18:13:34,62800,35008,10512,0,
18:13:42,62900,35081,10531,0,
18:13:51,63000,35124,10542,0,
18:13:59,63100,35175,10569,0,
18:14:9,63200,35229,10590,0,
18:14:14,63300,35295,10605,0,
18:14:23,63400,35346,10624,0,
18:14:31,63500,35394,10644,0,
18:14:40,63600,35445,10660,0,
18:14:49,63700,35498,10674,0,
18:14:58,63800,35551,10695,0,
18:15:5,63900,35603,10707,0,
18:15:14,64000,35665,10728,0,
18:15:21,64100,35733,10743,0,
18:15:30,64200,35793,10759,0,
18:15:37,64300,35853,10780,0,
18:15:43,64400,35898,10796,0,
18:15:52,64500,35958,10813,0,
18:16:0,64600,36010,10830,0,
18:16:9,64700,36061,10844,0,
18:16:17,64800,36119,10866,0,
18:16:25,64900,36170,10882,0,
18:16:30,65000,36217,10898,0,
18:16:38,65100,36264,10910,0,
18:16:47,65200,36328,10929,0,
18:16:55,65300,36373,10947,0,
18:17:4,65400,36427,10963,0,
18:17:13,65500,36488,10984,0,
18:17:20,65600,36541,10998,0,
18:17:29,65700,36597,11021,0,
18:17:38,65800,36650,11037,0,
18:17:46,65900,36720,11054,0,
18:17:54,66000,36760,11069,0,
18:18:3,66100,36810,11090,0,
18:18:10,66200,36877,11102,0,
18:18:17,66300,36938,11125,0,
18:18:24,66400,36998,11138,0,
18:18:30,66500,37058,11153,0,
18:18:39,66600,37128,11172,0,
18:18:48,66700,37184,11182,0,
18:18:57,66800,37242,11202,0,
18:19:5,66900,37304,11221,0,
18:19:14,67000,37353,11233,0,
18:19:21,67100,37413,11253,0,
18:19:27,67200,37471,11269,0,
18:19:34,67300,37540,11285,0,
18:19:41,67400,37597,11304,0,
18:19:49,67500,37670,11319,0,
18:19:57,67600,37739,11336,0,
18:20:6,67700,37792,11348,0,
18:20:15,67800,37848,11367,0,
18:20:23,67900,37899,11384,0,
18:20:32,68000,37973,11404,0,
18:20:40,68100,38020,11418,0,
18:20:47,68200,38069,11434,0,
18:20:56,68300,38125,11453,0,
18:21:5,68400,38174,11467,0,
18:21:14,68500,38223,11495,0,
18:21:22,68600,38260,11506,0,
18:21:29,68700,38317,11527,0,
18:21:37,68800,38371,11538,0,
18:21:45,68900,38439,11547,0,
18:21:53,69000,38499,11565,0,
18:22:2,69100,38551,11574,0,
18:22:10,69200,38605,11589,0,
18:22:15,69300,38643,11602,0,
18:22:20,69400,38698,11620,0,
18:22:28,69500,38754,11634,0,
18:22:34,69600,38812,11648,0,
18:22:41,69700,38878,11659,0,
18:22:50,69800,38921,11679,0,
18:22:53,69900,38975,11691,0,
18:23:1,70000,39028,11701,0,
18:23:10,70100,39083,11721,0,
18:23:17,70200,39125,11732,0,
18:23:26,70300,39181,11747,0,
18:23:35,70400,39234,11765,0,
18:23:43,70500,39282,11786,0,
18:23:52,70600,39338,11808,0,
18:23:58,70700,39392,11825,0,
18:24:5,70800,39459,11843,0,
18:24:14,70900,39507,11860,0,
18:24:23,71000,39562,11876,0,
18:24:32,71100,39618,11892,0,
18:24:37,71200,39673,11905,0,
18:24:46,71300,39729,11920,0,
18:24:53,71400,39786,11937,0,
18:24:58,71500,39857,11958,0,
18:25:3,71600,39895,11973,0,
18:25:9,71700,39945,11985,0,
18:25:18,71800,39995,12004,0,
18:25:27,71900,40048,12023,0,
18:25:35,72000,40120,12040,0,
18:25:44,72100,40177,12054,0,
18:25:52,72200,40250,12077,0,
18:26:0,72300,40308,12093,0,
18:26:7,72400,40371,12116,0,
18:26:15,72500,40417,12142,0,
18:26:22,72600,40467,12161,0,
18:26:31,72700,40519,12177,0,
18:26:39,72800,40568,12193,0,
18:26:49,72900,40634,12211,0,
18:26:51,73000,40683,12222,0,
18:27:0,73100,40737,12240,0,
18:27:9,73200,40796,12256,0,
18:27:16,73300,40842,12276,0,
18:27:24,73400,40891,12300,0,
18:27:32,73500,40934,12312,0,
18:27:39,73600,41003,12331,0,
18:27:46,73700,41061,12345,0,
18:27:55,73800,41122,12359,0,
18:28:4,73900,41175,12372,0,
18:28:13,74000,41229,12393,0,
18:28:20,74100,41302,12412,0,
18:28:29,74200,41349,12426,0,
18:28:38,74300,41411,12445,0,
18:28:47,74400,41470,12460,0,
18:28:56,74500,41518,12484,0,
18:29:3,74600,41563,12503,0,
18:29:11,74700,41617,12519,0,
18:29:20,74800,41676,12533,0,
18:29:28,74900,41722,12549,0,
18:29:33,75000,41794,12559,0,
18:29:42,75100,41833,12570,0,
18:29:51,75200,41890,12583,0,
18:29:59,75300,41941,12599,0,
18:30:8,75400,41993,12617,0,
18:30:16,75500,42052,12635,0,
18:30:22,75600,42114,12644,0,
18:30:31,75700,42183,12659,0,
18:30:36,75800,42228,12674,0,
18:30:43,75900,42282,12688,0,
18:30:49,76000,42327,12699,0,
18:30:57,76100,42378,12712,0,
18:31:6,76200,42443,12737,0,
18:31:15,76300,42491,12753,0,
18:31:24,76400,42557,12770,0,
18:31:34,76500,42616,12786,0,
18:31:42,76600,42674,12800,0,
18:31:49,76700,42721,12813,0,
18:31:58,76800,42782,12825,0,
18:32:6,76900,42832,12848,0,
18:32:12,77000,42883,12860,0,
18:32:18,77100,42939,12871,0,
18:32:25,77200,42988,12884,0,
18:32:34,77300,43047,12905,0,
18:32:40,77400,43091,12924,0,
18:32:48,77500,43141,12936,0,
18:32:57,77600,43197,12961,0,
18:33:6,77700,43242,12974,0,
18:33:15,77800,43312,12994,0,
18:33:23,77900,43365,13013,0,
18:33:30,78000,43422,13032,0,
18:33:38,78100,43474,13045,0,
18:33:46,78200,43524,13060,0,
18:33:55,78300,43586,13076,0,
18:33:59,78400,43621,13086,0,
18:34:8,78500,43688,13106,0,
18:34:17,78600,43738,13126,0,
18:34:24,78700,43792,13140,0,
18:34:33,78800,43851,13154,0,
18:34:40,78900,43897,13177,0,
18:34:48,79000,43957,13204,0,
18:34:56,79100,44003,13218,0,
18:35:3,79200,44052,13230,0,
18:35:12,79300,44104,13251,0,
18:35:21,79400,44158,13275,0,
18:35:27,79500,44226,13287,0,
18:35:33,79600,44280,13303,0,
18:35:41,79700,44329,13318,0,
18:35:50,79800,44387,13331,0,
18:35:58,79900,44444,13353,0,
18:36:6,80000,44503,13368,0,
18:36:15,80100,44556,13392,0,
18:36:23,80200,44618,13407,0,
18:36:29,80300,44674,13419,0,
18:36:37,80400,44723,13435,0,
18:36:45,80500,44777,13448,0,
18:36:54,80600,44836,13459,0,
18:37:1,80700,44890,13478,0,
18:37:10,80800,44944,13496,0,
18:37:19,80900,44996,13507,0,
18:37:27,81000,45045,13519,0,
18:37:34,81100,45101,13546,0,
18:37:42,81200,45164,13563,0,
18:37:49,81300,45223,13584,0,
18:37:57,81400,45276,13601,0,
18:38:6,81500,45336,13620,0,
18:38:16,81600,45394,13634,0,
18:38:24,81700,45459,13649,0,
18:38:30,81800,45524,13670,0,
18:38:39,81900,45571,13680,0,
18:38:48,82000,45637,13707,0,
18:38:57,82100,45689,13720,0,
18:39:6,82200,45748,13732,0,
18:39:14,82300,45807,13751,0,
18:39:23,82400,45866,13770,0,
18:39:32,82500,45923,13781,0,
18:39:37,82600,45970,13794,0,
18:39:45,82700,46032,13812,0,
18:39:54,82800,46086,13823,0,
18:40:2,82900,46151,13834,0,
18:40:11,83000,46219,13843,0,
18:40:18,83100,46281,13856,0,
18:40:26,83200,46338,13874,0,
18:40:35,83300,46385,13898,0,
18:40:43,83400,46452,13917,0,
18:40:52,83500,46516,13931,0,
18:40:59,83600,46574,13951,0,
18:41:6,83700,46635,13970,0,
18:41:15,83800,46690,13980,0,
18:41:23,83900,46760,13994,0,
18:41:32,84000,46808,14003,0,
18:41:41,84100,46871,14026,0,
18:41:50,84200,46925,14042,0,
18:41:59,84300,46998,14060,0,
18:42:7,84400,47040,14078,0,
18:42:16,84500,47087,14094,0,
18:42:22,84600,47161,14106,0,
18:42:30,84700,47208,14120,0,
18:42:37,84800,47259,14134,0,
18:42:44,84900,47309,14147,0,
18:42:51,85000,47372,14166,0,
18:43:0,85100,47427,14184,0,
18:43:9,85200,47476,14210,0,
18:43:18,85300,47533,14228,0,
18:43:25,85400,47587,14241,0,
18:43:34,85500,47638,14263,0,
18:43:43,85600,47676,14279,0,
18:43:52,85700,47724,14297,0,
18:43:58,85800,47766,14309,0,
18:44:7,85900,47818,14328,0,
18:44:13,86000,47881,14343,0,
18:44:22,86100,47920,14357,0,
18:44:31,86200,47982,14379,0,
18:44:39,86300,48035,14403,0,
18:44:47,86400,48097,14417,0,
18:44:55,86500,48160,14436,0,
18:45:3,86600,48215,14444,0,
18:45:10,86700,48275,14458,0,
18:45:17,86800,48335,14471,0,
18:45:26,86900,48399,14489,0,
18:45:34,87000,48454,14505,0,
18:45:43,87100,48510,14527,0,
18:45:51,87200,48571,14541,0,
18:45:59,87300,48616,14554,0,
18:46:7,87400,48688,14569,0,
18:46:15,87500,48742,14578,0,
18:46:24,87600,48802,14593,0,
18:46:31,87700,48863,14603,0,
18:46:37,87800,48915,14618,0,
18:46:45,87900,48975,14637,0,
18:46:54,88000,49038,14647,0,
18:47:2,88100,49101,14664,0,
18:47:11,88200,49149,14684,0,
18:47:20,88300,49220,14697,0,
18:47:25,88400,49277,14712,0,
18:47:33,88500,49331,14732,0,
18:47:41,88600,49387,14746,0,
18:47:50,88700,49432,14753,0,
18:47:58,88800,49495,14777,0,
18:48:6,88900,49542,14789,0,
18:48:15,89000,49597,14806,0,
18:48:24,89100,49660,14826,0,
18:48:33,89200,49719,14841,0,
18:48:42,89300,49774,14857,0,
18:48:48,89400,49835,14873,0,
18:48:57,89500,49891,14899,0,
18:49:6,89600,49943,14910,0,
18:49:14,89700,50015,14930,0,
18:49:23,89800,50078,14953,0,
18:49:31,89900,50126,14977,0,
18:49:40,90000,50174,15005,0,
18:49:49,90100,50229,15020,0,
18:49:57,90200,50293,15040,0,
18:50:1,90300,50333,15058,0,
18:50:11,90400,50400,15079,0,
18:50:20,90500,50457,15085,0,
18:50:29,90600,50502,15101,0,
18:50:37,90700,50566,15120,0,
18:50:46,90800,50617,15135,0,
18:50:55,90900,50686,15159,0,
18:51:3,91000,50725,15177,0,
18:51:10,91100,50795,15196,0,
18:51:16,91200,50849,15210,0,
18:51:23,91300,50896,15222,0,
18:51:32,91400,50948,15246,0,
18:51:38,91500,51004,15254,0,
18:51:46,91600,51069,15274,0,
18:51:55,91700,51122,15285,0,
18:52:4,91800,51182,15303,0,
18:52:12,91900,51232,15318,0,
18:52:21,92000,51280,15334,0,
18:52:30,92100,51335,15350,0,
18:52:38,92200,51398,15359,0,
18:52:47,92300,51459,15381,0,
18:52:56,92400,51501,15400,0,
18:53:5,92500,51573,15421,0,
18:53:12,92600,51629,15443,0,
18:53:21,92700,51688,15450,0,
18:53:30,92800,51742,15465,0,
18:53:38,92900,51793,15483,0,
18:53:45,93000,51856,15502,0,
18:53:54,93100,51902,15515,0,
18:54:3,93200,51965,15534,0,
18:54:12,93300,52007,15551,0,
18:54:21,93400,52060,15571,0,
18:54:29,93500,52107,15586,0,
18:54:38,93600,52144,15598,0,
18:54:47,93700,52205,15615,0,
18:54:55,93800,52254,15633,0,
18:55:2,93900,52319,15646,0,
18:55:11,94000,52372,15661,0,
18:55:20,94100,52433,15673,0,
18:55:29,94200,52494,15684,0,
18:55:38,94300,52542,15698,2,
18:55:47,94400,52594,15718,2,
18:55:55,94500,52640,15739,2,
18:56:1,94600,52706,15762,2,
18:56:8,94700,52755,15772,2,
18:56:16,94800,52811,15788,2,
18:56:21,94900,52864,15804,2,
18:56:29,95000,52916,15817,2,
18:56:37,95100,52976,15832,2,
18:56:41,95200,53024,15841,2,
18:56:48,95300,53092,15850,2,
18:56:57,95400,53144,15866,2,
18:57:6,95500,53200,15878,2,
18:57:14,95600,53256,15888,2,
18:57:23,95700,53308,15914,2,
18:57:30,95800,53364,15942,2,
18:57:39,95900,53425,15958,2,
18:57:45,96000,53491,15975,2,
18:57:52,96100,53540,15994,2,
18:58:1,96200,53612,16011,2,
18:58:7,96300,53676,16033,2,
18:58:15,96400,53723,16049,2,
18:58:22,96500,53787,16071,2,
18:58:30,96600,53831,16089,2,
18:58:38,96700,53896,16104,2,
18:58:47,96800,53957,16118,2,
18:58:53,96900,54011,16129,2,
18:59:1,97000,54055,16149,2,
18:59:8,97100,54102,16173,2,
18:59:17,97200,54165,16192,2,
18:59:25,97300,54207,16206,2,
18:59:34,97400,54284,16221,2,
18:59:41,97500,54329,16232,2,
18:59:48,97600,54378,16252,2,
18:59:56,97700,54449,16265,2,
19:0:6,97800,54496,16283,2,
19:0:13,97900,54568,16306,2,
19:0:22,98000,54624,16319,2,
19:0:31,98100,54694,16341,2,
19:0:38,98200,54749,16348,2,
19:0:47,98300,54794,16368,2,
19:0:55,98400,54839,16394,2,
19:1:4,98500,54893,16407,2,
19:1:9,98600,54944,16422,2,
19:1:14,98700,54997,16432,2,
19:1:23,98800,55059,16443,2,
19:1:31,98900,55117,16458,2,
19:1:40,99000,55182,16469,2,
19:1:49,99100,55233,16484,2,
19:1:57,99200,55288,16500,2,
19:2:6,99300,55357,16519,2,
19:2:13,99400,55392,16531,2,
19:2:20,99500,55457,16559,2,
19:2:28,99600,55502,16574,2,
19:2:37,99700,55556,16590,2,
19:2:45,99800,55607,16607,2,
19:2:53,99900,55657,16613,2,
19:3:1,100000,55717,16634,2,
19:3:7,100100,55764,16653,2,
19:3:14,100200,55821,16670,2,
19:3:23,100300,55881,16683,2,
19:3:30,100400,55937,16705,2,
19:3:38,100500,55989,16725,2,
19:3:45,100600,56032,16740,2,
19:3:53,100700,56087,16765,2,
19:4:0,100800,56128,16777,2,
19:4:9,100900,56192,16794,2,
19:4:19,101000,56245,16812,2,
19:4:28,101100,56312,16830,2,
19:4:36,101200,56364,16848,2,
19:4:45,101300,56409,16869,2,
19:4:53,101400,56467,16882,2,
19:5:1,101500,56511,16897,2,
19:5:10,101600,56575,16922,2,
19:5:18,101700,56628,16941,2,
19:5:27,101800,56686,16964,2,
19:5:36,101900,56737,16983,2,
19:5:44,102000,56780,16996,2,
19:5:52,102100,56834,17015,2,
19:6:0,102200,56882,17026,2,
19:6:9,102300,56938,17049,2,
19:6:18,102400,56997,17076,2,
19:6:27,102500,57065,17090,2,
19:6:34,102600,57112,17113,2,
19:6:42,102700,57153,17122,2,
19:6:48,102800,57216,17149,2,
19:6:57,102900,57264,17164,2,
19:7:5,103000,57331,17184,2,
19:7:14,103100,57391,17205,2,
19:7:22,103200,57445,17219,2,
19:7:28,103300,57502,17233,2,
19:7:36,103400,57559,17243,2,
19:7:44,103500,57621,17257,2,
19:7:48,103600,57675,17270,2,
19:7:55,103700,57737,17292,2,
19:8:4,103800,57792,17304,2,
19:8:13,103900,57855,17319,2,
19:8:21,104000,57900,17335,2,
19:8:28,104100,57944,17344,2,
19:8:35,104200,57999,17356,2,
19:8:43,104300,58049,17369,2,
19:8:51,104400,58107,17390,2,
19:9:0,104500,58162,17400,2,
19:9:7,104600,58226,17415,2,
19:9:16,104700,58277,17443,2,
19:9:23,104800,58324,17457,2,
19:9:31,104900,58376,17479,2,
19:9:36,105000,58432,17495,2,
19:9:44,105100,58486,17516,2,
19:9:52,105200,58547,17529,2,
19:10:2,105300,58613,17547,2,
19:10:6,105400,58660,17566,2,
19:10:13,105500,58704,17583,2,
19:10:22,105600,58759,17600,2,
19:10:30,105700,58815,17612,2,
19:10:38,105800,58865,17626,2,
19:10:47,105900,58916,17647,2,
19:10:56,106000,58981,17664,2,
19:11:4,106100,59035,17684,2,
19:11:12,106200,59086,17702,2,
19:11:21,106300,59142,17728,2,
19:11:30,106400,59184,17750,2,
19:11:39,106500,59239,17768,2,
19:11:47,106600,59288,17787,2,
19:11:56,106700,59340,17810,2,
19:12:5,106800,59405,17823,2,
19:12:11,106900,59461,17832,2,
19:12:19,107000,59528,17853,2,
19:12:28,107100,59566,17863,2,
19:12:34,107200,59627,17877,2,
19:12:42,107300,59679,17887,2,
19:12:50,107400,59740,17900,2,
19:12:56,107500,59800,17912,2,
19:13:3,107600,59856,17920,2,
19:13:8,107700,59922,17933,2,
19:13:13,107800,59963,17945,2,
19:13:21,107900,60020,17962,2,
19:13:29,108000,60070,17983,2,
19:13:38,108100,60129,17996,2,
19:13:47,108200,60178,18019,2,
19:13:55,108300,60223,18029,2,
19:14:4,108400,60283,18046,2,
19:14:13,108500,60341,18056,2,
19:14:19,108600,60405,18072,2,
19:14:27,108700,60466,18090,2,
19:14:36,108800,60515,18111,2,
19:14:45,108900,60576,18129,2,
19:14:52,109000,60635,18148,2,
19:14:59,109100,60696,18161,2,
19:15:8,109200,60755,18175,2,
19:15:16,109300,60809,18199,2,
19:15:23,109400,60864,18213,2,
19:15:32,109500,60927,18236,2,
19:15:40,109600,60995,18257,2,
19:15:49,109700,61044,18273,2,
19:15:57,109800,61099,18293,2,
19:16:4,109900,61137,18308,2,
19:16:11,110000,61205,18328,2,
19:16:19,110100,61256,18340,2,
19:16:28,110200,61306,18363,2,
19:16:36,110300,61371,18375,2,
19:16:44,110400,61423,18391,2,
19:16:49,110500,61481,18404,2,
19:16:53,110600,61535,18417,2,
19:16:58,110700,61598,18434,2,
19:17:7,110800,61648,18453,2,
19:17:16,110900,61694,18473,2,
19:17:25,111000,61753,18491,2,
19:17:34,111100,61806,18514,2,
19:17:42,111200,61873,18531,2,
19:17:51,111300,61922,18544,2,
19:17:56,111400,61993,18563,2,
19:18:3,111500,62049,18582,2,
19:18:13,111600,62106,18605,2,
19:18:20,111700,62174,18621,2,
19:18:29,111800,62234,18639,2,
19:18:36,111900,62310,18658,2,
19:18:43,112000,62370,18674,2,
19:18:49,112100,62423,18690,2,
19:18:55,112200,62476,18707,2,
19:19:3,112300,62525,18728,2,
19:19:11,112400,62576,18745,2,
19:19:19,112500,62617,18760,2,
19:19:28,112600,62670,18776,2,
19:19:35,112700,62717,18791,2,
19:19:44,112800,62773,18810,2,
19:19:49,112900,62814,18826,2,
19:19:58,113000,62870,18841,2,
19:20:4,113100,62933,18850,2,
19:20:8,113200,62968,18863,2,
19:20:15,113300,63027,18883,2,
19:20:22,113400,63075,18898,2,
19:20:27,113500,63125,18918,2,
19:20:33,113600,63175,18935,2,
19:20:40,113700,63237,18951,2,
19:20:47,113800,63288,18969,2,
19:20:56,113900,63334,18986,2,
19:20:58,114000,63404,19010,2,
19:21:5,114100,63453,19027,2,
19:21:11,114200,63521,19053,2,
19:21:17,114300,63582,19070,2,
19:21:18,114400,63632,19086,2,
19:21:26,114500,63693,19103,2,
19:21:33,114600,63741,19115,2,
19:21:41,114700,63793,19140,2,
19:21:50,114800,63840,19157,2,
19:21:56,114900,63912,19179,2,
19:22:3,115000,63971,19194,2,
19:22:11,115100,64030,19215,2,
19:22:17,115200,64093,19230,2,
19:22:25,115300,64144,19253,2,
19:22:31,115400,64206,19275,2,
19:22:37,115500,64245,19286,2,
19:22:43,115600,64308,19311,2,
19:22:49,115700,64358,19332,2,
19:22:56,115800,64401,19358,2,
19:23:4,115900,64468,19383,2,
19:23:13,116000,64512,19399,2,
19:23:19,116100,64575,19417,2,
19:23:28,116200,64620,19430,2,
19:23:35,116300,64681,19447,2,
19:23:43,116400,64739,19463,2,
19:23:49,116500,64796,19480,2,
19:23:55,116600,64862,19500,2,
19:24:2,116700,64912,19518,2,
19:24:4,116800,64967,19542,2,
19:24:8,116900,65014,19559,2,
19:24:14,117000,65080,19582,2,
19:24:20,117100,65130,19600,2,
19:24:24,117200,65189,19614,2,
19:24:28,117300,65247,19626,2,
19:24:35,117400,65293,19642,2,
19:24:43,117500,65343,19667,2,
19:24:52,117600,65387,19689,2,
19:24:57,117700,65437,19709,2,
19:25:3,117800,65483,19725,2,
19:25:8,117900,65534,19738,2,
19:25:16,118000,65584,19763,2,
19:25:25,118100,65635,19772,2,
19:25:28,118200,65706,19784,2,
19:25:34,118300,65743,19794,2,
19:25:42,118400,65802,19811,2,
19:25:51,118500,65846,19832,2,
19:25:54,118600,65900,19850,2,
19:25:59,118700,65950,19859,2,
19:26:6,118800,66003,19873,2,
19:26:14,118900,66065,19886,2,
19:26:20,119000,66119,19898,2,
19:26:26,119100,66189,19920,2,
19:26:32,119200,66247,19934,2,
19:26:39,119300,66306,19948,2,
19:26:46,119400,66361,19975,2,
19:26:53,119500,66407,19992,2,
19:26:57,119600,66464,20006,2,
19:27:4,119700,66506,20025,2,
19:27:10,119800,66572,20042,2,
19:27:15,119900,66641,20049,2,
19:27:22,120000,66694,20065,2,
19:27:29,120100,66752,20082,2,
19:27:35,120200,66802,20099,2,
19:27:43,120300,66862,20124,2,
19:27:52,120400,66902,20136,2,
19:27:59,120500,66962,20153,2,
19:28:5,120600,67015,20165,2,
19:28:10,120700,67073,20177,2,
19:28:19,120800,67138,20193,2,
19:28:26,120900,67189,20207,2,
19:28:33,121000,67250,20226,2,
19:28:40,121100,67318,20240,2,
19:28:44,121200,67371,20260,2,
19:28:50,121300,67428,20276,2,
19:28:58,121400,67479,20294,2,
19:29:2,121500,67540,20309,2,
19:29:8,121600,67583,20328,2,
19:29:15,121700,67644,20352,2,
19:29:21,121800,67696,20364,2,
19:29:27,121900,67762,20383,2,
19:29:34,122000,67814,20403,2,
19:29:40,122100,67879,20423,2,
19:29:48,122200,67937,20441,2,
19:29:54,122300,67988,20462,2,
19:30:2,122400,68033,20483,2,
19:30:11,122500,68083,20500,2,
19:30:19,122600,68164,20511,2,
19:30:27,122700,68210,20525,2,
19:30:36,122800,68252,20542,2,
19:30:44,122900,68309,20556,2,
19:30:51,123000,68356,20568,2,
19:30:58,123100,68428,20587,2,
19:31:3,123200,68466,20597,2,
19:31:10,123300,68530,20620,2,
19:31:17,123400,68586,20632,2,
19:31:23,123500,68635,20650,2,
19:31:31,123600,68699,20669,2,
19:31:37,123700,68742,20686,2,
19:31:45,123800,68799,20703,2,
19:31:52,123900,68857,20726,2,
19:32:1,124000,68928,20740,2,
19:32:5,124100,68979,20751,2,
19:32:14,124200,69028,20773,2,
19:32:20,124300,69087,20783,2,
19:32:29,124400,69150,20801,2,
19:32:34,124500,69220,20811,2,
19:32:39,124600,69270,20823,2,
19:32:45,124700,69328,20843,2,
19:32:53,124800,69386,20862,2,
19:33:1,124900,69437,20885,2,
19:33:8,125000,69514,20906,2,
19:33:16,125100,69573,20917,2,
19:33:25,125200,69640,20935,2,
19:33:30,125300,69691,20950,2,
19:33:38,125400,69762,20971,2,
19:33:44,125500,69813,20990,2,
19:33:51,125600,69864,21009,2,
19:33:59,125700,69917,21026,2,
19:34:5,125800,69971,21043,2,
19:34:15,125900,70021,21060,2,
19:34:20,126000,70068,21077,2,
19:34:28,126100,70134,21096,2,
19:34:34,126200,70179,21104,2,
19:34:40,126300,70226,21120,2,
19:34:47,126400,70273,21139,2,
19:34:54,126500,70332,21145,2,
19:35:0,126600,70389,21168,2,
19:35:6,126700,70440,21182,2,
19:35:13,126800,70502,21206,2,
19:35:19,126900,70561,21221,2,
19:35:25,127000,70609,21237,2,
19:35:33,127100,70665,21256,2,
19:35:38,127200,70715,21266,2,
19:35:46,127300,70777,21280,2,
19:35:52,127400,70831,21295,2,
19:35:58,127500,70895,21310,2,
19:36:5,127600,70946,21327,2,
19:36:12,127700,70996,21338,2,
19:36:20,127800,71058,21355,2,
19:36:29,127900,71099,21368,2,
19:36:36,128000,71164,21380,2,
19:36:45,128100,71218,21394,2,
19:36:52,128200,71279,21406,2,
19:37:1,128300,71339,21425,2,
19:37:9,128400,71399,21437,2,
19:37:16,128500,71455,21451,2,
19:37:23,128600,71507,21462,2,
19:37:31,128700,71571,21477,2,
19:37:40,128800,71621,21497,2,
19:37:48,128900,71684,21515,2,
19:37:54,129000,71721,21524,2,
19:38:1,129100,71773,21537,2,
19:38:6,129200,71821,21553,2,
19:38:14,129300,71876,21574,2,
19:38:22,129400,71933,21597,2,
19:38:27,129500,71971,21616,2,
19:38:34,129600,72028,21634,2,
19:38:42,129700,72090,21648,2,
19:38:49,129800,72159,21665,2,
19:38:51,129900,72222,21676,2,
19:38:57,130000,72274,21688,2,
19:39:6,130100,72329,21712,2,
19:39:11,130200,72383,21723,2,
19:39:17,130300,72433,21740,2,
19:39:25,130400,72473,21748,2,
19:39:32,130500,72536,21762,2,
19:39:39,130600,72601,21784,2,
19:39:47,130700,72665,21795,2,
19:39:55,130800,72728,21812,2,
19:40:2,130900,72778,21824,2,
19:40:8,131000,72833,21847,2,
19:40:14,131100,72882,21865,2,
19:40:20,131200,72949,21874,2,
19:40:26,131300,73005,21898,2,
19:40:34,131400,73058,21917,2,
19:40:41,131500,73122,21938,2,
19:40:46,131600,73177,21958,2,
19:40:53,131700,73235,21973,2,
19:41:0,131800,73292,21986,2,
19:41:5,131900,73340,22012,2,
19:41:10,132000,73389,22025,2,
19:41:18,132100,73448,22044,2,
19:41:27,132200,73507,22060,2,
19:41:35,132300,73562,22075,2,
19:41:37,132400,73627,22089,2,
19:41:44,132500,73681,22104,2,
19:41:51,132600,73722,22132,2,
19:41:59,132700,73778,22151,2,
19:42:5,132800,73833,22166,2,
19:42:12,132900,73898,22191,2,
19:42:20,133000,73953,22204,2,
19:42:26,133100,74018,22221,2,
19:42:33,133200,74076,22236,2,
19:42:39,133300,74138,22257,2,
19:42:45,133400,74197,22275,2,
