14:18:39,100,35,10,0,
14:18:40,200,93,27,0,
14:18:40,300,157,46,0,
14:18:41,400,222,59,0,
14:18:41,500,272,72,0,
14:18:42,600,335,85,0,
14:18:42,700,385,94,0,
14:18:42,800,447,115,0,
14:18:43,900,500,134,0,
14:18:43,1000,551,152,0,
14:18:44,1100,610,170,0,
14:18:44,1200,668,182,0,
14:18:45,1300,728,202,0,
14:18:45,1400,769,217,0,
14:18:45,1500,832,235,0,
14:18:46,1600,895,250,0,
14:18:46,1700,953,269,0,
14:18:47,1800,1017,291,0,
14:18:47,1900,1061,311,0,
14:18:48,2000,1125,323,0,
14:18:48,2100,1178,337,0,
14:18:49,2200,1241,363,0,
14:18:50,2300,1303,383,0,
14:18:50,2400,1368,400,0,
14:18:50,2500,1411,416,0,
14:18:51,2600,1464,427,0,
14:18:51,2700,1527,446,0,
14:18:52,2800,1581,457,0,
14:18:52,2900,1639,478,0,
14:18:52,3000,1685,494,0,
14:18:53,3100,1734,509,0,
14:18:53,3200,1781,532,0,
14:18:53,3300,1832,547,0,
14:18:54,3400,1895,563,0,
14:18:54,3500,1954,570,0,
14:18:55,3600,2012,586,0,
14:18:55,3700,2057,604,0,
14:18:55,3800,2111,626,0,
14:18:56,3900,2159,639,0,
14:18:56,4000,2215,649,0,
14:18:57,4100,2290,670,0,
14:18:57,4200,2354,684,0,
14:18:58,4300,2401,697,0,
14:18:58,4400,2455,711,0,
14:18:58,4500,2507,733,0,
14:18:59,4600,2562,752,0,
14:19:0,4700,2628,766,0,
14:19:0,4800,2675,785,0,
14:19:1,4900,2727,802,0,
14:19:1,5000,2788,820,0,
14:19:2,5100,2853,835,0,
14:19:2,5200,2903,854,0,
14:19:2,5300,2949,873,0,
14:19:3,5400,2996,888,0,
14:19:3,5500,3052,911,0,
14:19:4,5600,3099,925,0,
14:19:4,5700,3153,953,0,
14:19:4,5800,3199,967,0,
14:19:5,5900,3252,979,0,
14:19:6,6000,3315,998,0,
14:19:6,6100,3368,1017,0,
14:19:7,6200,3422,1042,0,
14:19:7,6300,3469,1070,0,
14:19:8,6400,3535,1092,0,
14:19:8,6500,3589,1115,0,
14:19:8,6600,3642,1128,0,
14:19:9,6700,3697,1148,0,
14:19:9,6800,3747,1165,0,
14:19:10,6900,3817,1173,0,
14:19:10,7000,3866,1188,0,
14:19:10,7100,3929,1198,0,
14:19:11,7200,3978,1213,0,
14:19:11,7300,4028,1236,0,
14:19:12,7400,4087,1258,0,
14:19:12,7500,4145,1273,0,
14:19:13,7600,4205,1283,0,
14:19:13,7700,4244,1304,0,
14:19:14,7800,4306,1329,0,
14:19:14,7900,4369,1340,0,
14:19:14,8000,4425,1350,0,
14:19:15,8100,4467,1365,0,
14:19:15,8200,4521,1381,0,
14:19:15,8300,4578,1402,0,
14:19:16,8400,4622,1417,0,
14:19:16,8500,4672,1441,0,
14:19:17,8600,4728,1463,0,
14:19:17,8700,4776,1474,0,
14:19:17,8800,4833,1489,0,
14:19:18,8900,4876,1507,0,
14:19:18,9000,4925,1526,0,
14:19:18,9100,4976,1535,0,
14:19:19,9200,5036,1553,0,
14:19:19,9300,5086,1565,0,
14:19:19,9400,5142,1587,0,
14:19:20,9500,5205,1600,0,
14:19:20,9600,5260,1612,0,
14:19:21,9700,5305,1643,0,
14:19:21,9800,5353,1658,0,
14:19:22,9900,5411,1674,0,
14:19:22,10000,5477,1689,0,
14:19:22,10100,5530,1703,0,
14:19:23,10200,5588,1723,0,
14:19:23,10300,5642,1741,0,
14:19:24,10400,5706,1755,0,
14:19:24,10500,5753,1775,0,
14:19:25,10600,5805,1793,0,
14:19:25,10700,5856,1801,0,
14:19:26,10800,5918,1817,0,
14:19:26,10900,5963,1836,0,
14:19:26,11000,6011,1854,0,
14:19:27,11100,6062,1872,0,
14:19:27,11200,6112,1885,0,
14:19:27,11300,6169,1899,0,
14:19:28,11400,6215,1914,0,
14:19:28,11500,6266,1933,0,
14:19:29,11600,6326,1953,0,
14:19:29,11700,6379,1970,0,
14:19:30,11800,6443,1990,0,
14:19:30,11900,6494,2004,0,
14:19:31,12000,6555,2024,0,
14:19:31,12100,6617,2036,0,
14:19:32,12200,6664,2051,0,
14:19:32,12300,6713,2061,0,
14:19:32,12400,6762,2072,0,
14:19:32,12500,6817,2092,0,
14:19:33,12600,6867,2108,0,
14:19:34,12700,6929,2137,0,
14:19:34,12800,6984,2158,0,
14:19:35,12900,7034,2171,0,
14:19:35,13000,7084,2184,0,
14:19:35,13100,7130,2197,0,
14:19:36,13200,7191,2222,0,
14:19:36,13300,7232,2233,0,
14:19:37,13400,7296,2255,0,
14:19:37,13500,7352,2268,0,
14:19:38,13600,7398,2283,0,
14:19:38,13700,7442,2296,0,
14:19:38,13800,7503,2305,0,
14:19:39,13900,7562,2317,0,
14:19:39,14000,7613,2326,0,
14:19:40,14100,7691,2346,0,
14:19:41,14200,7746,2363,0,
14:19:41,14300,7807,2377,0,
14:19:41,14400,7857,2394,0,
14:19:42,14500,7897,2406,0,
14:19:42,14600,7956,2424,0,
14:19:42,14700,7998,2434,0,
14:19:43,14800,8059,2445,0,
14:19:43,14900,8109,2458,0,
14:19:43,15000,8161,2479,0,
14:19:44,15100,8211,2497,0,
14:19:44,15200,8257,2521,0,
14:19:45,15300,8316,2536,0,
14:19:45,15400,8362,2558,0,
14:19:46,15500,8430,2572,0,
14:19:46,15600,8487,2584,0,
14:19:46,15700,8536,2597,0,
14:19:47,15800,8575,2612,0,
14:19:47,15900,8618,2629,0,
14:19:47,16000,8687,2640,0,
14:19:48,16100,8731,2652,0,
14:19:48,16200,8796,2667,0,
14:19:48,16300,8843,2681,0,
14:19:49,16400,8901,2701,0,
14:19:49,16500,8962,2717,0,
14:19:50,16600,9007,2734,0,
14:19:50,16700,9064,2754,0,
14:19:51,16800,9132,2765,0,
14:19:52,16900,9193,2788,0,
14:19:52,17000,9254,2800,0,
14:19:53,17100,9312,2821,0,
14:19:53,17200,9372,2836,0,
14:19:54,17300,9427,2846,0,
14:19:54,17400,9494,2862,0,
14:19:55,17500,9536,2882,0,
14:19:55,17600,9598,2910,0,
14:19:55,17700,9656,2923,0,
14:19:56,17800,9719,2936,0,
14:19:56,17900,9779,2948,0,
14:19:57,18000,9836,2966,0,
14:19:57,18100,9903,2984,0,
14:19:58,18200,9955,3000,0,
14:19:58,18300,10008,3033,0,
14:19:59,18400,10066,3054,0,
14:19:59,18500,10121,3076,0,
14:20:0,18600,10185,3089,0,
14:20:0,18700,10240,3104,0,
14:20:1,18800,10298,3122,0,
14:20:1,18900,10342,3137,0,
14:20:1,19000,10401,3151,0,
14:20:2,19100,10464,3164,0,
14:20:2,19200,10515,3179,0,
14:20:2,19300,10563,3197,0,
14:20:3,19400,10615,3209,0,
14:20:3,19500,10675,3233,0,
14:20:4,19600,10732,3245,0,
14:20:4,19700,10792,3263,0,
14:20:5,19800,10842,3278,0,
14:20:5,19900,10898,3298,0,
14:20:6,20000,10962,3313,0,
14:20:6,20100,11010,3335,0,
14:20:7,20200,11071,3347,0,
14:20:7,20300,11111,3356,0,
14:20:7,20400,11167,3377,0,
14:20:8,20500,11226,3391,0,
14:20:8,20600,11271,3412,0,
14:20:9,20700,11336,3431,0,
14:20:9,20800,11386,3446,0,
14:20:9,20900,11440,3458,0,
14:20:10,21000,11489,3468,0,
14:20:10,21100,11550,3484,0,
14:20:11,21200,11604,3500,0,
14:20:11,21300,11662,3515,0,
14:20:11,21400,11704,3523,0,
14:20:12,21500,11754,3540,0,
14:20:12,21600,11805,3570,0,
14:20:12,21700,11850,3589,0,
14:20:13,21800,11905,3613,0,
14:20:13,21900,11949,3631,0,
14:20:14,22000,11988,3654,0,
14:20:14,22100,12041,3674,0,
14:20:14,22200,12080,3688,0,
14:20:14,22300,12129,3710,0,
14:20:15,22400,12173,3728,0,
14:20:15,22500,12238,3742,0,
14:20:16,22600,12301,3754,0,
14:20:16,22700,12363,3769,0,
14:20:17,22800,12431,3785,0,
14:20:17,22900,12481,3797,0,
14:20:17,23000,12534,3812,0,
14:20:18,23100,12576,3825,0,
14:20:18,23200,12635,3846,0,
14:20:18,23300,12690,3858,0,
14:20:19,23400,12740,3871,0,
14:20:19,23500,12797,3889,0,
14:20:20,23600,12859,3900,0,
14:20:20,23700,12915,3913,0,
14:20:20,23800,12962,3929,0,
14:20:21,23900,13026,3946,0,
14:20:21,24000,13084,3966,0,
14:20:22,24100,13147,3979,0,
14:20:22,24200,13194,3998,0,
14:20:23,24300,13238,4014,0,
14:20:23,24400,13305,4033,0,
14:20:23,24500,13356,4045,0,
14:20:24,24600,13418,4062,0,
14:20:24,24700,13460,4079,0,
14:20:25,24800,13520,4096,0,
14:20:25,24900,13567,4112,0,
14:20:25,25000,13622,4121,0,
14:20:26,25100,13675,4140,0,
14:20:26,25200,13728,4156,0,
14:20:27,25300,13781,4176,0,
14:20:27,25400,13838,4196,0,
14:20:28,25500,13891,4221,0,
14:20:28,25600,13926,4236,0,
14:20:28,25700,13977,4250,0,
14:20:29,25800,14031,4266,0,
14:20:29,25900,14084,4274,0,
14:20:29,26000,14146,4290,0,
14:20:30,26100,14199,4310,0,
14:20:30,26200,14248,4322,0,
14:20:31,26300,14314,4336,0,
14:20:31,26400,14375,4349,0,
14:20:32,26500,14439,4364,0,
14:20:32,26600,14488,4378,0,
14:20:33,26700,14560,4399,0,
14:20:33,26800,14620,4411,0,
14:20:34,26900,14675,4428,0,
14:20:34,27000,14722,4445,0,
14:20:34,27100,14765,4463,0,
14:20:35,27200,14833,4478,0,
14:20:35,27300,14880,4492,0,
14:20:36,27400,14939,4510,0,
14:20:36,27500,14982,4523,0,
14:20:36,27600,15037,4538,0,
14:20:37,27700,15103,4550,0,
14:20:38,27800,15152,4570,0,
14:20:38,27900,15212,4583,0,
14:20:38,28000,15252,4593,0,
14:20:39,28100,15309,4612,0,
14:20:39,28200,15373,4623,0,
14:20:40,28300,15430,4639,0,
14:20:40,28400,15486,4660,0,
14:20:41,28500,15546,4670,0,
14:20:41,28600,15605,4693,0,
14:20:42,28700,15650,4707,0,
14:20:42,28800,15715,4731,0,
14:20:43,28900,15767,4748,0,
14:20:43,29000,15825,4767,0,
14:20:43,29100,15887,4773,0,
14:20:44,29200,15934,4790,0,
14:20:44,29300,15985,4803,0,
14:20:45,29400,16041,4821,0,
14:20:45,29500,16110,4838,0,
14:20:46,29600,16166,4857,0,
14:20:46,29700,16227,4872,0,
14:20:47,29800,16279,4891,0,
14:20:47,29900,16336,4902,0,
14:20:48,30000,16399,4920,0,
14:20:48,30100,16448,4933,0,
14:20:49,30200,16509,4951,0,
14:20:49,30300,16568,4975,0,
14:20:50,30400,16623,4989,0,
14:20:50,30500,16687,5008,0,
14:20:51,30600,16738,5022,0,
14:20:51,30700,16793,5037,0,
14:20:51,30800,16839,5051,0,
14:20:52,30900,16901,5065,0,
14:20:52,31000,16951,5084,0,
14:20:53,31100,17024,5097,0,
14:20:53,31200,17076,5110,0,
14:20:54,31300,17119,5124,0,
14:20:54,31400,17185,5148,0,
14:20:55,31500,17234,5165,0,
14:20:55,31600,17292,5180,0,
14:20:55,31700,17356,5188,0,
14:20:56,31800,17410,5204,0,
14:20:56,31900,17461,5215,0,
14:20:56,32000,17516,5233,0,
14:20:57,32100,17582,5249,0,
14:20:57,32200,17628,5266,0,
14:20:58,32300,17691,5290,0,
14:20:58,32400,17737,5309,0,
14:20:59,32500,17790,5329,0,
14:20:59,32600,17831,5350,0,
14:20:59,32700,17877,5365,0,
14:21:0,32800,17935,5382,0,
14:21:0,32900,17982,5399,0,
14:21:1,33000,18035,5417,0,
14:21:1,33100,18088,5429,0,
14:21:1,33200,18147,5447,0,
14:21:1,33300,18191,5458,0,
14:21:2,33400,18235,5473,0,
14:21:2,33500,18285,5487,0,
14:21:3,33600,18335,5496,0,
14:21:3,33700,18392,5521,0,
14:21:4,33800,18455,5536,0,
14:21:4,33900,18519,5556,0,
14:21:5,34000,18577,5579,0,
14:21:5,34100,18626,5594,0,
14:21:6,34200,18667,5613,0,
14:21:6,34300,18720,5627,0,
14:21:6,34400,18785,5645,0,
14:21:7,34500,18836,5665,0,
14:21:7,34600,18891,5680,0,
14:21:8,34700,18952,5696,0,
14:21:8,34800,19009,5715,0,
14:21:9,34900,19069,5735,0,
14:21:10,35000,19122,5755,0,
14:21:10,35100,19193,5769,0,
14:21:10,35200,19236,5779,0,
14:21:11,35300,19287,5792,0,
14:21:11,35400,19340,5807,0,
14:21:11,35500,19397,5813,0,
14:21:12,35600,19457,5828,0,
14:21:12,35700,19503,5843,0,
14:21:13,35800,19559,5859,0,
14:21:13,35900,19608,5876,0,
14:21:14,36000,19670,5895,0,
14:21:14,36100,19726,5912,0,
14:21:15,36200,19769,5925,0,
14:21:15,36300,19833,5946,0,
14:21:15,36400,19879,5958,0,
14:21:16,36500,19936,5972,0,
14:21:16,36600,19994,5989,0,
14:21:17,36700,20050,6006,0,
14:21:17,36800,20108,6021,0,
14:21:17,36900,20154,6032,0,
14:21:18,37000,20218,6052,0,
14:21:18,37100,20271,6065,0,
14:21:19,37200,20336,6080,0,
14:21:19,37300,20392,6094,0,
14:21:19,37400,20442,6105,0,
14:21:20,37500,20502,6122,2,
14:21:20,37600,20554,6140,2,
14:21:21,37700,20608,6158,2,
14:21:21,37800,20650,6173,2,
14:21:22,37900,20721,6193,2,
14:21:22,38000,20771,6210,2,
14:21:22,38100,20830,6226,2,
14:21:23,38200,20886,6250,2,
14:21:23,38300,20944,6265,2,
14:21:24,38400,21001,6280,2,
14:21:24,38500,21051,6295,2,
14:21:25,38600,21110,6310,2,
14:21:25,38700,21152,6332,2,
14:21:25,38800,21209,6354,2,
14:21:26,38900,21267,6374,2,
14:21:26,39000,21321,6386,2,
14:21:27,39100,21384,6404,2,
14:21:27,39200,21424,6413,2,
14:21:27,39300,21491,6428,2,
14:21:28,39400,21530,6449,2,
14:21:28,39500,21592,6464,2,
14:21:29,39600,21648,6481,2,
14:21:29,39700,21700,6492,2,
14:21:30,39800,21773,6509,2,
14:21:30,39900,21818,6525,2,
14:21:30,40000,21887,6542,2,
14:21:31,40100,21927,6554,2,
14:21:31,40200,21983,6575,2,
14:21:32,40300,22048,6596,2,
14:21:32,40400,22097,6620,2,
14:21:33,40500,22156,6642,2,
14:21:33,40600,22198,6657,2,
14:21:34,40700,22260,6677,2,
14:21:34,40800,22308,6695,2,
14:21:34,40900,22370,6710,2,
14:21:35,41000,22429,6723,2,
14:21:35,41100,22474,6744,2,
14:21:36,41200,22536,6756,2,
14:21:36,41300,22583,6770,2,
14:21:36,41400,22649,6794,2,
14:21:37,41500,22696,6809,2,
14:21:37,41600,22752,6827,2,
14:21:37,41700,22809,6838,2,
14:21:38,41800,22857,6854,2,
14:21:38,41900,22919,6871,2,
14:21:39,42000,22962,6884,2,
14:21:39,42100,23034,6903,2,
14:21:39,42200,23090,6917,2,
14:21:40,42300,23142,6931,2,
14:21:40,42400,23191,6948,2,
14:21:41,42500,23241,6961,2,
14:21:41,42600,23311,6979,2,
14:21:41,42700,23351,6991,2,
14:21:42,42800,23411,7009,2,
14:21:42,42900,23460,7029,2,
14:21:43,43000,23522,7044,4,
14:21:43,43100,23583,7059,4,
14:21:44,43200,23640,7072,4,
14:21:44,43300,23700,7087,4,
14:21:45,43400,23751,7103,4,
14:21:45,43500,23815,7115,4,
14:21:45,43600,23871,7124,4,
14:21:46,43700,23931,7143,4,
14:21:46,43800,23990,7161,4,
14:21:47,43900,24042,7176,4,
14:21:47,44000,24101,7200,4,
14:21:48,44100,24144,7213,4,
14:21:48,44200,24203,7234,4,
14:21:49,44300,24255,7250,4,
14:21:49,44400,24311,7266,4,
14:21:50,44500,24373,7287,4,
14:21:50,44600,24413,7301,4,
14:21:50,44700,24469,7318,4,
14:21:51,44800,24519,7334,4,
14:21:51,44900,24577,7349,4,
14:21:52,45000,24635,7366,4,
14:21:52,45100,24693,7381,4,
14:21:52,45200,24749,7398,4,
14:21:53,45300,24793,7408,4,
14:21:53,45400,24844,7430,4,
14:21:54,45500,24889,7444,4,
14:21:54,45600,24948,7464,4,
14:21:54,45700,24997,7477,4,
14:21:55,45800,25044,7500,4,
14:21:55,45900,25107,7512,4,
14:21:56,46000,25153,7526,4,
14:21:56,46100,25221,7547,4,
14:21:57,46200,25273,7565,4,
14:21:57,46300,25345,7583,4,
14:21:58,46400,25392,7603,4,
14:21:58,46500,25446,7621,4,
14:21:58,46600,25503,7630,4,
14:21:59,46700,25558,7643,4,
14:21:59,46800,25620,7662,4,
14:22:0,46900,25661,7673,4,
14:22:0,47000,25720,7687,4,
14:22:0,47100,25769,7710,4,
14:22:1,47200,25822,7727,4,
14:22:1,47300,25883,7744,4,
14:22:2,47400,25932,7759,4,
14:22:2,47500,25985,7777,4,
14:22:3,47600,26030,7785,4,
14:22:3,47700,26098,7800,4,
14:22:3,47800,26148,7816,4,
14:22:4,47900,26206,7835,4,
14:22:4,48000,26261,7848,4,
14:22:5,48100,26306,7858,4,
14:22:5,48200,26367,7877,4,
14:22:6,48300,26424,7889,4,
14:22:6,48400,26489,7909,4,
14:22:7,48500,26539,7925,4,
14:22:7,48600,26578,7941,4,
14:22:7,48700,26641,7956,4,
14:22:8,48800,26688,7971,4,
14:22:8,48900,26745,7985,4,
14:22:9,49000,26797,7999,4,
14:22:9,49100,26859,8019,4,
14:22:9,49200,26919,8035,4,
14:22:10,49300,26973,8058,4,
14:22:11,49400,27043,8069,4,
14:22:11,49500,27102,8088,4,
14:22:12,49600,27174,8099,4,
14:22:12,49700,27225,8111,4,
14:22:12,49800,27288,8129,4,
14:22:13,49900,27352,8141,4,
14:22:14,50000,27420,8158,4,
14:22:14,50100,27479,8174,4,
14:22:14,50200,27525,8186,4,
14:22:15,50300,27582,8203,4,
14:22:15,50400,27623,8217,4,
14:22:15,50500,27690,8239,4,
14:22:16,50600,27752,8249,6,
14:22:16,50700,27816,8270,6,
14:22:17,50800,27871,8287,6,
14:22:17,50900,27919,8294,6,
14:22:17,51000,27981,8307,6,
14:22:18,51100,28023,8316,6,
14:22:18,51200,28074,8342,6,
14:22:19,51300,28132,8358,6,
14:22:20,51400,28188,8377,6,
14:22:20,51500,28241,8391,6,
14:22:20,51600,28294,8397,6,
14:22:21,51700,28373,8414,6,
14:22:22,51800,28427,8430,6,
14:22:22,51900,28494,8450,6,
14:22:22,52000,28554,8464,6,
14:22:23,52100,28612,8479,6,
14:22:24,52200,28680,8495,6,
14:22:24,52300,28721,8511,6,
14:22:24,52400,28777,8533,6,
14:22:25,52500,28830,8547,6,
14:22:25,52600,28891,8566,8,
14:22:26,52700,28949,8585,8,
14:22:26,52800,29009,8601,8,
14:22:27,52900,29055,8617,8,
14:22:27,53000,29107,8628,8,
14:22:28,53100,29157,8653,8,
14:22:28,53200,29201,8662,8,
14:22:28,53300,29274,8679,8,
14:22:29,53400,29323,8694,8,
14:22:29,53500,29370,8714,8,
14:22:30,53600,29432,8728,8,
14:22:30,53700,29479,8741,8,
14:22:31,53800,29535,8759,8,
14:22:31,53900,29586,8769,8,
14:22:31,54000,29654,8787,8,
14:22:32,54100,29702,8795,8,
14:22:32,54200,29769,8805,8,
14:22:33,54300,29825,8824,8,
14:22:33,54400,29877,8837,8,
14:22:34,54500,29926,8852,8,
14:22:34,54600,29969,8864,8,
14:22:34,54700,30015,8882,8,
14:22:35,54800,30062,8903,8,
14:22:35,54900,30113,8915,8,
14:22:35,55000,30165,8937,8,
14:22:36,55100,30218,8952,8,
14:22:36,55200,30282,8970,10,
14:22:37,55300,30326,8989,10,
14:22:37,55400,30378,9003,10,
14:22:37,55500,30418,9017,10,
14:22:38,55600,30471,9034,10,
14:22:38,55700,30527,9050,10,
14:22:39,55800,30574,9068,10,
14:22:39,55900,30642,9089,10,
14:22:40,56000,30697,9099,10,
14:22:40,56100,30762,9118,10,
14:22:41,56200,30811,9133,10,
14:22:41,56300,30874,9149,10,
14:22:42,56400,30936,9169,10,
14:22:42,56500,30986,9184,10,
14:22:42,56600,31054,9191,10,
14:22:43,56700,31096,9209,10,
14:22:43,56800,31161,9222,10,
14:22:44,56900,31217,9245,10,
14:22:44,57000,31264,9264,10,
14:22:44,57100,31314,9279,10,
14:22:45,57200,31367,9297,10,
14:22:45,57300,31438,9313,10,
14:22:46,57400,31484,9332,10,
14:22:46,57500,31545,9344,10,
14:22:47,57600,31600,9365,10,
14:22:47,57700,31659,9385,10,
14:22:47,57800,31707,9399,10,
14:22:48,57900,31755,9421,10,
14:22:48,58000,31824,9435,10,
14:22:49,58100,31864,9450,10,
14:22:49,58200,31914,9466,10,
14:22:49,58300,31959,9481,10,
14:22:50,58400,32011,9497,10,
14:22:50,58500,32070,9516,12,
14:22:51,58600,32122,9532,12,
14:22:51,58700,32191,9543,12,
14:22:52,58800,32251,9556,12,
14:22:53,58900,32306,9585,12,
14:22:53,59000,32360,9605,12,
14:22:54,59100,32415,9627,12,
14:22:54,59200,32474,9641,12,
14:22:54,59300,32515,9656,12,
14:22:55,59400,32578,9665,12,
14:22:55,59500,32633,9677,12,
14:22:55,59600,32693,9695,12,
14:22:56,59700,32748,9710,12,
14:22:56,59800,32814,9724,12,
14:22:57,59900,32874,9747,12,
14:22:57,60000,32927,9762,12,
14:22:58,60100,32990,9779,12,
14:22:58,60200,33035,9796,12,
14:22:59,60300,33104,9811,12,
14:22:59,60400,33153,9831,12,
14:22:59,60500,33209,9848,12,
14:23:0,60600,33266,9858,12,
14:23:0,60700,33311,9870,12,
14:23:0,60800,33376,9888,12,
14:23:1,60900,33411,9901,12,
14:23:1,61000,33472,9915,12,
14:23:1,61100,33525,9926,12,
14:23:2,61200,33580,9943,12,
14:23:2,61300,33630,9966,12,
14:23:3,61400,33687,9978,12,
14:23:3,61500,33731,9999,12,
14:23:3,61600,33779,10012,12,
14:23:4,61700,33839,10036,12,
14:23:4,61800,33888,10051,12,
14:23:5,61900,33938,10065,12,
14:23:5,62000,33988,10084,12,
14:23:5,62100,34054,10094,12,
14:23:6,62200,34104,10122,12,
14:23:6,62300,34141,10134,12,
14:23:6,62400,34198,10152,12,
14:23:7,62500,34245,10177,12,
14:23:7,62600,34287,10192,12,
14:23:7,62700,34341,10206,12,
14:23:8,62800,34396,10214,12,
14:23:8,62900,34453,10224,12,
14:23:8,63000,34498,10241,12,
14:23:9,63100,34557,10259,12,
14:23:9,63200,34606,10275,12,
14:23:9,63300,34658,10286,12,
14:23:10,63400,34724,10305,12,
14:23:10,63500,34772,10326,12,
14:23:11,63600,34817,10339,12,
14:23:11,63700,34853,10355,12,
14:23:11,63800,34909,10376,12,
14:23:12,63900,34962,10396,12,
14:23:12,64000,35015,10417,12,
14:23:13,64100,35069,10437,12,
14:23:13,64200,35120,10453,12,
14:23:14,64300,35186,10465,12,
14:23:14,64400,35237,10479,12,
14:23:15,64500,35302,10504,12,
14:23:15,64600,35361,10520,12,
14:23:16,64700,35414,10533,12,
14:23:16,64800,35466,10551,12,
14:23:16,64900,35518,10569,12,
14:23:17,65000,35579,10586,12,
14:23:17,65100,35618,10598,12,
14:23:18,65200,35684,10620,12,
14:23:18,65300,35727,10638,12,
14:23:19,65400,35780,10667,12,
14:23:19,65500,35836,10687,12,
14:23:19,65600,35887,10702,12,
14:23:20,65700,35934,10720,12,
14:23:20,65800,35987,10731,12,
14:23:20,65900,36051,10747,12,
14:23:21,66000,36105,10761,12,
14:23:21,66100,36153,10778,12,
14:23:22,66200,36208,10799,12,
14:23:22,66300,36256,10819,12,
14:23:23,66400,36313,10842,12,
14:23:23,66500,36359,10853,12,
14:23:24,66600,36426,10875,12,
14:23:24,66700,36472,10888,12,
14:23:24,66800,36527,10901,12,
14:23:25,66900,36579,10915,12,
14:23:25,67000,36631,10933,12,
14:23:26,67100,36685,10957,12,
14:23:26,67200,36737,10973,12,
14:23:27,67300,36799,10991,12,
14:23:28,67400,36862,11003,12,
14:23:28,67500,36920,11021,12,
14:23:28,67600,36972,11037,12,
14:23:29,67700,37033,11050,12,
14:23:29,67800,37100,11060,12,
14:23:30,67900,37153,11069,12,
14:23:30,68000,37214,11082,12,
14:23:31,68100,37269,11099,12,
14:23:31,68200,37325,11112,12,
14:23:31,68300,37377,11128,12,
14:23:32,68400,37425,11143,12,
14:23:32,68500,37493,11164,12,
14:23:33,68600,37544,11184,12,
14:23:33,68700,37595,11207,12,
14:23:34,68800,37655,11216,12,
14:23:34,68900,37717,11230,12,
14:23:35,69000,37772,11247,12,
14:23:35,69100,37819,11265,12,
14:23:36,69200,37893,11278,12,
14:23:36,69300,37943,11297,12,
14:23:37,69400,37998,11321,12,
14:23:37,69500,38060,11337,12,
14:23:38,69600,38123,11361,12,
14:23:39,69700,38187,11378,12,
14:23:39,69800,38226,11397,12,
14:23:39,69900,38274,11415,12,
14:23:40,70000,38321,11431,12,
14:23:40,70100,38379,11445,12,
14:23:41,70200,38433,11460,12,
14:23:41,70300,38483,11480,12,
14:23:41,70400,38536,11493,12,
14:23:42,70500,38579,11506,12,
14:23:42,70600,38628,11524,12,
14:23:43,70700,38680,11543,12,
14:23:43,70800,38742,11561,12,
14:23:44,70900,38806,11575,12,
14:23:44,71000,38858,11588,12,
14:23:44,71100,38914,11602,12,
14:23:45,71200,38960,11621,12,
14:23:46,71300,39016,11645,12,
14:23:46,71400,39063,11665,12,
14:23:46,71500,39133,11682,12,
14:23:47,71600,39184,11693,12,
14:23:47,71700,39239,11708,12,
14:23:48,71800,39287,11734,12,
14:23:48,71900,39338,11752,12,
14:23:49,72000,39393,11775,12,
14:23:49,72100,39446,11793,12,
14:23:50,72200,39517,11807,12,
14:23:51,72300,39570,11837,12,
14:23:51,72400,39626,11854,12,
14:23:52,72500,39694,11871,12,
14:23:52,72600,39732,11891,12,
14:23:53,72700,39789,11909,12,
14:23:53,72800,39838,11923,12,
14:23:53,72900,39897,11944,12,
14:23:54,73000,39942,11961,12,
14:23:54,73100,39991,11975,12,
14:23:54,73200,40043,11989,12,
14:23:55,73300,40083,12002,12,
14:23:55,73400,40143,12017,12,
14:23:56,73500,40192,12031,12,
14:23:56,73600,40258,12046,12,
14:23:56,73700,40316,12067,12,
14:23:57,73800,40372,12083,12,
14:23:57,73900,40431,12104,12,
14:23:58,74000,40486,12118,12,
14:23:58,74100,40548,12134,12,
14:23:59,74200,40594,12146,12,
14:23:59,74300,40662,12168,12,
14:24:0,74400,40723,12184,12,
14:24:0,74500,40784,12198,12,
14:24:1,74600,40846,12218,12,
14:24:1,74700,40915,12233,12,
14:24:1,74800,40980,12250,12,
14:24:2,74900,41027,12264,12,
14:24:2,75000,41083,12283,12,
14:24:3,75100,41131,12296,12,
14:24:3,75200,41191,12313,12,
14:24:4,75300,41256,12325,12,
14:24:4,75400,41314,12349,12,
14:24:5,75500,41382,12367,12,
14:24:5,75600,41428,12381,12,
14:24:6,75700,41492,12400,12,
14:24:6,75800,41536,12417,12,
14:24:6,75900,41585,12431,12,
14:24:7,76000,41642,12449,12,
14:24:7,76100,41691,12461,12,
14:24:8,76200,41754,12475,12,
14:24:8,76300,41805,12488,12,
14:24:9,76400,41864,12505,12,
14:24:9,76500,41919,12522,12,
14:24:9,76600,41979,12542,12,
14:24:10,76700,42034,12562,12,
14:24:10,76800,42085,12581,12,
14:24:11,76900,42146,12606,12,
14:24:11,77000,42198,12636,12,
14:24:12,77100,42263,12653,12,
14:24:12,77200,42325,12663,12,
14:24:13,77300,42378,12682,12,
14:24:14,77400,42434,12699,12,
14:24:14,77500,42496,12716,12,
14:24:15,77600,42567,12738,12,
14:24:15,77700,42614,12755,12,
14:24:16,77800,42684,12777,12,
14:24:17,77900,42741,12795,12,
14:24:17,78000,42802,12816,12,
14:24:18,78100,42867,12832,12,
14:24:18,78200,42913,12846,12,
14:24:19,78300,42974,12866,12,
14:24:19,78400,43026,12883,12,
14:24:20,78500,43090,12899,12,
14:24:20,78600,43150,12916,12,
14:24:21,78700,43205,12934,12,
14:24:21,78800,43266,12948,12,
14:24:22,78900,43325,12964,12,
14:24:23,79000,43395,12984,12,
14:24:23,79100,43453,12998,12,
14:24:24,79200,43518,13011,12,
14:24:24,79300,43557,13035,12,
14:24:24,79400,43611,13055,12,
14:24:25,79500,43668,13071,12,
14:24:25,79600,43727,13086,12,
14:24:26,79700,43784,13098,12,
14:24:26,79800,43839,13113,12,
14:24:27,79900,43898,13133,12,
14:24:27,80000,43956,13144,12,
14:24:28,80100,44009,13166,12,
14:24:28,80200,44053,13181,12,
14:24:28,80300,44113,13193,12,
14:24:29,80400,44174,13210,14,
14:24:29,80500,44217,13217,14,
14:24:30,80600,44280,13236,14,
14:24:30,80700,44319,13262,14,
14:24:30,80800,44381,13274,14,
14:24:31,80900,44436,13291,14,
14:24:31,81000,44484,13300,14,
14:24:31,81100,44549,13327,14,
14:24:32,81200,44592,13339,14,
14:24:32,81300,44649,13353,16,
14:24:33,81400,44693,13372,16,
14:24:33,81500,44748,13391,16,
14:24:33,81600,44808,13408,16,
14:24:34,81700,44866,13419,16,
14:24:34,81800,44928,13429,16,
14:24:34,81900,44973,13444,16,
14:24:35,82000,45039,13456,16,
14:24:35,82100,45088,13468,16,
14:24:36,82200,45152,13478,16,
14:24:36,82300,45204,13498,16,
14:24:37,82400,45251,13514,16,
14:24:37,82500,45304,13529,16,
14:24:37,82600,45358,13544,16,
14:24:38,82700,45420,13563,16,
14:24:38,82800,45485,13579,16,
14:24:39,82900,45536,13597,16,
14:24:39,83000,45586,13613,16,
14:24:39,83100,45636,13623,16,
14:24:40,83200,45685,13635,16,
14:24:40,83300,45725,13645,16,
14:24:40,83400,45787,13662,16,
14:24:41,83500,45844,13673,16,
14:24:41,83600,45910,13690,16,
14:24:42,83700,45962,13704,16,
14:24:42,83800,46016,13720,16,
14:24:43,83900,46082,13742,16,
14:24:43,84000,46129,13755,16,
14:24:44,84100,46196,13774,16,
14:24:44,84200,46241,13785,16,
14:24:44,84300,46290,13808,16,
14:24:45,84400,46352,13822,16,
14:24:45,84500,46407,13835,16,
14:24:46,84600,46466,13848,16,
14:24:46,84700,46502,13861,16,
14:24:46,84800,46564,13880,16,
14:24:47,84900,46614,13893,16,
14:24:47,85000,46683,13907,16,
14:24:47,85100,46744,13923,16,
14:24:48,85200,46795,13929,16,
14:24:48,85300,46863,13951,16,
14:24:49,85400,46905,13966,16,
14:24:49,85500,46963,13987,16,
14:24:50,85600,47008,14002,16,
14:24:50,85700,47065,14017,16,
14:24:50,85800,47111,14034,16,
14:24:51,85900,47158,14049,16,
14:24:51,86000,47224,14059,16,
14:24:52,86100,47268,14076,16,
14:24:52,86200,47346,14095,16,
14:24:52,86300,47391,14103,16,
14:24:53,86400,47441,14120,16,
14:24:53,86500,47498,14129,16,
14:24:53,86600,47548,14143,16,
14:24:54,86700,47599,14156,16,
14:24:54,86800,47647,14171,16,
14:24:55,86900,47706,14188,18,
14:24:55,87000,47764,14207,18,
14:24:56,87100,47825,14225,18,
14:24:56,87200,47887,14245,18,
14:24:57,87300,47938,14264,18,
14:24:57,87400,48004,14279,18,
14:24:58,87500,48060,14292,18,
14:24:58,87600,48123,14311,18,
14:24:59,87700,48191,14328,18,
14:25:0,87800,48252,14344,18,
14:25:0,87900,48313,14362,18,
14:25:1,88000,48356,14385,18,
14:25:1,88100,48418,14403,18,
14:25:1,88200,48467,14417,18,
14:25:2,88300,48517,14441,18,
14:25:2,88400,48571,14462,18,
14:25:3,88500,48624,14484,18,
14:25:3,88600,48684,14499,18,
14:25:4,88700,48731,14520,18,
14:25:4,88800,48776,14532,18,
14:25:4,88900,48824,14552,18,
14:25:5,89000,48880,14565,18,
14:25:5,89100,48934,14588,18,
14:25:6,89200,49000,14602,18,
14:25:6,89300,49064,14624,18,
14:25:7,89400,49110,14640,18,
14:25:7,89500,49174,14655,18,
14:25:7,89600,49207,14668,18,
14:25:8,89700,49267,14680,18,
14:25:8,89800,49323,14703,18,
14:25:9,89900,49382,14719,18,
14:25:9,90000,49435,14735,18,
14:25:9,90100,49484,14749,18,
14:25:10,90200,49541,14767,18,
14:25:10,90300,49582,14779,18,
14:25:10,90400,49646,14795,18,
14:25:11,90500,49698,14812,18,
14:25:11,90600,49748,14825,18,
14:25:12,90700,49802,14838,18,
14:25:12,90800,49854,14855,18,
14:25:12,90900,49918,14875,18,
14:25:13,91000,49964,14891,18,
14:25:13,91100,50028,14904,18,
14:25:14,91200,50089,14925,18,
14:25:14,91300,50140,14935,18,
14:25:15,91400,50206,14944,18,
14:25:15,91500,50260,14960,18,
14:25:16,91600,50322,14980,18,
14:25:16,91700,50371,14988,18,
14:25:16,91800,50419,15011,18,
14:25:17,91900,50471,15026,18,
14:25:17,92000,50524,15048,18,
14:25:18,92100,50579,15060,18,
14:25:18,92200,50629,15075,18,
14:25:19,92300,50687,15096,18,
14:25:19,92400,50737,15108,18,
14:25:20,92500,50804,15129,18,
14:25:20,92600,50866,15148,18,
14:25:21,92700,50926,15158,18,
14:25:21,92800,50992,15181,18,
14:25:22,92900,51046,15196,18,
14:25:22,93000,51104,15219,18,
14:25:22,93100,51152,15229,18,
14:25:23,93200,51213,15246,18,
14:25:23,93300,51280,15261,18,
14:25:24,93400,51338,15278,18,
14:25:24,93500,51400,15298,18,
14:25:25,93600,51454,15312,18,
14:25:25,93700,51508,15330,18,
14:25:25,93800,51561,15340,18,
14:25:26,93900,51622,15363,18,
14:25:26,94000,51676,15383,18,
14:25:27,94100,51737,15395,18,
14:25:28,94200,51802,15411,18,
14:25:28,94300,51861,15425,18,
14:25:29,94400,51933,15443,18,
14:25:29,94500,51977,15457,18,
14:25:30,94600,52041,15481,18,
14:25:30,94700,52094,15493,18,
14:25:30,94800,52147,15510,18,
14:25:31,94900,52193,15523,18,
14:25:31,95000,52248,15538,18,
14:25:32,95100,52312,15562,18,
14:25:32,95200,52360,15584,18,
14:25:33,95300,52432,15604,18,
14:25:33,95400,52484,15623,18,
14:25:34,95500,52541,15643,18,
14:25:34,95600,52600,15667,18,
14:25:35,95700,52655,15681,18,
14:25:35,95800,52710,15699,18,
14:25:36,95900,52747,15711,18,
14:25:36,96000,52800,15732,18,
14:25:37,96100,52859,15755,18,
14:25:37,96200,52925,15773,18,
14:25:38,96300,52982,15792,18,
14:25:39,96400,53037,15808,18,
14:25:39,96500,53111,15829,18,
14:25:39,96600,53159,15842,18,
14:25:40,96700,53220,15862,18,
14:25:41,96800,53283,15881,18,
14:25:41,96900,53327,15899,18,
14:25:41,97000,53392,15916,18,
14:25:42,97100,53438,15937,18,
14:25:42,97200,53504,15954,18,
14:25:43,97300,53558,15966,18,
14:25:43,97400,53629,15983,18,
14:25:43,97500,53686,15999,18,
14:25:44,97600,53747,16012,18,
14:25:44,97700,53806,16024,18,
14:25:45,97800,53853,16043,18,
14:25:45,97900,53909,16063,18,
14:25:46,98000,53970,16083,18,
14:25:46,98100,54036,16103,18,
14:25:47,98200,54084,16116,18,
14:25:47,98300,54133,16136,18,
14:25:48,98400,54190,16149,18,
14:25:48,98500,54243,16164,18,
14:25:49,98600,54298,16182,18,
14:25:49,98700,54363,16193,18,
14:25:50,98800,54420,16208,18,
14:25:50,98900,54483,16220,18,
14:25:51,99000,54541,16239,18,
14:25:51,99100,54587,16247,18,
14:25:51,99200,54628,16262,18,
14:25:52,99300,54697,16284,18,
14:25:52,99400,54746,16300,18,
14:25:53,99500,54797,16323,18,
14:25:53,99600,54857,16339,18,
14:25:54,99700,54909,16361,18,
14:25:55,99800,54984,16372,18,
14:25:55,99900,55043,16386,18,
14:25:55,100000,55100,16403,18,
14:25:56,100100,55151,16408,18,
14:25:56,100200,55208,16426,18,
14:25:56,100300,55253,16434,18,
14:25:57,100400,55309,16447,18,
14:25:57,100500,55354,16464,18,
14:25:58,100600,55410,16481,18,
14:25:58,100700,55476,16499,18,
14:25:59,100800,55525,16509,18,
14:25:59,100900,55588,16523,18,
14:26:0,101000,55651,16534,18,
14:26:0,101100,55718,16549,18,
14:26:1,101200,55777,16570,18,
14:26:1,101300,55829,16583,18,
14:26:2,101400,55880,16606,18,
14:26:2,101500,55927,16621,18,
14:26:2,101600,55984,16633,18,
14:26:3,101700,56035,16650,18,
14:26:3,101800,56092,16664,18,
14:26:4,101900,56163,16684,18,
14:26:4,102000,56223,16705,18,
14:26:5,102100,56277,16716,18,
14:26:5,102200,56327,16725,18,
14:26:6,102300,56389,16745,18,
14:26:6,102400,56430,16761,18,
14:26:7,102500,56486,16794,18,
14:26:7,102600,56537,16814,18,
14:26:8,102700,56586,16828,18,
14:26:8,102800,56643,16841,18,
14:26:8,102900,56691,16861,18,
14:26:9,103000,56754,16879,18,
14:26:9,103100,56809,16894,18,
14:26:10,103200,56869,16909,18,
14:26:11,103300,56939,16931,18,
14:26:11,103400,56993,16953,18,
14:26:11,103500,57054,16971,18,
14:26:12,103600,57089,16982,18,
14:26:12,103700,57139,17007,18,
14:26:12,103800,57190,17023,18,
14:26:13,103900,57250,17040,18,
14:26:13,104000,57314,17057,18,
14:26:14,104100,57371,17076,18,
14:26:15,104200,57434,17087,18,
14:26:15,104300,57498,17098,18,
14:26:15,104400,57561,17118,18,
14:26:16,104500,57609,17127,18,
14:26:16,104600,57655,17149,18,
14:26:16,104700,57706,17164,18,
14:26:17,104800,57749,17179,18,
14:26:18,104900,57815,17203,18,
14:26:18,105000,57871,17222,18,
14:26:19,105100,57933,17249,18,
14:26:19,105200,57993,17260,18,
14:26:20,105300,58043,17271,18,
14:26:20,105400,58107,17282,18,
14:26:20,105500,58152,17298,18,
14:26:21,105600,58211,17315,18,
14:26:21,105700,58257,17326,18,
14:26:22,105800,58318,17342,18,
14:26:22,105900,58361,17357,18,
14:26:23,106000,58430,17377,18,
14:26:23,106100,58478,17385,18,
14:26:23,106200,58537,17393,18,
14:26:24,106300,58597,17408,18,
14:26:24,106400,58647,17421,18,
14:26:25,106500,58695,17438,18,
14:26:25,106600,58747,17458,18,
14:26:25,106700,58803,17469,18,
14:26:26,106800,58864,17488,18,
14:26:27,106900,58925,17505,18,
14:26:27,107000,58987,17535,20,
14:26:28,107100,59042,17552,20,
14:26:29,107200,59112,17568,20,
14:26:29,107300,59154,17591,20,
14:26:29,107400,59203,17611,20,
14:26:30,107500,59256,17626,20,
14:26:30,107600,59307,17644,20,
14:26:31,107700,59378,17655,20,
14:26:31,107800,59440,17665,22,
14:26:32,107900,59492,17689,22,
14:26:32,108000,59549,17712,22,
14:26:32,108100,59613,17724,22,
14:26:33,108200,59681,17739,22,
14:26:34,108300,59740,17761,22,
14:26:35,108400,59807,17784,22,
14:26:35,108500,59865,17797,22,
14:26:35,108600,59932,17818,22,
14:26:36,108700,59978,17834,22,
14:26:36,108800,60041,17845,22,
14:26:37,108900,60100,17866,22,
14:26:37,109000,60156,17881,22,
14:26:38,109100,60209,17898,22,
14:26:38,109200,60255,17910,22,
14:26:39,109300,60336,17924,22,
14:26:39,109400,60377,17941,22,
14:26:40,109500,60434,17957,22,
14:26:40,109600,60483,17974,22,
14:26:40,109700,60538,17989,22,
14:26:41,109800,60588,18003,22,
14:26:41,109900,60641,18021,22,
14:26:42,110000,60702,18038,24,
14:26:42,110100,60757,18055,26,
14:26:42,110200,60814,18071,26,
14:26:43,110300,60862,18094,26,
14:26:43,110400,60919,18103,26,
14:26:44,110500,60976,18129,26,
14:26:45,110600,61041,18144,26,
14:26:45,110700,61110,18160,26,
14:26:46,110800,61172,18168,26,
14:26:46,110900,61231,18185,26,
14:26:46,111000,61288,18208,26,
14:26:47,111100,61342,18221,26,
14:26:47,111200,61400,18237,26,
14:26:48,111300,61446,18256,26,
14:26:49,111400,61511,18276,26,
14:26:49,111500,61568,18296,26,
14:26:50,111600,61621,18310,26,
14:26:50,111700,61684,18328,26,
14:26:50,111800,61742,18344,26,
14:26:51,111900,61805,18360,26,
14:26:51,112000,61852,18370,26,
14:26:52,112100,61908,18387,26,
14:26:52,112200,61954,18400,26,
14:26:52,112300,62012,18411,26,
14:26:53,112400,62071,18431,26,
14:26:53,112500,62106,18446,26,
14:26:53,112600,62168,18458,26,
14:26:53,112700,62212,18473,26,
14:26:54,112800,62268,18496,26,
14:26:54,112900,62325,18508,26,
14:26:55,113000,62394,18520,26,
14:26:56,113100,62468,18536,26,
14:26:57,113200,62531,18554,26,
14:26:57,113300,62592,18572,26,
14:26:58,113400,62656,18585,26,
14:26:58,113500,62715,18606,26,
14:26:59,113600,62780,18623,26,
14:26:59,113700,62825,18643,26,
14:26:59,113800,62887,18652,26,
14:27:0,113900,62932,18670,26,
14:27:0,114000,62987,18691,26,
14:27:1,114100,63036,18705,26,
14:27:1,114200,63105,18720,26,
14:27:2,114300,63162,18733,26,
14:27:3,114400,63212,18756,26,
14:27:4,114500,63283,18777,26,
14:27:4,114600,63353,18792,26,
14:27:5,114700,63413,18813,26,
14:27:6,114800,63466,18826,28,
14:27:7,114900,63533,18842,28,
14:27:7,115000,63596,18860,30,
14:27:8,115100,63657,18875,30,
14:27:9,115200,63713,18892,30,
14:27:9,115300,63767,18906,30,
14:27:10,115400,63829,18920,30,
14:27:10,115500,63870,18936,30,
14:27:11,115600,63940,18960,30,
14:27:11,115700,63993,18975,30,
14:27:12,115800,64041,18992,30,
14:27:12,115900,64095,19009,30,
14:27:13,116000,64155,19025,30,
14:27:14,116100,64215,19045,30,
14:27:14,116200,64271,19064,30,
14:27:14,116300,64325,19085,30,
14:27:15,116400,64370,19103,30,
14:27:15,116500,64434,19116,30,
14:27:16,116600,64489,19133,30,
14:27:16,116700,64546,19142,30,
14:27:17,116800,64598,19157,30,
14:27:17,116900,64645,19167,30,
14:27:18,117000,64706,19180,30,
14:27:18,117100,64761,19192,30,
14:27:18,117200,64814,19212,30,
14:27:19,117300,64860,19228,30,
14:27:19,117400,64913,19241,30,
14:27:20,117500,64975,19255,30,
14:27:20,117600,65026,19270,30,
14:27:21,117700,65081,19297,30,
14:27:21,117800,65134,19314,30,
14:27:21,117900,65193,19326,30,
14:27:22,118000,65246,19346,30,
14:27:22,118100,65281,19366,30,
14:27:23,118200,65344,19384,30,
14:27:23,118300,65390,19398,30,
14:27:24,118400,65459,19425,30,
14:27:24,118500,65517,19448,30,
14:27:25,118600,65570,19462,30,
14:27:25,118700,65628,19474,30,
14:27:25,118800,65660,19491,30,
14:27:26,118900,65718,19507,30,
14:27:26,119000,65769,19522,30,
14:27:27,119100,65837,19544,30,
14:27:27,119200,65887,19559,30,
14:27:28,119300,65942,19579,30,
14:27:28,119400,65993,19605,30,
14:27:29,119500,66042,19624,30,
14:27:29,119600,66103,19640,30,
14:27:30,119700,66155,19654,30,
14:27:30,119800,66208,19674,30,
14:27:31,119900,66270,19685,30,
14:27:31,120000,66323,19698,30,
14:27:32,120100,66378,19721,30,
14:27:32,120200,66423,19735,30,
14:27:32,120300,66489,19751,30,
14:27:33,120400,66532,19766,32,
14:27:34,120500,66601,19782,32,
14:27:34,120600,66655,19802,32,
14:27:35,120700,66712,19824,32,
14:27:35,120800,66765,19841,32,
14:27:36,120900,66822,19858,32,
14:27:36,121000,66880,19879,32,
14:27:36,121100,66915,19887,32,
14:27:37,121200,66977,19899,32,
14:27:38,121300,67024,19922,32,
14:27:38,121400,67074,19943,32,
14:27:39,121500,67124,19962,32,
14:27:39,121600,67181,19980,32,
14:27:40,121700,67241,20000,32,
14:27:40,121800,67286,20016,32,
14:27:41,121900,67353,20034,32,
14:27:41,122000,67406,20056,32,
14:27:42,122100,67463,20075,32,
14:27:42,122200,67515,20092,32,
14:27:43,122300,67567,20106,32,
14:27:43,122400,67616,20123,32,
14:27:44,122500,67663,20140,32,
14:27:44,122600,67733,20155,32,
14:27:45,122700,67787,20162,32,
14:27:45,122800,67840,20175,32,
14:27:46,122900,67904,20189,32,
14:27:47,123000,67960,20205,32,
14:27:47,123100,68025,20222,32,
14:27:48,123200,68080,20241,32,
14:27:48,123300,68124,20258,32,
14:27:49,123400,68169,20272,32,
14:27:49,123500,68229,20286,32,
14:27:49,123600,68282,20294,32,
14:27:50,123700,68341,20309,32,
14:27:50,123800,68398,20325,32,
14:27:51,123900,68454,20340,32,
14:27:52,124000,68521,20360,32,
14:27:52,124100,68590,20377,32,
14:27:53,124200,68643,20389,32,
14:27:53,124300,68695,20410,32,
14:27:54,124400,68747,20423,32,
14:27:54,124500,68814,20441,32,
14:27:55,124600,68864,20458,32,
14:27:56,124700,68931,20477,32,
14:27:56,124800,68986,20492,32,
14:27:56,124900,69032,20512,32,
14:27:57,125000,69084,20526,32,
14:27:57,125100,69123,20536,32,
14:27:57,125200,69183,20550,32,
14:27:58,125300,69229,20563,32,
14:27:58,125400,69284,20573,32,
14:27:58,125500,69332,20585,32,
14:27:59,125600,69382,20610,32,
14:27:59,125700,69432,20632,32,
14:28:0,125800,69503,20645,32,
14:28:1,125900,69575,20667,32,
14:28:1,126000,69619,20686,32,
14:28:2,126100,69670,20709,32,
14:28:2,126200,69723,20727,32,
14:28:3,126300,69786,20742,32,
14:28:3,126400,69849,20756,32,
14:28:4,126500,69902,20775,32,
14:28:4,126600,69948,20793,32,
14:28:4,126700,69984,20804,32,
14:28:5,126800,70046,20823,32,
14:28:5,126900,70107,20833,32,
14:28:6,127000,70165,20849,32,
14:28:6,127100,70205,20869,32,
14:28:7,127200,70263,20884,32,
14:28:7,127300,70324,20906,32,
14:28:8,127400,70369,20925,32,
14:28:8,127500,70435,20945,32,
14:28:9,127600,70487,20959,32,
14:28:9,127700,70542,20978,32,
14:28:10,127800,70605,20996,32,
14:28:11,127900,70662,21007,32,
14:28:11,128000,70716,21022,32,
14:28:11,128100,70759,21032,32,
14:28:12,128200,70820,21054,32,
14:28:13,128300,70874,21072,32,
14:28:13,128400,70925,21096,32,
14:28:14,128500,70983,21123,32,
14:28:15,128600,71039,21144,32,
14:28:15,128700,71112,21158,32,
14:28:16,128800,71169,21175,32,
14:28:16,128900,71225,21202,32,
14:28:17,129000,71282,21214,32,
14:28:18,129100,71337,21232,32,
14:28:18,129200,71405,21250,32,
14:28:19,129300,71466,21267,32,
14:28:19,129400,71524,21287,32,
14:28:20,129500,71569,21301,32,
14:28:20,129600,71635,21317,32,
14:28:21,129700,71695,21341,32,
14:28:21,129800,71752,21353,32,
14:28:22,129900,71809,21376,32,
14:28:22,130000,71851,21395,32,
14:28:23,130100,71916,21410,32,
14:28:23,130200,71971,21421,32,
14:28:24,130300,72027,21442,32,
14:28:25,130400,72081,21457,32,
14:28:25,130500,72144,21479,32,
14:28:26,130600,72215,21498,32,
14:28:27,130700,72274,21517,32,
14:28:27,130800,72336,21530,32,
14:28:28,130900,72390,21542,32,
14:28:29,131000,72451,21571,32,
14:28:29,131100,72512,21586,32,
14:28:30,131200,72578,21595,34,
14:28:30,131300,72625,21615,34,
14:28:31,131400,72687,21630,34,
14:28:31,131500,72743,21648,34,
14:28:32,131600,72797,21658,34,
14:28:32,131700,72862,21678,34,
14:28:32,131800,72913,21692,34,
14:28:33,131900,72974,21703,34,
14:28:33,132000,73035,21718,34,
14:28:34,132100,73096,21732,34,
14:28:34,132200,73151,21746,34,
14:28:34,132300,73184,21753,34,
14:28:35,132400,73243,21774,34,
14:28:36,132500,73303,21791,34,
14:28:37,132600,73360,21814,34,
14:28:37,132700,73425,21834,34,
14:28:38,132800,73475,21849,34,
14:28:39,132900,73536,21871,34,
14:28:39,133000,73586,21884,34,
14:28:40,133100,73660,21907,34,
14:28:40,133200,73717,21924,34,
14:28:41,133300,73766,21939,34,
14:28:41,133400,73825,21959,34,
14:28:42,133500,73871,21968,34,
14:28:42,133600,73938,21984,34,
14:28:43,133700,73990,21990,34,
14:28:43,133800,74063,22008,34,
14:28:44,133900,74117,22020,34,
14:28:44,134000,74180,22034,34,
14:28:45,134100,74224,22050,34,
14:28:45,134200,74267,22063,34,
14:28:46,134300,74329,22083,34,
14:28:46,134400,74383,22100,34,
14:28:47,134500,74450,22112,34,
14:28:47,134600,74496,22128,34,
14:28:48,134700,74548,22138,34,
14:28:48,134800,74608,22163,34,
14:28:49,134900,74668,22180,34,
14:28:49,135000,74738,22198,34,
14:28:50,135100,74780,22221,34,
14:28:50,135200,74831,22240,34,
14:28:51,135300,74878,22254,34,
14:28:51,135400,74939,22272,34,
14:28:52,135500,74985,22292,34,
14:28:52,135600,75039,22308,34,
14:28:53,135700,75086,22326,34,
14:28:53,135800,75138,22339,34,
14:28:54,135900,75209,22356,34,
14:28:54,136000,75265,22367,34,
14:28:55,136100,75322,22383,34,
14:28:55,136200,75373,22403,34,
14:28:56,136300,75419,22420,34,
14:28:57,136400,75489,22437,34,
14:28:57,136500,75550,22450,34,
14:28:58,136600,75611,22464,34,
14:28:58,136700,75659,22476,34,
14:28:59,136800,75714,22491,34,
14:29:0,136900,75776,22517,34,
14:29:0,137000,75834,22531,34,
14:29:1,137100,75896,22549,34,
14:29:1,137200,75942,22569,34,
14:29:2,137300,76005,22586,34,
14:29:2,137400,76068,22601,34,
14:29:3,137500,76123,22622,34,
14:29:4,137600,76184,22635,34,
14:29:4,137700,76238,22652,34,
14:29:5,137800,76292,22675,34,
14:29:5,137900,76344,22683,34,
14:29:6,138000,76406,22703,34,
14:29:6,138100,76462,22718,34,
14:29:7,138200,76519,22734,34,
14:29:7,138300,76564,22754,34,
14:29:7,138400,76608,22769,34,
14:29:8,138500,76674,22782,34,
14:29:8,138600,76721,22794,34,
14:29:9,138700,76786,22822,34,
14:29:10,138800,76849,22835,34,
14:29:10,138900,76902,22857,34,
14:29:10,139000,76944,22872,34,
14:29:11,139100,76996,22886,34,
14:29:11,139200,77049,22905,34,
14:29:11,139300,77080,22917,34,
14:29:12,139400,77145,22937,34,
14:29:13,139500,77197,22959,34,
14:29:13,139600,77251,22981,34,
14:29:13,139700,77303,22996,34,
14:29:14,139800,77337,23006,34,
14:29:14,139900,77382,23023,34,
14:29:15,140000,77438,23034,34,
14:29:15,140100,77503,23049,34,
14:29:15,140200,77546,23065,34,
14:29:16,140300,77592,23081,34,
14:29:16,140400,77648,23091,34,
14:29:17,140500,77687,23109,34,
14:29:17,140600,77742,23124,34,
14:29:17,140700,77778,23136,34,
14:29:18,140800,77846,23156,34,
14:29:18,140900,77892,23175,34,
14:29:19,141000,77937,23201,34,
14:29:19,141100,77987,23213,34,
14:29:19,141200,78030,23220,34,
14:29:20,141300,78088,23236,34,
14:29:20,141400,78141,23249,34,
14:29:21,141500,78202,23268,34,
14:29:21,141600,78257,23282,34,
14:29:22,141700,78311,23296,34,
14:29:22,141800,78356,23313,34,
14:29:23,141900,78405,23332,34,
14:29:23,142000,78464,23346,34,
14:29:24,142100,78503,23360,34,
14:29:24,142200,78561,23387,34,
14:29:25,142300,78610,23406,34,
14:29:25,142400,78662,23428,34,
14:29:26,142500,78713,23439,34,
14:29:26,142600,78770,23449,34,
14:29:27,142700,78837,23462,34,
14:29:27,142800,78889,23475,34,
14:29:28,142900,78964,23490,34,
14:29:29,143000,79032,23512,34,
14:29:29,143100,79088,23531,36,
14:29:30,143200,79150,23549,36,
14:29:31,143300,79200,23566,36,
14:29:31,143400,79266,23584,36,
14:29:32,143500,79315,23595,36,
14:29:32,143600,79370,23617,36,
14:29:33,143700,79417,23626,36,
14:29:34,143800,79476,23647,36,
14:29:34,143900,79527,23673,36,
14:29:35,144000,79595,23681,36,
14:29:36,144100,79661,23699,36,
14:29:36,144200,79714,23707,36,
14:29:36,144300,79769,23718,36,
14:29:37,144400,79819,23727,36,
14:29:37,144500,79871,23752,36,
14:29:38,144600,79920,23770,36,
14:29:38,144700,79979,23781,36,
14:29:39,144800,80043,23803,36,
14:29:40,144900,80097,23819,36,
14:29:40,145000,80166,23840,36,
14:29:41,145100,80228,23852,36,
14:29:41,145200,80293,23863,36,
14:29:42,145300,80344,23882,36,
14:29:42,145400,80387,23894,36,
14:29:43,145500,80434,23911,36,
14:29:43,145600,80473,23927,36,
14:29:44,145700,80532,23955,36,
14:29:44,145800,80589,23972,36,
14:29:44,145900,80645,23986,36,
14:29:45,146000,80706,24002,36,
14:29:45,146100,80761,24019,36,
14:29:46,146200,80821,24029,36,
14:29:46,146300,80868,24040,36,
