14:2:36,100,16,5,0,
14:2:36,200,24,6,0,
14:2:36,300,33,10,0,
14:2:36,400,43,14,0,
14:2:36,500,57,14,0,
14:2:36,600,67,20,0,
14:2:36,700,84,21,0,
14:2:37,800,101,24,0,
14:2:37,900,121,28,0,
14:2:37,1000,136,29,0,
14:2:37,1100,148,30,0,
14:2:37,1200,154,33,0,
14:2:37,1300,172,37,0,
14:2:37,1400,185,42,0,
14:2:37,1500,197,45,0,
14:2:37,1600,203,47,0,
14:2:37,1700,217,55,0,
14:2:37,1800,236,61,0,
14:2:37,1900,258,65,0,
14:2:37,2000,265,67,0,
14:2:37,2100,283,71,0,
14:2:37,2200,297,74,0,
14:2:37,2300,307,77,0,
14:2:37,2400,317,78,2,
14:2:37,2500,338,82,2,
14:2:37,2600,357,86,2,
14:2:37,2700,366,92,2,
14:2:38,2800,379,95,2,
14:2:38,2900,406,103,2,
14:2:38,3000,418,109,2,
14:2:38,3100,430,111,2,
14:2:38,3200,437,114,2,
14:2:38,3300,452,116,2,
14:2:38,3400,467,117,2,
14:2:38,3500,480,118,2,
14:2:38,3600,492,119,2,
14:2:38,3700,509,123,2,
14:2:38,3800,527,127,2,
14:2:38,3900,536,132,2,
14:2:38,4000,548,136,2,
14:2:38,4100,565,140,2,
14:2:38,4200,580,143,2,
14:2:38,4300,595,149,2,
14:2:38,4400,608,154,2,
14:2:38,4500,627,162,2,
14:2:38,4600,643,171,2,
14:2:38,4700,660,175,2,
14:2:39,4800,680,176,2,
14:2:39,4900,698,182,2,
14:2:39,5000,711,189,2,
14:2:39,5100,728,194,2,
14:2:39,5200,745,198,2,
14:2:39,5300,771,204,2,
14:2:39,5400,779,208,2,
14:2:39,5500,801,214,2,
14:2:39,5600,812,218,2,
14:2:39,5700,837,223,2,
14:2:39,5800,848,226,2,
14:2:39,5900,857,230,2,
14:2:39,6000,871,231,2,
14:2:39,6100,887,236,2,
14:2:39,6200,899,239,2,
14:2:39,6300,912,241,2,
14:2:39,6400,922,245,2,
14:2:39,6500,940,248,2,
14:2:39,6600,955,250,2,
14:2:39,6700,975,257,2,
14:2:40,6800,988,258,2,
14:2:40,6900,1003,266,2,
14:2:40,7000,1018,266,2,
14:2:40,7100,1036,268,2,
14:2:40,7200,1050,271,2,
14:2:40,7300,1067,276,2,
14:2:40,7400,1080,283,2,
14:2:40,7500,1089,286,2,
14:2:40,7600,1099,289,2,
14:2:40,7700,1114,294,2,
14:2:40,7800,1126,298,2,
14:2:40,7900,1138,299,2,
14:2:40,8000,1152,304,2,
14:2:40,8100,1160,311,2,
14:2:40,8200,1178,314,2,
14:2:40,8300,1192,319,2,
14:2:40,8400,1207,320,2,
14:2:40,8500,1231,321,2,
14:2:40,8600,1247,326,2,
14:2:40,8700,1261,333,2,
14:2:40,8800,1276,336,2,
14:2:41,8900,1296,343,2,
14:2:41,9000,1310,346,2,
14:2:41,9100,1315,348,2,
14:2:41,9200,1320,350,2,
14:2:41,9300,1332,352,2,
14:2:41,9400,1347,357,2,
14:2:41,9500,1354,361,2,
14:2:41,9600,1369,365,2,
14:2:41,9700,1387,373,2,
14:2:41,9800,1395,376,2,
14:2:41,9900,1411,380,2,
14:2:41,10000,1417,384,2,
14:2:41,10100,1438,388,2,
14:2:41,10200,1461,390,2,
14:2:41,10300,1477,393,2,
14:2:41,10400,1485,397,2,
14:2:41,10500,1496,402,2,
14:2:41,10600,1511,406,2,
14:2:41,10700,1521,410,2,
14:2:41,10800,1526,412,2,
14:2:41,10900,1544,418,2,
14:2:41,11000,1556,419,2,
14:2:42,11100,1567,419,2,
14:2:42,11200,1578,422,2,
14:2:42,11300,1594,425,2,
14:2:42,11400,1608,426,2,
14:2:42,11500,1619,429,2,
14:2:42,11600,1630,434,2,
14:2:42,11700,1643,439,2,
14:2:42,11800,1663,440,2,
14:2:42,11900,1677,444,2,
14:2:42,12000,1687,446,2,
14:2:42,12100,1716,451,2,
14:2:42,12200,1730,455,2,
14:2:42,12300,1740,459,2,
14:2:42,12400,1752,462,2,
14:2:42,12500,1769,467,2,
14:2:42,12600,1782,471,2,
14:2:42,12700,1794,472,2,
14:2:42,12800,1803,472,2,
14:2:42,12900,1819,479,2,
14:2:42,13000,1830,485,2,
14:2:42,13100,1840,487,2,
14:2:43,13200,1854,488,2,
14:2:43,13300,1872,495,2,
14:2:43,13400,1880,501,2,
14:2:43,13500,1892,504,2,
14:2:43,13600,1899,507,2,
14:2:43,13700,1912,515,2,
14:2:43,13800,1924,523,2,
14:2:43,13900,1945,527,2,
14:2:43,14000,1951,530,2,
14:2:43,14100,1970,535,2,
14:2:43,14200,1993,539,2,
14:2:43,14300,2010,543,2,
14:2:43,14400,2019,546,2,
14:2:43,14500,2042,552,2,
14:2:43,14600,2055,553,2,
14:2:43,14700,2073,557,2,
14:2:43,14800,2080,558,2,
14:2:43,14900,2096,562,2,
14:2:43,15000,2110,567,2,
14:2:43,15100,2119,569,2,
14:2:44,15200,2134,570,2,
14:2:44,15300,2146,574,2,
14:2:44,15400,2168,579,2,
14:2:44,15500,2184,579,2,
14:2:44,15600,2193,581,2,
14:2:44,15700,2213,587,2,
14:2:44,15800,2225,591,2,
14:2:44,15900,2239,592,2,
14:2:44,16000,2253,593,2,
14:2:44,16100,2270,598,2,
14:2:44,16200,2287,600,2,
14:2:44,16300,2299,600,2,
14:2:44,16400,2311,609,2,
14:2:44,16500,2328,615,2,
14:2:44,16600,2347,619,2,
14:2:44,16700,2363,620,2,
14:2:44,16800,2373,620,2,
14:2:44,16900,2386,631,2,
14:2:44,17000,2398,634,2,
14:2:45,17100,2411,637,2,
14:2:45,17200,2420,645,2,
14:2:45,17300,2435,650,2,
14:2:45,17400,2450,652,2,
14:2:45,17500,2466,653,2,
14:2:45,17600,2481,655,2,
14:2:45,17700,2499,659,2,
14:2:45,17800,2516,664,2,
14:2:45,17900,2536,667,2,
14:2:45,18000,2547,672,2,
14:2:45,18100,2564,674,2,
14:2:45,18200,2579,679,2,
14:2:45,18300,2590,682,2,
14:2:45,18400,2607,684,2,
14:2:45,18500,2631,690,2,
14:2:45,18600,2642,692,2,
14:2:45,18700,2653,696,2,
14:2:45,18800,2662,701,2,
14:2:45,18900,2679,707,2,
14:2:45,19000,2686,709,2,
14:2:46,19100,2700,715,2,
14:2:46,19200,2708,718,2,
14:2:46,19300,2728,721,2,
14:2:46,19400,2738,725,2,
14:2:46,19500,2744,728,2,
14:2:46,19600,2751,733,2,
14:2:46,19700,2767,741,2,
14:2:46,19800,2779,749,2,
14:2:46,19900,2787,752,2,
14:2:46,20000,2796,757,2,
14:2:46,20100,2809,763,2,
14:2:46,20200,2825,767,2,
14:2:46,20300,2835,771,2,
14:2:46,20400,2847,774,2,
14:2:46,20500,2869,778,2,
14:2:46,20600,2882,779,2,
14:2:46,20700,2894,780,2,
14:2:46,20800,2912,782,2,
14:2:46,20900,2929,788,2,
14:2:46,21000,2943,792,2,
14:2:46,21100,2956,797,2,
14:2:47,21200,2971,801,2,
14:2:47,21300,2994,806,2,
14:2:47,21400,3014,808,2,
14:2:47,21500,3030,811,2,
14:2:47,21600,3040,812,2,
14:2:47,21700,3062,820,2,
14:2:47,21800,3074,829,2,
14:2:47,21900,3086,830,2,
14:2:47,22000,3095,833,2,
14:2:47,22100,3111,839,2,
14:2:47,22200,3122,847,2,
14:2:47,22300,3142,851,2,
14:2:47,22400,3154,852,2,
14:2:47,22500,3165,857,2,
14:2:47,22600,3172,860,2,
14:2:47,22700,3186,866,2,
14:2:47,22800,3195,869,2,
14:2:47,22900,3215,874,2,
14:2:47,23000,3229,881,2,
14:2:47,23100,3239,881,2,
14:2:47,23200,3252,885,2,
14:2:48,23300,3267,890,2,
14:2:48,23400,3283,894,2,
14:2:48,23500,3291,897,2,
14:2:48,23600,3305,900,2,
14:2:48,23700,3324,906,2,
14:2:48,23800,3338,908,2,
14:2:48,23900,3354,911,2,
14:2:48,24000,3360,916,2,
14:2:48,24100,3371,923,2,
14:2:48,24200,3385,930,2,
14:2:48,24300,3399,936,2,
14:2:48,24400,3414,941,2,
14:2:48,24500,3425,944,2,
14:2:48,24600,3445,946,2,
14:2:48,24700,3455,949,2,
14:2:48,24800,3471,955,2,
14:2:48,24900,3488,962,2,
14:2:48,25000,3502,964,2,
14:2:48,25100,3516,968,2,
14:2:48,25200,3531,970,2,
14:2:49,25300,3551,973,2,
14:2:49,25400,3559,982,2,
14:2:49,25500,3573,987,2,
14:2:49,25600,3582,994,2,
14:2:49,25700,3602,998,2,
14:2:49,25800,3610,1006,2,
14:2:49,25900,3625,1009,2,
14:2:49,26000,3639,1012,2,
14:2:49,26100,3653,1020,2,
14:2:49,26200,3672,1027,2,
14:2:49,26300,3679,1031,2,
14:2:49,26400,3686,1035,2,
14:2:49,26500,3701,1043,2,
14:2:49,26600,3717,1047,2,
14:2:49,26700,3732,1048,2,
14:2:49,26800,3745,1051,2,
14:2:49,26900,3762,1056,2,
14:2:49,27000,3769,1062,2,
14:2:49,27100,3781,1068,2,
14:2:49,27200,3792,1069,2,
14:2:49,27300,3812,1073,2,
14:2:50,27400,3827,1076,2,
14:2:50,27500,3838,1078,2,
14:2:50,27600,3852,1079,2,
14:2:50,27700,3867,1084,2,
14:2:50,27800,3881,1091,2,
14:2:50,27900,3893,1093,2,
14:2:50,28000,3907,1094,2,
14:2:50,28100,3921,1101,2,
14:2:50,28200,3934,1104,2,
14:2:50,28300,3955,1106,2,
14:2:50,28400,3965,1112,2,
14:2:50,28500,3987,1121,2,
14:2:50,28600,4000,1123,2,
14:2:50,28700,4013,1125,2,
14:2:50,28800,4033,1127,2,
14:2:50,28900,4049,1135,2,
14:2:50,29000,4067,1138,2,
14:2:50,29100,4087,1143,2,
14:2:50,29200,4098,1148,2,
14:2:50,29300,4113,1153,2,
14:2:51,29400,4128,1158,2,
14:2:51,29500,4138,1164,2,
14:2:51,29600,4152,1167,2,
14:2:51,29700,4170,1170,2,
14:2:51,29800,4186,1173,2,
14:2:51,29900,4200,1175,2,
14:2:51,30000,4212,1177,2,
14:2:51,30100,4226,1182,2,
14:2:51,30200,4237,1193,2,
14:2:51,30300,4250,1197,2,
14:2:51,30400,4258,1200,2,
14:2:51,30500,4276,1206,2,
14:2:51,30600,4287,1209,2,
14:2:51,30700,4301,1214,2,
14:2:51,30800,4313,1217,2,
14:2:51,30900,4335,1221,2,
14:2:51,31000,4350,1224,2,
14:2:51,31100,4367,1227,2,
14:2:51,31200,4374,1234,2,
14:2:51,31300,4399,1238,2,
14:2:52,31400,4416,1240,2,
14:2:52,31500,4428,1243,2,
14:2:52,31600,4441,1245,2,
14:2:52,31700,4456,1250,2,
14:2:52,31800,4467,1257,2,
14:2:52,31900,4476,1258,2,
14:2:52,32000,4488,1262,2,
14:2:52,32100,4500,1269,2,
14:2:52,32200,4513,1273,2,
14:2:52,32300,4521,1279,2,
14:2:52,32400,4528,1284,2,
14:2:52,32500,4548,1287,2,
14:2:52,32600,4564,1293,2,
14:2:52,32700,4581,1293,2,
14:2:52,32800,4596,1294,2,
14:2:52,32900,4611,1301,2,
14:2:52,33000,4627,1304,2,
14:2:52,33100,4642,1308,2,
14:2:52,33200,4654,1312,2,
14:2:52,33300,4676,1321,2,
14:2:52,33400,4692,1323,2,
14:2:53,33500,4698,1326,2,
14:2:53,33600,4711,1329,2,
14:2:53,33700,4729,1337,2,
14:2:53,33800,4741,1341,2,
14:2:53,33900,4758,1348,2,
14:2:53,34000,4772,1351,2,
14:2:53,34100,4790,1356,2,
14:2:53,34200,4805,1360,2,
14:2:53,34300,4812,1363,2,
14:2:53,34400,4819,1368,2,
14:2:53,34500,4832,1372,2,
14:2:53,34600,4845,1381,2,
14:2:53,34700,4857,1382,2,
14:2:53,34800,4868,1385,2,
14:2:53,34900,4882,1398,2,
14:2:53,35000,4892,1402,2,
14:2:53,35100,4913,1405,2,
14:2:53,35200,4921,1407,2,
14:2:53,35300,4939,1414,2,
14:2:53,35400,4950,1415,2,
14:2:54,35500,4963,1420,2,
14:2:54,35600,4973,1425,2,
14:2:54,35700,4984,1432,2,
14:2:54,35800,4997,1439,2,
14:2:54,35900,5012,1442,2,
14:2:54,36000,5024,1444,2,
14:2:54,36100,5050,1450,2,
14:2:54,36200,5067,1454,2,
14:2:54,36300,5083,1454,2,
14:2:54,36400,5092,1462,2,
14:2:54,36500,5108,1470,2,
14:2:54,36600,5123,1475,2,
14:2:54,36700,5141,1479,2,
14:2:54,36800,5148,1479,2,
14:2:54,36900,5164,1486,2,
14:2:54,37000,5178,1490,2,
14:2:54,37100,5191,1493,2,
14:2:54,37200,5203,1495,2,
14:2:54,37300,5224,1500,2,
14:2:54,37400,5238,1501,2,
14:2:54,37500,5249,1507,2,
14:2:55,37600,5264,1510,2,
14:2:55,37700,5284,1514,2,
14:2:55,37800,5300,1518,2,
14:2:55,37900,5310,1521,2,
14:2:55,38000,5318,1525,2,
14:2:55,38100,5335,1533,2,
14:2:55,38200,5353,1537,2,
14:2:55,38300,5369,1541,2,
14:2:55,38400,5382,1544,2,
14:2:55,38500,5396,1553,2,
14:2:55,38600,5409,1556,2,
14:2:55,38700,5426,1560,2,
14:2:55,38800,5443,1565,2,
14:2:55,38900,5464,1569,2,
14:2:55,39000,5481,1572,2,
14:2:55,39100,5494,1575,2,
14:2:55,39200,5506,1579,2,
14:2:55,39300,5513,1587,2,
14:2:55,39400,5522,1592,2,
14:2:55,39500,5533,1598,2,
14:2:56,39600,5536,1600,2,
14:2:56,39700,5548,1608,2,
14:2:56,39800,5558,1613,2,
14:2:56,39900,5581,1617,2,
14:2:56,40000,5598,1619,2,
14:2:56,40100,5610,1625,2,
14:2:56,40200,5620,1630,2,
14:2:56,40300,5628,1633,2,
14:2:56,40400,5641,1636,2,
14:2:56,40500,5661,1640,2,
14:2:56,40600,5677,1645,2,
14:2:56,40700,5689,1650,2,
14:2:56,40800,5701,1653,2,
14:2:56,40900,5719,1663,2,
14:2:56,41000,5733,1668,2,
14:2:56,41100,5751,1670,2,
14:2:56,41200,5762,1675,2,
14:2:56,41300,5776,1679,2,
14:2:56,41400,5791,1681,2,
14:2:56,41500,5802,1682,2,
14:2:57,41600,5810,1685,2,
14:2:57,41700,5831,1689,2,
14:2:57,41800,5850,1699,2,
14:2:57,41900,5862,1705,2,
14:2:57,42000,5877,1707,2,
14:2:57,42100,5893,1720,2,
14:2:57,42200,5901,1721,2,
14:2:57,42300,5912,1723,2,
14:2:57,42400,5918,1727,2,
14:2:57,42500,5932,1734,2,
14:2:57,42600,5947,1739,2,
14:2:57,42700,5955,1740,2,
14:2:57,42800,5971,1742,2,
14:2:57,42900,5991,1749,2,
14:2:57,43000,6003,1754,2,
14:2:57,43100,6015,1761,2,
14:2:57,43200,6024,1765,2,
14:2:57,43300,6036,1773,2,
14:2:57,43400,6049,1774,2,
14:2:57,43500,6067,1776,2,
14:2:57,43600,6079,1781,2,
14:2:58,43700,6093,1787,2,
14:2:58,43800,6106,1792,2,
14:2:58,43900,6122,1796,2,
14:2:58,44000,6133,1798,2,
14:2:58,44100,6155,1805,2,
14:2:58,44200,6169,1809,2,
14:2:58,44300,6186,1813,2,
14:2:58,44400,6204,1825,2,
14:2:58,44500,6220,1829,2,
14:2:58,44600,6236,1833,2,
14:2:58,44700,6251,1838,2,
14:2:58,44800,6262,1843,2,
14:2:58,44900,6285,1846,2,
14:2:58,45000,6302,1852,2,
14:2:58,45100,6310,1858,2,
14:2:58,45200,6322,1861,2,
14:2:58,45300,6351,1866,2,
14:2:58,45400,6364,1871,2,
14:2:58,45500,6379,1876,2,
14:2:58,45600,6388,1878,2,
14:2:58,45700,6400,1881,2,
14:2:59,45800,6414,1887,2,
14:2:59,45900,6426,1894,2,
14:2:59,46000,6440,1902,2,
14:2:59,46100,6460,1908,2,
14:2:59,46200,6473,1917,2,
14:2:59,46300,6489,1920,2,
14:2:59,46400,6505,1926,2,
14:2:59,46500,6522,1933,2,
14:2:59,46600,6530,1938,2,
14:2:59,46700,6539,1943,2,
14:2:59,46800,6549,1944,2,
14:2:59,46900,6565,1948,2,
14:2:59,47000,6577,1951,2,
14:2:59,47100,6586,1953,2,
14:2:59,47200,6602,1956,2,
14:2:59,47300,6613,1959,2,
14:2:59,47400,6627,1964,2,
14:2:59,47500,6638,1966,2,
14:2:59,47600,6643,1968,2,
14:2:59,47700,6662,1973,2,
14:3:0,47800,6678,1980,2,
14:3:0,47900,6681,1981,2,
14:3:0,48000,6694,1984,2,
14:3:0,48100,6708,1989,2,
14:3:0,48200,6719,1996,2,
14:3:0,48300,6732,2000,2,
14:3:0,48400,6745,2004,2,
14:3:0,48500,6760,2010,2,
14:3:0,48600,6777,2016,2,
14:3:0,48700,6790,2017,2,
14:3:0,48800,6798,2020,2,
14:3:0,48900,6813,2028,2,
14:3:0,49000,6828,2034,2,
14:3:0,49100,6839,2037,2,
14:3:0,49200,6849,2041,2,
14:3:0,49300,6862,2044,2,
14:3:0,49400,6874,2047,2,
14:3:0,49500,6887,2049,2,
14:3:0,49600,6893,2054,2,
14:3:0,49700,6906,2061,2,
14:3:0,49800,6916,2064,2,
14:3:0,49900,6926,2070,2,
14:3:1,50000,6937,2072,2,
14:3:1,50100,6952,2079,2,
14:3:1,50200,6968,2084,2,
14:3:1,50300,6983,2087,2,
14:3:1,50400,6994,2092,2,
14:3:1,50500,7018,2096,2,
14:3:1,50600,7029,2101,2,
14:3:1,50700,7038,2102,2,
14:3:1,50800,7049,2103,2,
14:3:1,50900,7068,2107,2,
14:3:1,51000,7079,2109,2,
14:3:1,51100,7092,2113,2,
14:3:1,51200,7105,2120,2,
14:3:1,51300,7128,2125,2,
14:3:1,51400,7143,2133,2,
14:3:1,51500,7164,2135,2,
14:3:1,51600,7174,2143,2,
14:3:1,51700,7189,2146,2,
14:3:1,51800,7202,2152,2,
14:3:1,51900,7215,2156,2,
14:3:1,52000,7230,2161,2,
14:3:2,52100,7246,2163,2,
14:3:2,52200,7256,2163,2,
14:3:2,52300,7268,2169,2,
14:3:2,52400,7273,2174,2,
14:3:2,52500,7290,2176,2,
14:3:2,52600,7305,2180,2,
14:3:2,52700,7323,2180,2,
14:3:2,52800,7330,2185,2,
14:3:2,52900,7350,2191,2,
14:3:2,53000,7364,2197,2,
14:3:2,53100,7377,2201,2,
14:3:2,53200,7390,2203,2,
14:3:2,53300,7401,2209,2,
14:3:2,53400,7413,2211,2,
14:3:2,53500,7418,2215,2,
14:3:2,53600,7430,2219,2,
14:3:2,53700,7446,2222,2,
14:3:2,53800,7466,2226,2,
14:3:2,53900,7475,2230,2,
14:3:2,54000,7491,2235,2,
14:3:2,54100,7505,2239,2,
14:3:3,54200,7517,2243,2,
14:3:3,54300,7533,2248,2,
14:3:3,54400,7542,2253,2,
14:3:3,54500,7554,2260,2,
14:3:3,54600,7562,2267,2,
14:3:3,54700,7575,2271,2,
14:3:3,54800,7585,2271,2,
14:3:3,54900,7605,2275,2,
14:3:3,55000,7620,2276,2,
14:3:3,55100,7628,2278,2,
14:3:3,55200,7637,2282,2,
14:3:3,55300,7656,2292,2,
14:3:3,55400,7668,2294,2,
14:3:3,55500,7680,2297,2,
14:3:3,55600,7685,2300,2,
14:3:3,55700,7702,2305,2,
14:3:3,55800,7718,2308,2,
14:3:3,55900,7740,2315,2,
14:3:3,56000,7757,2315,2,
14:3:3,56100,7771,2321,2,
14:3:3,56200,7786,2324,2,
14:3:4,56300,7803,2328,2,
14:3:4,56400,7815,2332,2,
14:3:4,56500,7835,2339,2,
14:3:4,56600,7852,2347,2,
14:3:4,56700,7859,2348,2,
14:3:4,56800,7875,2352,2,
14:3:4,56900,7898,2358,2,
14:3:4,57000,7913,2361,2,
14:3:4,57100,7923,2363,2,
14:3:4,57200,7932,2370,2,
14:3:4,57300,7957,2378,2,
14:3:4,57400,7972,2381,2,
14:3:4,57500,7982,2384,2,
14:3:4,57600,7990,2388,2,
14:3:4,57700,8006,2391,2,
14:3:4,57800,8023,2393,2,
14:3:4,57900,8034,2396,2,
14:3:4,58000,8038,2400,2,
14:3:4,58100,8053,2409,2,
14:3:4,58200,8070,2412,2,
14:3:4,58300,8081,2416,2,
14:3:5,58400,8092,2420,2,
14:3:5,58500,8111,2426,2,
14:3:5,58600,8128,2429,2,
14:3:5,58700,8144,2433,2,
14:3:5,58800,8160,2435,2,
14:3:5,58900,8183,2441,2,
14:3:5,59000,8199,2444,2,
14:3:5,59100,8211,2446,2,
14:3:5,59200,8221,2451,2,
14:3:5,59300,8233,2457,2,
14:3:5,59400,8246,2458,2,
14:3:5,59500,8264,2461,2,
14:3:5,59600,8275,2464,2,
14:3:5,59700,8288,2469,2,
14:3:5,59800,8304,2474,2,
14:3:5,59900,8317,2477,2,
14:3:5,60000,8322,2481,2,
14:3:5,60100,8338,2487,2,
14:3:5,60200,8347,2492,2,
14:3:5,60300,8365,2495,2,
14:3:6,60400,8378,2500,2,
14:3:6,60500,8394,2505,2,
14:3:6,60600,8413,2510,2,
14:3:6,60700,8422,2513,2,
14:3:6,60800,8432,2520,2,
14:3:6,60900,8448,2528,2,
14:3:6,61000,8458,2531,2,
14:3:6,61100,8474,2534,2,
14:3:6,61200,8490,2538,2,
14:3:6,61300,8511,2541,2,
14:3:6,61400,8522,2547,2,
14:3:6,61500,8533,2551,2,
14:3:6,61600,8543,2551,2,
14:3:6,61700,8561,2559,2,
14:3:6,61800,8578,2562,2,
14:3:6,61900,8595,2566,2,
14:3:6,62000,8610,2568,2,
14:3:7,62100,8638,2572,2,
14:3:7,62200,8646,2575,2,
14:3:7,62300,8656,2580,2,
14:3:7,62400,8667,2586,2,
14:3:7,62500,8681,2592,2,
14:3:7,62600,8692,2594,2,
14:3:7,62700,8711,2597,2,
14:3:7,62800,8719,2600,2,
14:3:7,62900,8739,2607,2,
14:3:7,63000,8754,2613,2,
14:3:7,63100,8761,2617,2,
14:3:7,63200,8776,2619,2,
14:3:7,63300,8791,2628,2,
14:3:7,63400,8807,2630,2,
14:3:7,63500,8817,2635,2,
14:3:7,63600,8827,2638,2,
14:3:7,63700,8842,2644,2,
14:3:7,63800,8855,2645,2,
14:3:7,63900,8868,2649,2,
14:3:7,64000,8883,2651,2,
14:3:7,64100,8909,2660,2,
14:3:8,64200,8922,2664,2,
14:3:8,64300,8937,2668,2,
14:3:8,64400,8948,2673,2,
14:3:8,64500,8973,2677,2,
14:3:8,64600,8987,2678,2,
14:3:8,64700,8994,2681,2,
14:3:8,64800,9005,2683,2,
14:3:8,64900,9022,2686,2,
14:3:8,65000,9034,2688,2,
14:3:8,65100,9052,2691,2,
14:3:8,65200,9065,2699,2,
14:3:8,65300,9084,2705,2,
14:3:8,65400,9097,2713,2,
14:3:8,65500,9111,2719,2,
14:3:8,65600,9123,2724,2,
14:3:8,65700,9145,2729,2,
14:3:8,65800,9165,2732,2,
14:3:8,65900,9177,2735,2,
14:3:8,66000,9197,2739,2,
14:3:8,66100,9213,2744,2,
14:3:9,66200,9225,2746,2,
14:3:9,66300,9235,2748,2,
14:3:9,66400,9243,2748,2,
14:3:9,66500,9269,2751,2,
14:3:9,66600,9290,2757,2,
14:3:9,66700,9302,2759,2,
14:3:9,66800,9315,2762,2,
14:3:9,66900,9336,2770,2,
14:3:9,67000,9349,2773,2,
14:3:9,67100,9366,2781,2,
14:3:9,67200,9374,2786,2,
14:3:9,67300,9392,2792,2,
14:3:9,67400,9402,2793,2,
14:3:9,67500,9412,2798,2,
14:3:9,67600,9418,2804,2,
14:3:9,67700,9437,2811,2,
14:3:9,67800,9450,2816,2,
14:3:9,67900,9459,2818,2,
14:3:9,68000,9472,2820,2,
14:3:9,68100,9483,2825,2,
14:3:9,68200,9491,2829,2,
14:3:10,68300,9505,2833,2,
14:3:10,68400,9516,2835,2,
14:3:10,68500,9535,2842,2,
14:3:10,68600,9551,2848,2,
14:3:10,68700,9562,2851,2,
14:3:10,68800,9570,2852,2,
14:3:10,68900,9584,2857,2,
14:3:10,69000,9598,2859,2,
14:3:10,69100,9614,2862,2,
14:3:10,69200,9625,2865,2,
14:3:10,69300,9644,2872,2,
14:3:10,69400,9661,2878,2,
14:3:10,69500,9674,2881,2,
14:3:10,69600,9682,2883,2,
14:3:10,69700,9702,2889,2,
14:3:10,69800,9723,2896,2,
14:3:10,69900,9735,2899,2,
14:3:10,70000,9745,2908,2,
14:3:10,70100,9764,2917,2,
14:3:10,70200,9779,2923,2,
14:3:11,70300,9795,2924,2,
14:3:11,70400,9810,2929,2,
14:3:11,70500,9828,2936,2,
14:3:11,70600,9836,2938,2,
14:3:11,70700,9849,2939,2,
14:3:11,70800,9861,2945,2,
14:3:11,70900,9875,2953,2,
14:3:11,71000,9892,2959,2,
14:3:11,71100,9903,2961,2,
14:3:11,71200,9916,2965,2,
14:3:11,71300,9928,2972,2,
14:3:11,71400,9942,2978,2,
14:3:11,71500,9956,2980,2,
14:3:11,71600,9964,2984,2,
14:3:11,71700,9982,2985,2,
14:3:11,71800,10003,2991,2,
14:3:11,71900,10014,2996,2,
14:3:11,72000,10024,2998,2,
14:3:11,72100,10038,3004,2,
14:3:12,72200,10054,3008,2,
14:3:12,72300,10061,3012,2,
14:3:12,72400,10071,3017,2,
14:3:12,72500,10093,3020,2,
14:3:12,72600,10106,3025,2,
14:3:12,72700,10112,3028,2,
14:3:12,72800,10128,3032,2,
14:3:12,72900,10141,3034,2,
14:3:12,73000,10154,3043,2,
14:3:12,73100,10165,3046,2,
14:3:12,73200,10174,3048,2,
14:3:12,73300,10189,3055,2,
14:3:12,73400,10209,3059,2,
14:3:12,73500,10221,3061,2,
14:3:12,73600,10232,3065,2,
14:3:12,73700,10250,3066,2,
14:3:12,73800,10255,3069,2,
14:3:12,73900,10265,3073,2,
14:3:12,74000,10278,3076,2,
14:3:12,74100,10293,3082,2,
14:3:12,74200,10305,3086,2,
14:3:12,74300,10316,3090,2,
14:3:13,74400,10330,3091,2,
14:3:13,74500,10345,3103,2,
14:3:13,74600,10358,3106,2,
14:3:13,74700,10371,3110,2,
14:3:13,74800,10386,3114,2,
14:3:13,74900,10400,3121,2,
14:3:13,75000,10418,3123,2,
14:3:13,75100,10433,3129,2,
14:3:13,75200,10438,3134,2,
14:3:13,75300,10459,3137,2,
14:3:13,75400,10472,3140,2,
14:3:13,75500,10483,3144,2,
14:3:13,75600,10491,3146,2,
14:3:13,75700,10509,3147,2,
14:3:13,75800,10519,3151,2,
14:3:13,75900,10533,3152,2,
14:3:13,76000,10544,3154,2,
14:3:13,76100,10557,3162,2,
14:3:13,76200,10574,3168,2,
14:3:13,76300,10579,3169,2,
14:3:14,76400,10586,3174,2,
14:3:14,76500,10603,3179,2,
14:3:14,76600,10615,3184,2,
14:3:14,76700,10630,3187,2,
14:3:14,76800,10639,3190,2,
14:3:14,76900,10657,3201,2,
14:3:14,77000,10664,3203,2,
14:3:14,77100,10675,3208,2,
14:3:14,77200,10688,3215,2,
14:3:14,77300,10702,3221,2,
14:3:14,77400,10710,3223,2,
14:3:14,77500,10729,3227,2,
14:3:14,77600,10739,3234,2,
14:3:14,77700,10751,3241,2,
14:3:14,77800,10764,3245,2,
14:3:14,77900,10779,3250,2,
14:3:14,78000,10792,3253,2,
14:3:14,78100,10809,3260,2,
14:3:14,78200,10823,3263,2,
14:3:14,78300,10839,3268,2,
14:3:15,78400,10854,3272,2,
14:3:15,78500,10870,3275,2,
14:3:15,78600,10881,3277,2,
14:3:15,78700,10889,3281,2,
14:3:15,78800,10899,3284,2,
14:3:15,78900,10914,3287,2,
14:3:15,79000,10931,3296,2,
14:3:15,79100,10950,3301,2,
14:3:15,79200,10959,3303,2,
14:3:15,79300,10980,3309,2,
14:3:15,79400,10993,3312,2,
14:3:15,79500,11002,3316,2,
14:3:15,79600,11007,3317,2,
14:3:15,79700,11028,3322,2,
14:3:15,79800,11037,3329,2,
14:3:15,79900,11049,3334,2,
14:3:15,80000,11066,3339,2,
14:3:15,80100,11083,3345,2,
14:3:15,80200,11095,3350,2,
14:3:15,80300,11104,3351,2,
14:3:15,80400,11117,3356,2,
14:3:16,80500,11140,3363,2,
14:3:16,80600,11153,3372,2,
14:3:16,80700,11164,3376,2,
14:3:16,80800,11177,3381,2,
14:3:16,80900,11196,3387,2,
14:3:16,81000,11208,3392,2,
14:3:16,81100,11218,3395,2,
14:3:16,81200,11229,3398,2,
14:3:16,81300,11248,3403,2,
14:3:16,81400,11260,3411,2,
14:3:16,81500,11271,3414,2,
14:3:16,81600,11280,3415,2,
14:3:16,81700,11294,3424,2,
14:3:16,81800,11307,3426,2,
14:3:16,81900,11318,3428,2,
14:3:16,82000,11325,3432,2,
14:3:16,82100,11348,3443,2,
14:3:16,82200,11362,3450,2,
14:3:16,82300,11377,3455,2,
14:3:16,82400,11387,3461,2,
14:3:17,82500,11404,3466,2,
14:3:17,82600,11417,3470,2,
14:3:17,82700,11426,3473,2,
14:3:17,82800,11435,3474,2,
14:3:17,82900,11454,3483,2,
14:3:17,83000,11469,3488,2,
14:3:17,83100,11489,3494,2,
14:3:17,83200,11498,3501,2,
14:3:17,83300,11518,3505,2,
14:3:17,83400,11533,3507,2,
14:3:17,83500,11548,3511,2,
14:3:17,83600,11562,3513,2,
14:3:17,83700,11583,3519,2,
14:3:17,83800,11594,3522,2,
14:3:17,83900,11602,3528,2,
14:3:17,84000,11613,3533,2,
14:3:17,84100,11629,3535,2,
14:3:17,84200,11642,3539,2,
14:3:17,84300,11657,3542,2,
14:3:17,84400,11670,3544,2,
14:3:17,84500,11687,3550,2,
14:3:18,84600,11702,3552,2,
14:3:18,84700,11711,3555,2,
14:3:18,84800,11723,3557,2,
14:3:18,84900,11735,3562,2,
14:3:18,85000,11748,3564,4,
14:3:18,85100,11760,3568,4,
14:3:18,85200,11769,3572,4,
14:3:18,85300,11786,3574,4,
14:3:18,85400,11804,3581,4,
14:3:18,85500,11813,3585,4,
14:3:18,85600,11821,3594,4,
14:3:18,85700,11839,3601,4,
14:3:18,85800,11848,3604,4,
14:3:18,85900,11866,3606,4,
14:3:18,86000,11875,3607,4,
14:3:18,86100,11897,3613,4,
14:3:18,86200,11914,3622,4,
14:3:18,86300,11933,3625,4,
14:3:18,86400,11943,3629,4,
14:3:18,86500,11959,3635,4,
14:3:19,86600,11976,3642,4,
14:3:19,86700,11991,3650,4,
14:3:19,86800,12005,3651,4,
14:3:19,86900,12020,3657,4,
14:3:19,87000,12037,3662,4,
14:3:19,87100,12053,3665,4,
14:3:19,87200,12062,3668,4,
14:3:19,87300,12091,3673,4,
14:3:19,87400,12103,3677,4,
14:3:19,87500,12113,3681,4,
14:3:19,87600,12123,3684,4,
14:3:19,87700,12139,3692,4,
14:3:19,87800,12153,3697,4,
14:3:19,87900,12163,3701,4,
14:3:19,88000,12173,3706,4,
14:3:19,88100,12192,3708,4,
14:3:19,88200,12205,3708,4,
14:3:19,88300,12218,3713,4,
14:3:19,88400,12230,3719,4,
14:3:19,88500,12254,3725,4,
14:3:20,88600,12270,3730,4,
14:3:20,88700,12279,3734,4,
14:3:20,88800,12296,3738,4,
14:3:20,88900,12315,3742,4,
14:3:20,89000,12332,3745,4,
14:3:20,89100,12345,3749,4,
14:3:20,89200,12362,3753,4,
14:3:20,89300,12376,3757,4,
14:3:20,89400,12393,3760,4,
14:3:20,89500,12403,3763,4,
14:3:20,89600,12417,3767,4,
14:3:20,89700,12436,3772,4,
14:3:20,89800,12451,3776,4,
14:3:20,89900,12465,3778,4,
14:3:20,90000,12478,3780,4,
14:3:20,90100,12493,3789,4,
14:3:20,90200,12506,3794,4,
14:3:20,90300,12517,3797,4,
14:3:20,90400,12529,3801,4,
14:3:20,90500,12546,3805,4,
14:3:21,90600,12563,3809,4,
14:3:21,90700,12576,3816,4,
14:3:21,90800,12584,3817,4,
14:3:21,90900,12604,3822,4,
14:3:21,91000,12618,3828,4,
14:3:21,91100,12625,3831,4,
14:3:21,91200,12633,3836,4,
14:3:21,91300,12652,3842,4,
14:3:21,91400,12664,3844,4,
14:3:21,91500,12669,3847,4,
14:3:21,91600,12679,3852,4,
14:3:21,91700,12698,3858,4,
14:3:21,91800,12711,3863,4,
14:3:21,91900,12723,3868,4,
14:3:21,92000,12732,3871,4,
14:3:21,92100,12750,3872,4,
14:3:21,92200,12763,3877,4,
14:3:21,92300,12773,3878,4,
14:3:21,92400,12785,3882,4,
14:3:21,92500,12796,3888,4,
14:3:21,92600,12815,3890,4,
14:3:21,92700,12824,3892,4,
14:3:22,92800,12832,3894,4,
14:3:22,92900,12851,3901,4,
14:3:22,93000,12864,3904,4,
14:3:22,93100,12878,3909,4,
14:3:22,93200,12891,3911,4,
14:3:22,93300,12907,3916,4,
14:3:22,93400,12922,3922,4,
14:3:22,93500,12935,3923,4,
14:3:22,93600,12944,3924,4,
14:3:22,93700,12960,3926,4,
14:3:22,93800,12975,3931,4,
14:3:22,93900,12990,3934,4,
14:3:22,94000,12999,3936,4,
14:3:22,94100,13018,3949,4,
14:3:22,94200,13030,3955,4,
14:3:22,94300,13046,3959,4,
14:3:22,94400,13058,3964,4,
14:3:22,94500,13074,3968,4,
14:3:22,94600,13091,3973,4,
14:3:22,94700,13105,3979,4,
14:3:23,94800,13115,3984,4,
14:3:23,94900,13134,3988,4,
14:3:23,95000,13143,3994,4,
14:3:23,95100,13153,3997,4,
14:3:23,95200,13160,4000,4,
14:3:23,95300,13171,4003,4,
14:3:23,95400,13183,4010,4,
14:3:23,95500,13192,4012,4,
14:3:23,95600,13202,4014,4,
14:3:23,95700,13218,4015,4,
14:3:23,95800,13228,4020,4,
14:3:23,95900,13236,4025,4,
14:3:23,96000,13247,4031,4,
14:3:23,96100,13270,4034,4,
14:3:23,96200,13288,4035,4,
14:3:23,96300,13304,4039,4,
14:3:23,96400,13314,4041,4,
14:3:23,96500,13335,4045,4,
14:3:23,96600,13345,4050,4,
14:3:23,96700,13361,4053,4,
14:3:23,96800,13368,4053,4,
14:3:23,96900,13388,4058,4,
14:3:24,97000,13407,4062,4,
14:3:24,97100,13418,4065,4,
14:3:24,97200,13430,4071,4,
14:3:24,97300,13450,4074,4,
14:3:24,97400,13464,4079,4,
14:3:24,97500,13479,4081,4,
14:3:24,97600,13492,4086,4,
14:3:24,97700,13508,4092,4,
14:3:24,97800,13523,4096,4,
14:3:24,97900,13538,4104,4,
14:3:24,98000,13553,4107,4,
14:3:24,98100,13570,4109,4,
14:3:24,98200,13576,4115,4,
14:3:24,98300,13591,4122,4,
14:3:24,98400,13602,4126,4,
14:3:24,98500,13630,4130,4,
14:3:24,98600,13641,4133,4,
14:3:24,98700,13661,4137,4,
14:3:24,98800,13665,4139,4,
14:3:24,98900,13679,4143,4,
14:3:25,99000,13694,4147,4,
14:3:25,99100,13718,4150,4,
14:3:25,99200,13727,4152,4,
14:3:25,99300,13747,4158,4,
14:3:25,99400,13766,4162,4,
14:3:25,99500,13780,4166,4,
14:3:25,99600,13787,4166,4,
14:3:25,99700,13804,4172,4,
14:3:25,99800,13822,4176,4,
14:3:25,99900,13830,4179,4,
14:3:25,100000,13841,4184,4,
14:3:25,100100,13862,4187,4,
14:3:25,100200,13874,4190,4,
14:3:25,100300,13882,4194,4,
14:3:25,100400,13895,4197,4,
14:3:25,100500,13914,4205,4,
14:3:25,100600,13928,4209,4,
14:3:25,100700,13943,4209,4,
14:3:25,100800,13961,4213,4,
14:3:25,100900,13978,4222,4,
14:3:26,101000,13996,4225,4,
14:3:26,101100,14008,4233,4,
14:3:26,101200,14017,4235,4,
14:3:26,101300,14033,4240,4,
14:3:26,101400,14046,4242,4,
14:3:26,101500,14057,4245,4,
14:3:26,101600,14065,4245,4,
14:3:26,101700,14089,4254,4,
14:3:26,101800,14104,4259,4,
14:3:26,101900,14122,4265,4,
14:3:26,102000,14135,4267,4,
14:3:26,102100,14153,4270,4,
14:3:26,102200,14166,4273,4,
14:3:26,102300,14172,4282,4,
14:3:26,102400,14178,4286,4,
14:3:26,102500,14196,4291,4,
14:3:26,102600,14212,4297,4,
14:3:26,102700,14225,4299,4,
14:3:26,102800,14235,4304,4,
14:3:26,102900,14253,4309,4,
14:3:27,103000,14264,4314,4,
14:3:27,103100,14277,4318,4,
14:3:27,103200,14286,4319,4,
14:3:27,103300,14302,4328,4,
14:3:27,103400,14322,4330,4,
14:3:27,103500,14335,4334,4,
14:3:27,103600,14348,4337,4,
14:3:27,103700,14368,4338,4,
14:3:27,103800,14377,4340,4,
14:3:27,103900,14389,4343,4,
14:3:27,104000,14398,4348,4,
14:3:27,104100,14414,4354,4,
14:3:27,104200,14428,4358,4,
14:3:27,104300,14436,4362,4,
14:3:27,104400,14443,4366,4,
14:3:27,104500,14459,4371,4,
14:3:27,104600,14471,4375,4,
14:3:27,104700,14484,4379,4,
14:3:27,104800,14490,4382,4,
14:3:27,104900,14511,4384,4,
14:3:27,105000,14522,4389,4,
14:3:28,105100,14539,4395,4,
14:3:28,105200,14551,4399,4,
14:3:28,105300,14567,4408,4,
14:3:28,105400,14579,4411,4,
14:3:28,105500,14589,4415,4,
14:3:28,105600,14603,4417,4,
14:3:28,105700,14619,4430,4,
14:3:28,105800,14635,4436,4,
14:3:28,105900,14644,4440,4,
14:3:28,106000,14658,4444,4,
14:3:28,106100,14670,4452,4,
14:3:28,106200,14678,4455,4,
14:3:28,106300,14683,4460,4,
14:3:28,106400,14696,4464,4,
14:3:28,106500,14713,4467,4,
14:3:28,106600,14735,4476,4,
14:3:28,106700,14746,4479,4,
14:3:28,106800,14757,4485,4,
14:3:28,106900,14774,4495,4,
14:3:28,107000,14783,4497,4,
14:3:28,107100,14795,4498,4,
14:3:29,107200,14807,4504,4,
14:3:29,107300,14826,4510,4,
14:3:29,107400,14844,4512,4,
14:3:29,107500,14856,4514,4,
14:3:29,107600,14864,4515,4,
14:3:29,107700,14880,4524,4,
14:3:29,107800,14894,4530,4,
14:3:29,107900,14903,4532,4,
14:3:29,108000,14913,4532,4,
14:3:29,108100,14930,4537,4,
14:3:29,108200,14938,4540,4,
14:3:29,108300,14952,4542,4,
14:3:29,108400,14962,4548,4,
14:3:29,108500,14980,4552,4,
14:3:29,108600,14995,4557,4,
14:3:29,108700,15009,4559,4,
14:3:29,108800,15020,4562,4,
14:3:29,108900,15036,4567,4,
14:3:29,109000,15046,4575,4,
14:3:29,109100,15059,4578,4,
14:3:29,109200,15070,4581,4,
14:3:30,109300,15091,4586,4,
14:3:30,109400,15106,4591,4,
14:3:30,109500,15120,4592,4,
14:3:30,109600,15127,4593,4,
14:3:30,109700,15151,4599,4,
14:3:30,109800,15160,4601,4,
14:3:30,109900,15181,4603,4,
14:3:30,110000,15197,4605,4,
14:3:30,110100,15209,4611,4,
14:3:30,110200,15223,4615,4,
14:3:30,110300,15236,4619,4,
14:3:30,110400,15247,4623,4,
14:3:30,110500,15266,4629,4,
14:3:30,110600,15276,4634,4,
14:3:30,110700,15293,4639,4,
14:3:30,110800,15306,4643,4,
14:3:30,110900,15327,4644,4,
14:3:30,111000,15341,4649,4,
14:3:30,111100,15354,4652,4,
14:3:30,111200,15362,4657,4,
14:3:31,111300,15379,4664,4,
14:3:31,111400,15389,4669,4,
14:3:31,111500,15398,4671,4,
14:3:31,111600,15404,4672,4,
14:3:31,111700,15421,4677,4,
14:3:31,111800,15434,4683,4,
14:3:31,111900,15452,4688,4,
14:3:31,112000,15465,4696,4,
14:3:31,112100,15480,4700,4,
14:3:31,112200,15493,4700,4,
14:3:31,112300,15505,4708,4,
14:3:31,112400,15512,4712,4,
14:3:31,112500,15525,4717,4,
14:3:31,112600,15536,4722,4,
14:3:31,112700,15545,4722,4,
14:3:31,112800,15552,4724,4,
14:3:31,112900,15564,4725,4,
14:3:31,113000,15580,4729,4,
14:3:31,113100,15589,4732,4,
14:3:31,113200,15601,4735,4,
14:3:31,113300,15622,4740,4,
14:3:31,113400,15639,4742,4,
14:3:32,113500,15647,4747,4,
14:3:32,113600,15660,4751,4,
14:3:32,113700,15676,4755,4,
14:3:32,113800,15692,4757,4,
14:3:32,113900,15707,4761,4,
14:3:32,114000,15722,4764,4,
14:3:32,114100,15734,4770,4,
14:3:32,114200,15749,4775,4,
14:3:32,114300,15765,4775,4,
14:3:32,114400,15775,4778,4,
14:3:32,114500,15797,4783,4,
14:3:32,114600,15809,4788,4,
14:3:32,114700,15829,4793,4,
14:3:32,114800,15843,4795,4,
14:3:32,114900,15862,4798,4,
14:3:32,115000,15881,4803,4,
14:3:32,115100,15894,4806,4,
14:3:32,115200,15903,4811,4,
14:3:32,115300,15917,4817,4,
14:3:32,115400,15933,4823,4,
14:3:33,115500,15940,4831,4,
14:3:33,115600,15957,4833,4,
14:3:33,115700,15966,4841,4,
14:3:33,115800,15979,4845,4,
14:3:33,115900,15992,4847,4,
14:3:33,116000,16002,4850,4,
14:3:33,116100,16023,4855,4,
14:3:33,116200,16040,4859,4,
14:3:33,116300,16052,4863,4,
14:3:33,116400,16058,4865,4,
14:3:33,116500,16077,4874,4,
14:3:33,116600,16094,4878,4,
14:3:33,116700,16107,4884,4,
14:3:33,116800,16123,4885,4,
14:3:33,116900,16138,4890,4,
14:3:33,117000,16150,4901,4,
14:3:33,117100,16161,4904,4,
14:3:33,117200,16168,4907,4,
14:3:33,117300,16182,4911,4,
14:3:33,117400,16199,4915,4,
14:3:33,117500,16208,4916,4,
14:3:34,117600,16215,4919,4,
14:3:34,117700,16236,4921,4,
14:3:34,117800,16245,4925,4,
14:3:34,117900,16258,4930,4,
14:3:34,118000,16266,4932,4,
14:3:34,118100,16287,4936,4,
14:3:34,118200,16301,4941,4,
14:3:34,118300,16314,4946,4,
14:3:34,118400,16328,4950,4,
14:3:34,118500,16347,4954,4,
14:3:34,118600,16357,4956,4,
14:3:34,118700,16370,4959,4,
14:3:34,118800,16376,4966,4,
14:3:34,118900,16393,4973,4,
14:3:34,119000,16404,4979,4,
14:3:34,119100,16413,4981,4,
14:3:34,119200,16425,4984,4,
14:3:34,119300,16449,4989,4,
14:3:34,119400,16457,4994,4,
14:3:34,119500,16474,4999,4,
14:3:34,119600,16484,5001,4,
14:3:35,119700,16504,5009,4,
14:3:35,119800,16515,5019,4,
14:3:35,119900,16532,5022,4,
14:3:35,120000,16539,5025,4,
14:3:35,120100,16555,5030,4,
14:3:35,120200,16568,5032,4,
14:3:35,120300,16576,5038,4,
14:3:35,120400,16586,5041,4,
14:3:35,120500,16606,5042,4,
14:3:35,120600,16623,5044,4,
14:3:35,120700,16638,5049,4,
14:3:35,120800,16646,5050,4,
14:3:35,120900,16671,5058,4,
14:3:35,121000,16686,5065,4,
14:3:35,121100,16698,5069,4,
14:3:35,121200,16712,5069,4,
14:3:35,121300,16736,5074,4,
14:3:35,121400,16746,5078,4,
14:3:35,121500,16759,5080,4,
14:3:35,121600,16768,5085,4,
14:3:36,121700,16784,5091,4,
14:3:36,121800,16788,5094,4,
14:3:36,121900,16794,5099,4,
14:3:36,122000,16804,5105,4,
14:3:36,122100,16819,5110,4,
14:3:36,122200,16834,5118,4,
14:3:36,122300,16845,5122,4,
14:3:36,122400,16861,5125,4,
14:3:36,122500,16870,5131,4,
14:3:36,122600,16882,5134,4,
14:3:36,122700,16894,5141,4,
14:3:36,122800,16901,5145,4,
14:3:36,122900,16916,5150,4,
14:3:36,123000,16933,5152,4,
14:3:36,123100,16950,5153,4,
14:3:36,123200,16962,5156,4,
14:3:36,123300,16974,5163,4,
14:3:36,123400,16991,5166,4,
14:3:36,123500,17007,5169,4,
14:3:36,123600,17019,5173,4,
14:3:36,123700,17041,5180,4,
14:3:37,123800,17054,5185,4,
14:3:37,123900,17063,5188,4,
14:3:37,124000,17072,5192,4,
14:3:37,124100,17099,5198,4,
14:3:37,124200,17112,5200,4,
14:3:37,124300,17125,5206,4,
14:3:37,124400,17138,5211,4,
14:3:37,124500,17156,5213,4,
14:3:37,124600,17173,5216,4,
14:3:37,124700,17184,5222,4,
14:3:37,124800,17198,5225,4,
14:3:37,124900,17213,5228,4,
14:3:37,125000,17236,5234,4,
14:3:37,125100,17247,5236,4,
14:3:37,125200,17257,5240,4,
14:3:37,125300,17273,5246,4,
14:3:37,125400,17286,5251,4,
14:3:37,125500,17301,5257,4,
14:3:37,125600,17317,5260,4,
14:3:37,125700,17338,5264,4,
14:3:38,125800,17362,5269,4,
14:3:38,125900,17375,5277,4,
14:3:38,126000,17387,5280,4,
14:3:38,126100,17409,5282,4,
14:3:38,126200,17418,5288,4,
14:3:38,126300,17425,5293,4,
14:3:38,126400,17436,5297,4,
14:3:38,126500,17455,5303,4,
14:3:38,126600,17472,5308,4,
14:3:38,126700,17487,5311,4,
14:3:38,126800,17495,5313,4,
14:3:38,126900,17515,5314,4,
14:3:38,127000,17534,5316,4,
14:3:38,127100,17552,5318,4,
14:3:38,127200,17560,5322,4,
14:3:38,127300,17579,5325,4,
14:3:38,127400,17597,5328,4,
14:3:38,127500,17610,5333,4,
14:3:38,127600,17622,5333,4,
14:3:38,127700,17640,5340,4,
14:3:38,127800,17659,5341,4,
14:3:39,127900,17672,5343,4,
14:3:39,128000,17683,5347,4,
14:3:39,128100,17701,5350,4,
14:3:39,128200,17715,5358,4,
14:3:39,128300,17725,5360,4,
14:3:39,128400,17736,5364,4,
14:3:39,128500,17752,5368,4,
14:3:39,128600,17767,5372,4,
14:3:39,128700,17774,5374,4,
14:3:39,128800,17787,5377,4,
14:3:39,128900,17801,5384,4,
14:3:39,129000,17821,5390,4,
14:3:39,129100,17834,5395,4,
14:3:39,129200,17850,5400,4,
14:3:39,129300,17865,5410,4,
14:3:39,129400,17887,5413,4,
14:3:39,129500,17897,5416,4,
14:3:39,129600,17907,5418,4,
14:3:39,129700,17920,5428,4,
14:3:39,129800,17939,5433,4,
14:3:40,129900,17950,5437,4,
14:3:40,130000,17965,5442,4,
14:3:40,130100,17977,5444,4,
14:3:40,130200,17988,5449,4,
14:3:40,130300,18000,5455,4,
14:3:40,130400,18009,5457,4,
14:3:40,130500,18028,5459,4,
14:3:40,130600,18041,5462,4,
14:3:40,130700,18059,5465,4,
14:3:40,130800,18074,5467,4,
14:3:40,130900,18091,5472,4,
14:3:40,131000,18100,5482,4,
14:3:40,131100,18114,5486,4,
14:3:40,131200,18125,5488,4,
14:3:40,131300,18145,5490,4,
14:3:40,131400,18156,5492,4,
14:3:40,131500,18169,5496,4,
14:3:40,131600,18180,5501,4,
14:3:40,131700,18208,5509,4,
14:3:40,131800,18225,5514,4,
14:3:41,131900,18236,5519,4,
14:3:41,132000,18244,5521,4,
14:3:41,132100,18256,5526,4,
14:3:41,132200,18271,5530,4,
14:3:41,132300,18279,5533,4,
14:3:41,132400,18290,5537,4,
14:3:41,132500,18314,5546,4,
14:3:41,132600,18329,5553,4,
14:3:41,132700,18339,5555,4,
14:3:41,132800,18343,5560,4,
14:3:41,132900,18359,5563,4,
14:3:41,133000,18371,5573,4,
14:3:41,133100,18389,5576,4,
14:3:41,133200,18400,5582,4,
14:3:41,133300,18411,5589,4,
14:3:41,133400,18420,5594,4,
14:3:41,133500,18437,5599,4,
14:3:41,133600,18444,5602,4,
14:3:41,133700,18461,5608,4,
14:3:41,133800,18472,5611,4,
14:3:42,133900,18495,5616,4,
14:3:42,134000,18497,5619,4,
14:3:42,134100,18513,5622,4,
14:3:42,134200,18531,5627,4,
14:3:42,134300,18539,5630,4,
14:3:42,134400,18545,5635,4,
14:3:42,134500,18566,5642,4,
14:3:42,134600,18580,5645,4,
14:3:42,134700,18591,5648,4,
14:3:42,134800,18606,5652,4,
14:3:42,134900,18626,5654,4,
14:3:42,135000,18644,5659,4,
14:3:42,135100,18661,5664,4,
14:3:42,135200,18673,5668,4,
14:3:42,135300,18687,5668,4,
14:3:42,135400,18704,5671,4,
14:3:42,135500,18720,5677,4,
14:3:42,135600,18734,5683,4,
14:3:42,135700,18756,5686,4,
14:3:42,135800,18764,5691,4,
14:3:43,135900,18777,5695,4,
14:3:43,136000,18787,5698,4,
14:3:43,136100,18803,5704,4,
14:3:43,136200,18819,5705,4,
14:3:43,136300,18833,5711,4,
14:3:43,136400,18841,5715,4,
14:3:43,136500,18867,5723,4,
14:3:43,136600,18878,5726,4,
14:3:43,136700,18890,5731,4,
14:3:43,136800,18901,5732,4,
14:3:43,136900,18919,5736,4,
14:3:43,137000,18932,5737,4,
14:3:43,137100,18940,5739,4,
14:3:43,137200,18949,5741,4,
14:3:43,137300,18957,5751,4,
14:3:43,137400,18975,5752,4,
14:3:43,137500,18994,5755,4,
14:3:43,137600,19001,5759,4,
14:3:43,137700,19020,5763,4,
14:3:43,137800,19033,5767,4,
14:3:43,137900,19047,5774,4,
14:3:44,138000,19068,5777,4,
14:3:44,138100,19079,5781,4,
14:3:44,138200,19094,5786,4,
14:3:44,138300,19105,5789,4,
14:3:44,138400,19115,5796,4,
14:3:44,138500,19125,5800,4,
14:3:44,138600,19140,5807,4,
14:3:44,138700,19148,5810,4,
14:3:44,138800,19158,5816,4,
14:3:44,138900,19172,5822,4,
14:3:44,139000,19187,5829,4,
14:3:44,139100,19204,5831,4,
14:3:44,139200,19214,5833,4,
14:3:44,139300,19232,5841,4,
14:3:44,139400,19245,5844,4,
14:3:44,139500,19259,5848,4,
14:3:44,139600,19268,5849,4,
14:3:44,139700,19287,5857,4,
14:3:44,139800,19300,5859,4,
14:3:44,139900,19305,5864,4,
14:3:44,140000,19315,5866,4,
14:3:45,140100,19328,5874,4,
14:3:45,140200,19346,5878,4,
14:3:45,140300,19358,5882,4,
14:3:45,140400,19370,5885,4,
14:3:45,140500,19386,5889,4,
14:3:45,140600,19397,5894,4,
14:3:45,140700,19407,5895,4,
14:3:45,140800,19418,5898,4,
14:3:45,140900,19436,5906,4,
14:3:45,141000,19453,5909,4,
14:3:45,141100,19466,5909,4,
14:3:45,141200,19480,5912,4,
14:3:45,141300,19503,5917,4,
14:3:45,141400,19512,5921,4,
14:3:45,141500,19526,5925,4,
14:3:45,141600,19535,5928,4,
14:3:45,141700,19550,5932,4,
14:3:45,141800,19571,5940,4,
14:3:45,141900,19583,5944,4,
14:3:45,142000,19594,5945,4,
14:3:45,142100,19607,5947,4,
14:3:46,142200,19616,5950,4,
14:3:46,142300,19629,5955,4,
14:3:46,142400,19641,5963,4,
14:3:46,142500,19657,5968,4,
14:3:46,142600,19674,5971,4,
14:3:46,142700,19693,5975,4,
14:3:46,142800,19698,5980,4,
14:3:46,142900,19709,5984,4,
14:3:46,143000,19725,5985,4,
14:3:46,143100,19733,5993,4,
14:3:46,143200,19741,5997,4,
14:3:46,143300,19752,6005,4,
14:3:46,143400,19769,6010,4,
14:3:46,143500,19788,6014,4,
14:3:46,143600,19794,6017,4,
14:3:46,143700,19813,6023,4,
14:3:46,143800,19829,6028,4,
14:3:46,143900,19843,6034,4,
14:3:46,144000,19852,6037,4,
14:3:46,144100,19876,6042,4,
14:3:47,144200,19889,6046,4,
14:3:47,144300,19898,6051,4,
14:3:47,144400,19904,6054,4,
14:3:47,144500,19917,6062,4,
14:3:47,144600,19935,6065,4,
14:3:47,144700,19946,6068,4,
14:3:47,144800,19951,6069,4,
14:3:47,144900,19975,6073,4,
14:3:47,145000,19985,6076,4,
14:3:47,145100,19991,6079,4,
14:3:47,145200,20004,6080,4,
14:3:47,145300,20022,6086,4,
14:3:47,145400,20036,6093,4,
14:3:47,145500,20045,6096,4,
14:3:47,145600,20055,6098,4,
14:3:47,145700,20073,6111,4,
14:3:47,145800,20081,6118,4,
14:3:47,145900,20097,6123,4,
14:3:47,146000,20103,6126,4,
14:3:47,146100,20122,6130,4,
14:3:47,146200,20137,6133,4,
14:3:48,146300,20150,6136,4,
14:3:48,146400,20161,6142,4,
14:3:48,146500,20176,6146,4,
14:3:48,146600,20186,6148,4,
14:3:48,146700,20193,6149,4,
14:3:48,146800,20212,6156,4,
14:3:48,146900,20228,6166,4,
14:3:48,147000,20242,6174,4,
14:3:48,147100,20255,6177,4,
14:3:48,147200,20270,6183,4,
14:3:48,147300,20289,6195,4,
14:3:48,147400,20310,6200,4,
14:3:48,147500,20321,6203,4,
14:3:48,147600,20331,6206,4,
14:3:48,147700,20346,6212,4,
14:3:48,147800,20358,6213,4,
14:3:48,147900,20370,6219,4,
14:3:48,148000,20381,6225,4,
14:3:48,148100,20401,6229,4,
14:3:48,148200,20415,6233,4,
14:3:49,148300,20427,6239,4,
14:3:49,148400,20437,6243,4,
14:3:49,148500,20455,6244,4,
14:3:49,148600,20471,6247,4,
14:3:49,148700,20485,6254,4,
14:3:49,148800,20494,6257,4,
14:3:49,148900,20514,6259,4,
14:3:49,149000,20531,6264,4,
14:3:49,149100,20547,6268,4,
14:3:49,149200,20561,6271,4,
14:3:49,149300,20576,6279,4,
14:3:49,149400,20592,6281,4,
14:3:49,149500,20605,6285,4,
14:3:49,149600,20615,6289,4,
14:3:49,149700,20631,6295,4,
14:3:49,149800,20638,6300,4,
14:3:49,149900,20653,6304,4,
14:3:49,150000,20668,6306,4,
14:3:49,150100,20683,6312,4,
14:3:49,150200,20697,6313,4,
14:3:49,150300,20712,6320,4,
14:3:50,150400,20729,6323,4,
14:3:50,150500,20748,6331,4,
14:3:50,150600,20760,6337,4,
14:3:50,150700,20773,6340,4,
14:3:50,150800,20788,6342,4,
14:3:50,150900,20813,6352,4,
14:3:50,151000,20823,6356,4,
14:3:50,151100,20833,6361,4,
14:3:50,151200,20839,6366,4,
14:3:50,151300,20857,6371,4,
14:3:50,151400,20874,6378,4,
14:3:50,151500,20884,6381,4,
14:3:50,151600,20894,6387,4,
14:3:50,151700,20912,6391,4,
14:3:50,151800,20927,6396,4,
14:3:50,151900,20939,6401,4,
14:3:50,152000,20950,6404,4,
14:3:50,152100,20958,6409,4,
14:3:50,152200,20968,6412,4,
14:3:50,152300,20973,6417,4,
14:3:51,152400,20993,6423,4,
14:3:51,152500,21010,6429,4,
14:3:51,152600,21025,6434,4,
14:3:51,152700,21037,6435,4,
14:3:51,152800,21051,6438,4,
14:3:51,152900,21063,6445,4,
14:3:51,153000,21078,6449,4,
14:3:51,153100,21093,6453,4,
14:3:51,153200,21106,6456,4,
14:3:51,153300,21125,6462,4,
14:3:51,153400,21135,6470,4,
14:3:51,153500,21146,6472,4,
14:3:51,153600,21162,6478,4,
14:3:51,153700,21174,6482,4,
14:3:51,153800,21187,6485,4,
14:3:51,153900,21199,6489,4,
14:3:51,154000,21215,6490,4,
14:3:51,154100,21228,6494,4,
14:3:51,154200,21241,6497,4,
14:3:51,154300,21254,6499,4,
14:3:51,154400,21263,6502,4,
14:3:52,154500,21286,6506,4,
14:3:52,154600,21301,6511,4,
14:3:52,154700,21313,6513,4,
14:3:52,154800,21323,6516,4,
14:3:52,154900,21345,6522,4,
14:3:52,155000,21354,6527,4,
14:3:52,155100,21368,6529,4,
14:3:52,155200,21376,6531,4,
14:3:52,155300,21392,6532,4,
14:3:52,155400,21405,6539,4,
14:3:52,155500,21414,6542,4,
14:3:52,155600,21422,6546,4,
14:3:52,155700,21435,6550,4,
14:3:52,155800,21450,6556,4,
14:3:52,155900,21462,6560,4,
14:3:52,156000,21475,6564,4,
14:3:52,156100,21487,6572,4,
14:3:52,156200,21504,6574,4,
14:3:52,156300,21522,6581,4,
14:3:52,156400,21531,6585,4,
14:3:52,156500,21537,6591,4,
14:3:52,156600,21549,6595,4,
14:3:53,156700,21565,6597,4,
14:3:53,156800,21576,6600,4,
14:3:53,156900,21599,6608,4,
14:3:53,157000,21614,6613,4,
14:3:53,157100,21620,6620,4,
14:3:53,157200,21629,6622,4,
14:3:53,157300,21650,6631,4,
14:3:53,157400,21664,6637,4,
14:3:53,157500,21680,6640,4,
14:3:53,157600,21687,6647,4,
14:3:53,157700,21707,6655,4,
14:3:53,157800,21728,6656,4,
14:3:53,157900,21740,6661,4,
14:3:53,158000,21752,6665,4,
14:3:53,158100,21769,6674,4,
14:3:53,158200,21789,6677,4,
14:3:53,158300,21808,6680,4,
14:3:53,158400,21816,6683,4,
14:3:53,158500,21828,6689,4,
14:3:53,158600,21848,6691,4,
14:3:54,158700,21865,6697,4,
14:3:54,158800,21874,6699,4,
14:3:54,158900,21893,6704,4,
14:3:54,159000,21912,6704,4,
14:3:54,159100,21922,6706,4,
14:3:54,159200,21929,6710,4,
14:3:54,159300,21948,6716,4,
14:3:54,159400,21960,6718,4,
14:3:54,159500,21972,6721,4,
14:3:54,159600,21983,6723,4,
14:3:54,159700,22004,6727,4,
14:3:54,159800,22014,6733,4,
14:3:54,159900,22023,6737,4,
14:3:54,160000,22031,6738,4,
14:3:54,160100,22047,6740,4,
14:3:54,160200,22061,6745,4,
14:3:54,160300,22078,6748,4,
14:3:54,160400,22096,6749,4,
14:3:54,160500,22110,6752,4,
14:3:54,160600,22127,6757,4,
14:3:54,160700,22144,6760,4,
14:3:55,160800,22152,6764,4,
14:3:55,160900,22164,6770,4,
14:3:55,161000,22186,6771,4,
14:3:55,161100,22195,6775,4,
14:3:55,161200,22208,6785,4,
14:3:55,161300,22234,6791,4,
14:3:55,161400,22241,6796,4,
14:3:55,161500,22250,6801,4,
14:3:55,161600,22258,6806,4,
14:3:55,161700,22268,6815,4,
14:3:55,161800,22281,6820,4,
14:3:55,161900,22290,6825,4,
14:3:55,162000,22304,6832,4,
14:3:55,162100,22320,6839,4,
14:3:55,162200,22336,6843,4,
14:3:55,162300,22346,6846,4,
14:3:55,162400,22355,6853,4,
14:3:55,162500,22367,6859,4,
14:3:55,162600,22378,6863,4,
14:3:55,162700,22390,6865,4,
14:3:55,162800,22400,6868,4,
14:3:56,162900,22421,6873,4,
14:3:56,163000,22435,6875,4,
14:3:56,163100,22445,6875,4,
14:3:56,163200,22451,6878,4,
14:3:56,163300,22476,6884,4,
14:3:56,163400,22493,6886,4,
14:3:56,163500,22506,6889,4,
14:3:56,163600,22509,6893,4,
14:3:56,163700,22534,6897,4,
14:3:56,163800,22555,6897,4,
14:3:56,163900,22569,6901,4,
14:3:56,164000,22584,6902,4,
14:3:56,164100,22604,6908,4,
14:3:56,164200,22622,6912,4,
14:3:56,164300,22634,6915,4,
14:3:56,164400,22647,6920,4,
14:3:56,164500,22665,6930,4,
14:3:56,164600,22676,6931,4,
14:3:56,164700,22689,6934,4,
14:3:56,164800,22700,6941,4,
14:3:57,164900,22709,6949,4,
14:3:57,165000,22722,6956,4,
14:3:57,165100,22737,6959,4,
14:3:57,165200,22748,6964,4,
14:3:57,165300,22765,6970,4,
14:3:57,165400,22775,6974,4,
14:3:57,165500,22787,6977,4,
14:3:57,165600,22806,6979,4,
14:3:57,165700,22824,6984,4,
14:3:57,165800,22839,6987,4,
14:3:57,165900,22855,6991,4,
14:3:57,166000,22870,6996,4,
14:3:57,166100,22885,7008,4,
14:3:57,166200,22899,7013,4,
14:3:57,166300,22915,7021,4,
14:3:57,166400,22929,7023,4,
14:3:57,166500,22946,7026,4,
14:3:57,166600,22963,7031,4,
14:3:57,166700,22975,7038,4,
14:3:57,166800,22987,7040,4,
14:3:58,166900,23004,7047,4,
14:3:58,167000,23017,7047,4,
14:3:58,167100,23036,7050,4,
14:3:58,167200,23047,7051,4,
14:3:58,167300,23065,7057,4,
14:3:58,167400,23075,7061,4,
14:3:58,167500,23084,7063,4,
14:3:58,167600,23101,7063,4,
14:3:58,167700,23121,7065,4,
14:3:58,167800,23144,7067,4,
14:3:58,167900,23162,7070,4,
14:3:58,168000,23169,7076,4,
14:3:58,168100,23190,7081,4,
14:3:58,168200,23208,7090,4,
14:3:58,168300,23218,7093,4,
14:3:58,168400,23233,7096,4,
14:3:58,168500,23250,7099,4,
14:3:58,168600,23258,7102,4,
14:3:58,168700,23270,7105,4,
14:3:58,168800,23278,7110,4,
14:3:58,168900,23291,7114,4,
14:3:59,169000,23307,7117,4,
14:3:59,169100,23319,7119,4,
14:3:59,169200,23329,7126,4,
14:3:59,169300,23337,7131,4,
14:3:59,169400,23348,7135,4,
14:3:59,169500,23362,7141,4,
14:3:59,169600,23372,7142,4,
14:3:59,169700,23385,7153,4,
14:3:59,169800,23397,7154,4,
14:3:59,169900,23405,7163,4,
14:3:59,170000,23417,7167,4,
14:3:59,170100,23431,7170,4,
14:3:59,170200,23446,7176,4,
14:3:59,170300,23457,7178,4,
14:3:59,170400,23468,7178,4,
14:3:59,170500,23493,7180,4,
14:3:59,170600,23511,7188,4,
14:3:59,170700,23524,7194,4,
14:3:59,170800,23534,7199,4,
14:3:59,170900,23552,7203,4,
14:3:59,171000,23569,7209,4,
14:4:0,171100,23582,7211,4,
14:4:0,171200,23588,7211,4,
14:4:0,171300,23605,7215,4,
14:4:0,171400,23616,7218,4,
14:4:0,171500,23633,7220,4,
14:4:0,171600,23645,7223,4,
14:4:0,171700,23660,7227,4,
14:4:0,171800,23673,7235,4,
14:4:0,171900,23680,7240,4,
14:4:0,172000,23693,7244,4,
14:4:0,172100,23709,7254,4,
14:4:0,172200,23718,7256,4,
14:4:0,172300,23730,7257,4,
14:4:0,172400,23745,7258,4,
14:4:0,172500,23765,7260,4,
14:4:0,172600,23777,7264,4,
14:4:0,172700,23788,7267,4,
14:4:0,172800,23796,7273,4,
14:4:0,172900,23818,7285,4,
14:4:0,173000,23828,7294,4,
14:4:0,173100,23837,7298,4,
14:4:1,173200,23843,7303,4,
14:4:1,173300,23865,7313,4,
14:4:1,173400,23882,7316,4,
14:4:1,173500,23895,7318,4,
14:4:1,173600,23906,7321,4,
14:4:1,173700,23921,7325,4,
14:4:1,173800,23939,7329,4,
14:4:1,173900,23958,7334,4,
14:4:1,174000,23965,7337,4,
14:4:1,174100,23978,7339,4,
14:4:1,174200,23997,7346,4,
14:4:1,174300,24006,7347,4,
14:4:1,174400,24017,7350,4,
14:4:1,174500,24031,7358,4,
14:4:1,174600,24043,7365,4,
14:4:1,174700,24056,7366,4,
14:4:1,174800,24069,7369,4,
14:4:1,174900,24089,7374,4,
14:4:1,175000,24099,7379,4,
14:4:1,175100,24114,7381,4,
14:4:1,175200,24129,7383,4,
14:4:2,175300,24144,7392,4,
14:4:2,175400,24154,7397,4,
14:4:2,175500,24173,7399,4,
14:4:2,175600,24182,7403,4,
14:4:2,175700,24202,7410,4,
14:4:2,175800,24215,7411,4,
14:4:2,175900,24229,7412,4,
14:4:2,176000,24236,7414,4,
14:4:2,176100,24255,7421,4,
14:4:2,176200,24260,7425,4,
14:4:2,176300,24273,7431,4,
14:4:2,176400,24280,7434,4,
14:4:2,176500,24301,7443,4,
14:4:2,176600,24311,7448,4,
14:4:2,176700,24320,7454,4,
14:4:2,176800,24335,7459,4,
14:4:2,176900,24349,7468,4,
14:4:2,177000,24361,7474,4,
14:4:2,177100,24374,7477,4,
14:4:2,177200,24384,7479,4,
14:4:2,177300,24406,7482,4,
14:4:3,177400,24410,7485,4,
14:4:3,177500,24423,7492,4,
14:4:3,177600,24435,7495,4,
14:4:3,177700,24448,7500,4,
14:4:3,177800,24462,7506,4,
14:4:3,177900,24470,7508,4,
14:4:3,178000,24477,7513,4,
14:4:3,178100,24496,7517,4,
14:4:3,178200,24518,7523,4,
14:4:3,178300,24538,7527,4,
14:4:3,178400,24548,7528,4,
14:4:3,178500,24565,7534,4,
14:4:3,178600,24580,7539,4,
14:4:3,178700,24593,7544,4,
14:4:3,178800,24601,7548,4,
14:4:3,178900,24624,7551,4,
14:4:3,179000,24636,7554,4,
14:4:3,179100,24654,7562,4,
14:4:3,179200,24663,7566,4,
14:4:3,179300,24682,7573,4,
14:4:3,179400,24689,7578,4,
14:4:4,179500,24700,7582,4,
14:4:4,179600,24711,7583,4,
14:4:4,179700,24730,7588,4,
14:4:4,179800,24741,7593,4,
14:4:4,179900,24754,7595,4,
14:4:4,180000,24769,7597,4,
14:4:4,180100,24788,7604,4,
14:4:4,180200,24798,7608,4,
14:4:4,180300,24813,7613,4,
14:4:4,180400,24828,7615,4,
14:4:4,180500,24847,7617,4,
14:4:4,180600,24862,7621,4,
14:4:4,180700,24873,7624,4,
14:4:4,180800,24887,7629,4,
14:4:4,180900,24902,7639,4,
14:4:4,181000,24911,7642,4,
14:4:4,181100,24920,7645,4,
14:4:4,181200,24935,7648,4,
14:4:4,181300,24955,7655,4,
14:4:4,181400,24964,7662,4,
14:4:5,181500,24970,7666,4,
14:4:5,181600,24984,7668,4,
14:4:5,181700,25000,7673,4,
14:4:5,181800,25011,7675,4,
14:4:5,181900,25023,7680,4,
14:4:5,182000,25036,7685,4,
14:4:5,182100,25052,7689,4,
14:4:5,182200,25065,7696,4,
14:4:5,182300,25082,7698,4,
14:4:5,182400,25096,7704,4,
14:4:5,182500,25109,7710,4,
14:4:5,182600,25123,7711,4,
14:4:5,182700,25135,7716,4,
14:4:5,182800,25145,7720,4,
14:4:5,182900,25161,7725,4,
14:4:5,183000,25173,7735,4,
14:4:5,183100,25185,7740,4,
14:4:5,183200,25193,7742,4,
14:4:5,183300,25215,7748,4,
14:4:5,183400,25230,7754,4,
14:4:5,183500,25244,7757,4,
14:4:6,183600,25258,7760,4,
14:4:6,183700,25280,7762,4,
14:4:6,183800,25293,7765,4,
14:4:6,183900,25312,7769,4,
14:4:6,184000,25322,7772,4,
14:4:6,184100,25337,7777,4,
14:4:6,184200,25348,7779,4,
14:4:6,184300,25355,7783,4,
14:4:6,184400,25365,7788,4,
14:4:6,184500,25381,7791,4,
14:4:6,184600,25402,7796,4,
14:4:6,184700,25416,7799,4,
14:4:6,184800,25420,7801,4,
14:4:6,184900,25440,7805,4,
14:4:6,185000,25455,7810,4,
14:4:6,185100,25462,7816,4,
14:4:6,185200,25474,7820,4,
14:4:6,185300,25487,7825,4,
14:4:6,185400,25500,7833,4,
14:4:6,185500,25514,7835,4,
14:4:6,185600,25519,7838,4,
14:4:7,185700,25538,7844,4,
14:4:7,185800,25558,7846,4,
14:4:7,185900,25575,7850,4,
14:4:7,186000,25589,7852,4,
14:4:7,186100,25603,7859,4,
14:4:7,186200,25618,7866,4,
14:4:7,186300,25635,7868,4,
14:4:7,186400,25645,7872,4,
14:4:7,186500,25659,7877,4,
14:4:7,186600,25667,7881,4,
14:4:7,186700,25679,7886,4,
14:4:7,186800,25693,7889,4,
14:4:7,186900,25716,7897,4,
14:4:7,187000,25735,7899,4,
14:4:7,187100,25750,7902,4,
14:4:7,187200,25757,7904,4,
14:4:7,187300,25781,7910,4,
14:4:7,187400,25793,7916,4,
14:4:7,187500,25802,7920,4,
14:4:7,187600,25810,7923,4,
14:4:8,187700,25823,7927,4,
14:4:8,187800,25849,7929,4,
14:4:8,187900,25863,7930,4,
14:4:8,188000,25877,7935,4,
14:4:8,188100,25902,7938,4,
14:4:8,188200,25911,7942,4,
14:4:8,188300,25929,7946,4,
14:4:8,188400,25937,7947,4,
14:4:8,188500,25953,7952,4,
14:4:8,188600,25967,7959,4,
14:4:8,188700,25982,7961,4,
14:4:8,188800,25994,7966,4,
14:4:8,188900,26007,7975,4,
14:4:8,189000,26021,7980,4,
14:4:8,189100,26031,7982,4,
14:4:8,189200,26045,7983,4,
14:4:8,189300,26067,7990,4,
14:4:8,189400,26077,7993,4,
14:4:8,189500,26086,7997,4,
14:4:8,189600,26102,8002,4,
14:4:9,189700,26118,8011,4,
14:4:9,189800,26131,8019,4,
14:4:9,189900,26143,8024,4,
14:4:9,190000,26155,8028,4,
14:4:9,190100,26171,8031,4,
14:4:9,190200,26184,8037,4,
14:4:9,190300,26190,8040,4,
14:4:9,190400,26200,8046,4,
14:4:9,190500,26223,8048,4,
14:4:9,190600,26231,8054,4,
14:4:9,190700,26247,8063,4,
14:4:9,190800,26260,8072,4,
14:4:9,190900,26275,8076,4,
14:4:9,191000,26290,8079,4,
14:4:9,191100,26302,8083,4,
14:4:9,191200,26308,8087,4,
14:4:9,191300,26328,8093,4,
14:4:9,191400,26339,8096,4,
14:4:9,191500,26357,8099,4,
14:4:9,191600,26369,8101,4,
14:4:9,191700,26384,8106,4,
14:4:10,191800,26401,8110,4,
14:4:10,191900,26409,8113,4,
14:4:10,192000,26416,8113,4,
14:4:10,192100,26434,8118,4,
14:4:10,192200,26447,8127,4,
14:4:10,192300,26466,8133,4,
14:4:10,192400,26476,8134,4,
14:4:10,192500,26496,8140,4,
14:4:10,192600,26511,8144,4,
14:4:10,192700,26525,8146,4,
14:4:10,192800,26542,8150,4,
14:4:10,192900,26558,8155,4,
14:4:10,193000,26569,8160,4,
14:4:10,193100,26578,8167,4,
14:4:10,193200,26590,8173,4,
14:4:10,193300,26612,8176,4,
14:4:10,193400,26622,8182,4,
14:4:10,193500,26635,8185,4,
14:4:10,193600,26644,8188,4,
14:4:10,193700,26658,8200,4,
14:4:11,193800,26671,8204,4,
14:4:11,193900,26680,8206,4,
14:4:11,194000,26689,8210,4,
14:4:11,194100,26703,8216,4,
14:4:11,194200,26716,8216,4,
14:4:11,194300,26725,8224,4,
14:4:11,194400,26733,8228,4,
14:4:11,194500,26755,8233,4,
14:4:11,194600,26768,8238,4,
14:4:11,194700,26779,8247,4,
14:4:11,194800,26788,8250,4,
14:4:11,194900,26810,8254,4,
14:4:11,195000,26824,8256,4,
14:4:11,195100,26839,8260,4,
14:4:11,195200,26852,8261,4,
14:4:11,195300,26875,8270,4,
14:4:11,195400,26894,8272,4,
14:4:11,195500,26912,8275,4,
14:4:11,195600,26926,8276,4,
14:4:12,195700,26940,8279,4,
14:4:12,195800,26951,8281,4,
14:4:12,195900,26965,8283,4,
14:4:12,196000,26972,8287,4,
14:4:12,196100,26992,8295,4,
14:4:12,196200,27002,8299,4,
14:4:12,196300,27012,8301,4,
14:4:12,196400,27023,8306,4,
14:4:12,196500,27037,8310,4,
14:4:12,196600,27046,8315,4,
14:4:12,196700,27059,8319,4,
14:4:12,196800,27069,8324,4,
14:4:12,196900,27083,8328,4,
14:4:12,197000,27093,8333,4,
14:4:12,197100,27101,8337,4,
14:4:12,197200,27112,8339,4,
14:4:12,197300,27139,8344,4,
14:4:12,197400,27154,8345,4,
14:4:12,197500,27165,8348,4,
14:4:12,197600,27185,8352,4,
14:4:12,197700,27205,8357,4,
14:4:12,197800,27218,8360,4,
14:4:13,197900,27227,8362,4,
14:4:13,198000,27245,8363,4,
14:4:13,198100,27268,8371,4,
14:4:13,198200,27279,8377,4,
14:4:13,198300,27293,8383,4,
14:4:13,198400,27306,8385,4,
14:4:13,198500,27323,8395,4,
14:4:13,198600,27334,8400,4,
14:4:13,198700,27346,8404,4,
14:4:13,198800,27359,8407,4,
14:4:13,198900,27373,8413,4,
14:4:13,199000,27386,8419,4,
14:4:13,199100,27406,8422,4,
14:4:13,199200,27413,8424,4,
14:4:13,199300,27430,8429,4,
14:4:13,199400,27441,8434,4,
14:4:13,199500,27454,8439,4,
14:4:13,199600,27464,8440,4,
14:4:13,199700,27482,8444,4,
14:4:13,199800,27496,8447,4,
14:4:13,199900,27506,8453,4,
14:4:14,200000,27517,8458,4,
14:4:14,200100,27533,8463,4,
14:4:14,200200,27540,8467,4,
14:4:14,200300,27548,8471,4,
14:4:14,200400,27555,8472,4,
14:4:14,200500,27574,8478,4,
14:4:14,200600,27589,8481,4,
14:4:14,200700,27600,8484,4,
14:4:14,200800,27606,8488,4,
14:4:14,200900,27616,8489,4,
14:4:14,201000,27626,8494,4,
14:4:14,201100,27647,8496,4,
14:4:14,201200,27657,8498,4,
14:4:14,201300,27676,8501,4,
14:4:14,201400,27692,8504,4,
14:4:14,201500,27703,8508,4,
14:4:14,201600,27711,8513,4,
14:4:14,201700,27730,8517,4,
14:4:14,201800,27747,8523,4,
14:4:14,201900,27757,8526,4,
14:4:14,202000,27764,8529,4,
14:4:15,202100,27779,8532,4,
14:4:15,202200,27795,8534,4,
14:4:15,202300,27804,8537,4,
14:4:15,202400,27815,8542,4,
14:4:15,202500,27840,8549,4,
14:4:15,202600,27855,8554,4,
14:4:15,202700,27872,8561,4,
14:4:15,202800,27882,8565,4,
14:4:15,202900,27898,8577,4,
14:4:15,203000,27916,8580,4,
14:4:15,203100,27931,8582,4,
14:4:15,203200,27944,8585,4,
14:4:15,203300,27957,8587,4,
14:4:15,203400,27969,8589,4,
14:4:15,203500,27980,8592,4,
14:4:15,203600,27990,8592,4,
14:4:15,203700,28007,8597,4,
14:4:15,203800,28021,8599,4,
14:4:15,203900,28036,8602,4,
14:4:15,204000,28049,8603,4,
14:4:16,204100,28065,8609,4,
14:4:16,204200,28079,8615,4,
14:4:16,204300,28089,8621,4,
14:4:16,204400,28100,8622,4,
14:4:16,204500,28112,8623,4,
14:4:16,204600,28123,8628,4,
14:4:16,204700,28143,8632,4,
14:4:16,204800,28157,8637,4,
14:4:16,204900,28175,8641,4,
14:4:16,205000,28194,8644,4,
14:4:16,205100,28206,8647,4,
14:4:16,205200,28215,8648,4,
14:4:16,205300,28234,8653,4,
14:4:16,205400,28247,8655,4,
14:4:16,205500,28254,8657,4,
14:4:16,205600,28267,8660,4,
14:4:16,205700,28282,8663,4,
14:4:16,205800,28302,8667,4,
14:4:16,205900,28312,8668,4,
14:4:16,206000,28325,8671,4,
14:4:16,206100,28352,8680,4,
14:4:17,206200,28362,8685,4,
14:4:17,206300,28377,8692,4,
14:4:17,206400,28385,8695,4,
14:4:17,206500,28409,8708,4,
14:4:17,206600,28425,8714,4,
14:4:17,206700,28434,8716,4,
14:4:17,206800,28442,8720,4,
14:4:17,206900,28464,8726,4,
14:4:17,207000,28483,8727,4,
14:4:17,207100,28493,8732,4,
14:4:17,207200,28500,8734,4,
14:4:17,207300,28520,8739,4,
14:4:17,207400,28535,8745,4,
14:4:17,207500,28545,8750,4,
14:4:17,207600,28564,8752,4,
14:4:17,207700,28582,8759,4,
14:4:17,207800,28602,8762,4,
14:4:17,207900,28614,8766,4,
14:4:17,208000,28627,8772,4,
14:4:17,208100,28649,8774,4,
14:4:18,208200,28667,8779,4,
14:4:18,208300,28683,8784,4,
14:4:18,208400,28690,8785,4,
14:4:18,208500,28702,8790,4,
14:4:18,208600,28722,8796,4,
14:4:18,208700,28739,8798,4,
14:4:18,208800,28755,8802,4,
14:4:18,208900,28774,8810,4,
14:4:18,209000,28787,8815,4,
14:4:18,209100,28804,8819,4,
14:4:18,209200,28816,8821,4,
14:4:18,209300,28837,8826,4,
14:4:18,209400,28847,8828,4,
14:4:18,209500,28859,8833,4,
14:4:18,209600,28867,8837,4,
14:4:18,209700,28888,8844,4,
14:4:18,209800,28908,8850,4,
14:4:18,209900,28927,8860,4,
14:4:18,210000,28939,8863,4,
14:4:18,210100,28958,8873,4,
14:4:19,210200,28976,8876,4,
14:4:19,210300,28989,8880,4,
14:4:19,210400,28997,8887,4,
14:4:19,210500,29016,8893,4,
14:4:19,210600,29023,8896,4,
14:4:19,210700,29033,8898,4,
14:4:19,210800,29047,8903,4,
14:4:19,210900,29065,8909,4,
14:4:19,211000,29081,8912,4,
14:4:19,211100,29095,8916,4,
14:4:19,211200,29104,8917,4,
14:4:19,211300,29122,8924,4,
14:4:19,211400,29136,8929,4,
14:4:19,211500,29148,8932,4,
14:4:19,211600,29155,8934,4,
14:4:19,211700,29174,8939,4,
14:4:19,211800,29185,8943,4,
14:4:19,211900,29197,8947,4,
14:4:19,212000,29209,8949,4,
14:4:19,212100,29221,8954,4,
14:4:19,212200,29237,8957,4,
14:4:20,212300,29250,8959,4,
14:4:20,212400,29258,8965,4,
14:4:20,212500,29277,8971,4,
14:4:20,212600,29287,8976,4,
14:4:20,212700,29302,8977,4,
14:4:20,212800,29311,8979,4,
14:4:20,212900,29326,8983,4,
14:4:20,213000,29337,8987,4,
14:4:20,213100,29350,8989,4,
14:4:20,213200,29359,8993,4,
14:4:20,213300,29375,8997,4,
14:4:20,213400,29389,9004,4,
14:4:20,213500,29404,9006,4,
14:4:20,213600,29414,9009,4,
14:4:20,213700,29429,9012,4,
14:4:20,213800,29438,9018,4,
14:4:20,213900,29458,9019,4,
14:4:20,214000,29469,9021,4,
14:4:20,214100,29488,9032,4,
14:4:20,214200,29508,9036,4,
14:4:20,214300,29523,9039,4,
14:4:21,214400,29531,9040,4,
14:4:21,214500,29551,9044,4,
14:4:21,214600,29561,9048,4,
14:4:21,214700,29573,9055,4,
14:4:21,214800,29583,9060,4,
14:4:21,214900,29595,9064,4,
14:4:21,215000,29598,9068,4,
14:4:21,215100,29612,9071,4,
14:4:21,215200,29628,9072,4,
14:4:21,215300,29651,9079,4,
14:4:21,215400,29673,9083,4,
14:4:21,215500,29689,9088,4,
14:4:21,215600,29702,9090,4,
14:4:21,215700,29719,9097,4,
14:4:21,215800,29732,9101,4,
14:4:21,215900,29742,9104,4,
14:4:21,216000,29752,9112,4,
14:4:21,216100,29772,9121,4,
14:4:21,216200,29787,9125,4,
14:4:22,216300,29796,9130,4,
14:4:22,216400,29802,9132,4,
14:4:22,216500,29818,9138,4,
14:4:22,216600,29826,9141,4,
14:4:22,216700,29837,9146,4,
14:4:22,216800,29850,9149,4,
14:4:22,216900,29872,9152,4,
14:4:22,217000,29888,9157,4,
14:4:22,217100,29898,9158,4,
14:4:22,217200,29911,9160,4,
14:4:22,217300,29935,9167,4,
14:4:22,217400,29952,9170,4,
14:4:22,217500,29965,9174,4,
14:4:22,217600,29975,9181,4,
14:4:22,217700,29995,9188,4,
14:4:22,217800,30010,9194,4,
14:4:22,217900,30029,9200,4,
14:4:22,218000,30042,9201,4,
14:4:22,218100,30056,9207,4,
14:4:22,218200,30065,9209,4,
14:4:23,218300,30078,9215,4,
14:4:23,218400,30087,9218,4,
14:4:23,218500,30104,9227,4,
14:4:23,218600,30119,9229,4,
14:4:23,218700,30128,9234,4,
14:4:23,218800,30134,9236,4,
14:4:23,218900,30152,9240,4,
14:4:23,219000,30166,9245,4,
14:4:23,219100,30177,9253,4,
14:4:23,219200,30183,9256,4,
14:4:23,219300,30203,9260,4,
14:4:23,219400,30224,9264,4,
14:4:23,219500,30234,9267,4,
14:4:23,219600,30242,9268,4,
14:4:23,219700,30261,9274,4,
14:4:23,219800,30275,9278,4,
14:4:23,219900,30290,9283,4,
14:4:23,220000,30297,9288,4,
14:4:23,220100,30314,9292,4,
14:4:23,220200,30322,9294,4,
14:4:23,220300,30332,9297,4,
14:4:24,220400,30348,9305,4,
14:4:24,220500,30362,9308,4,
14:4:24,220600,30376,9312,4,
14:4:24,220700,30394,9312,4,
14:4:24,220800,30398,9315,4,
14:4:24,220900,30424,9317,4,
14:4:24,221000,30433,9320,4,
14:4:24,221100,30448,9324,4,
14:4:24,221200,30462,9327,4,
14:4:24,221300,30480,9333,4,
14:4:24,221400,30492,9335,4,
14:4:24,221500,30504,9338,4,
14:4:24,221600,30516,9340,4,
14:4:24,221700,30536,9344,4,
14:4:24,221800,30547,9348,4,
14:4:24,221900,30556,9351,4,
14:4:24,222000,30563,9354,4,
14:4:24,222100,30583,9362,4,
14:4:24,222200,30597,9371,4,
14:4:24,222300,30608,9376,4,
14:4:24,222400,30617,9381,4,
14:4:25,222500,30635,9390,4,
14:4:25,222600,30648,9393,4,
14:4:25,222700,30659,9396,4,
14:4:25,222800,30669,9400,4,
14:4:25,222900,30681,9403,4,
14:4:25,223000,30691,9405,4,
14:4:25,223100,30704,9408,4,
14:4:25,223200,30709,9410,4,
14:4:25,223300,30725,9415,4,
14:4:25,223400,30739,9420,4,
14:4:25,223500,30752,9424,4,
14:4:25,223600,30762,9426,4,
14:4:25,223700,30785,9432,4,
14:4:25,223800,30800,9437,4,
14:4:25,223900,30812,9438,4,
14:4:25,224000,30818,9441,4,
14:4:25,224100,30837,9444,4,
14:4:25,224200,30850,9450,4,
14:4:25,224300,30866,9453,4,
14:4:25,224400,30880,9457,4,
14:4:25,224500,30895,9461,4,
14:4:26,224600,30913,9467,4,
14:4:26,224700,30928,9469,4,
14:4:26,224800,30936,9475,4,
14:4:26,224900,30967,9480,4,
14:4:26,225000,30983,9485,4,
14:4:26,225100,30992,9487,4,
14:4:26,225200,30999,9497,4,
14:4:26,225300,31021,9504,4,
14:4:26,225400,31037,9509,4,
14:4:26,225500,31048,9510,4,
14:4:26,225600,31062,9516,4,
14:4:26,225700,31077,9523,4,
14:4:26,225800,31090,9524,4,
14:4:26,225900,31099,9526,4,
14:4:26,226000,31106,9532,4,
14:4:26,226100,31125,9537,4,
14:4:26,226200,31137,9541,4,
14:4:26,226300,31147,9545,4,
14:4:26,226400,31154,9553,4,
14:4:26,226500,31169,9560,4,
14:4:26,226600,31187,9562,4,
14:4:27,226700,31201,9562,4,
14:4:27,226800,31207,9567,4,
14:4:27,226900,31220,9575,4,
14:4:27,227000,31235,9584,4,
14:4:27,227100,31247,9587,4,
14:4:27,227200,31261,9588,4,
14:4:27,227300,31284,9600,4,
14:4:27,227400,31297,9606,4,
14:4:27,227500,31305,9611,4,
14:4:27,227600,31319,9613,4,
14:4:27,227700,31333,9618,4,
14:4:27,227800,31347,9619,4,
14:4:27,227900,31362,9621,4,
14:4:27,228000,31373,9624,4,
14:4:27,228100,31392,9627,4,
14:4:27,228200,31407,9633,4,
14:4:27,228300,31418,9633,4,
14:4:27,228400,31424,9637,4,
14:4:27,228500,31442,9642,4,
14:4:27,228600,31458,9644,4,
14:4:27,228700,31468,9645,4,
14:4:28,228800,31472,9648,4,
14:4:28,228900,31487,9651,4,
14:4:28,229000,31506,9654,4,
14:4:28,229100,31517,9662,4,
14:4:28,229200,31527,9664,4,
14:4:28,229300,31545,9668,4,
14:4:28,229400,31553,9669,4,
14:4:28,229500,31567,9674,4,
14:4:28,229600,31577,9680,4,
14:4:28,229700,31598,9685,4,
14:4:28,229800,31611,9688,4,
14:4:28,229900,31622,9690,4,
14:4:28,230000,31631,9692,4,
14:4:28,230100,31646,9698,4,
14:4:28,230200,31660,9701,4,
14:4:28,230300,31670,9707,4,
14:4:28,230400,31679,9711,4,
14:4:28,230500,31690,9717,4,
14:4:28,230600,31702,9724,4,
14:4:28,230700,31714,9727,4,
14:4:28,230800,31718,9732,4,
14:4:28,230900,31730,9737,4,
14:4:29,231000,31747,9740,4,
14:4:29,231100,31763,9747,4,
14:4:29,231200,31771,9750,4,
14:4:29,231300,31786,9755,4,
14:4:29,231400,31801,9760,4,
14:4:29,231500,31817,9763,4,
14:4:29,231600,31830,9763,4,
14:4:29,231700,31847,9772,4,
14:4:29,231800,31860,9772,4,
14:4:29,231900,31867,9774,4,
14:4:29,232000,31873,9778,4,
14:4:29,232100,31885,9785,4,
14:4:29,232200,31903,9789,4,
14:4:29,232300,31918,9795,4,
14:4:29,232400,31928,9797,4,
14:4:29,232500,31947,9802,4,
14:4:29,232600,31959,9805,4,
14:4:29,232700,31973,9810,4,
14:4:29,232800,31986,9817,4,
14:4:29,232900,32006,9820,4,
14:4:29,233000,32015,9821,4,
14:4:30,233100,32023,9826,4,
14:4:30,233200,32032,9829,4,
14:4:30,233300,32045,9835,4,
14:4:30,233400,32060,9842,4,
14:4:30,233500,32074,9844,4,
14:4:30,233600,32082,9846,4,
14:4:30,233700,32099,9854,4,
14:4:30,233800,32114,9861,4,
14:4:30,233900,32121,9867,4,
14:4:30,234000,32134,9873,4,
14:4:30,234100,32153,9877,4,
14:4:30,234200,32170,9880,4,
14:4:30,234300,32187,9884,4,
14:4:30,234400,32196,9885,4,
14:4:30,234500,32213,9892,4,
14:4:30,234600,32228,9898,4,
14:4:30,234700,32244,9903,4,
14:4:30,234800,32256,9913,4,
14:4:30,234900,32279,9917,4,
14:4:31,235000,32295,9922,4,
14:4:31,235100,32305,9926,4,
14:4:31,235200,32318,9931,4,
14:4:31,235300,32338,9939,4,
14:4:31,235400,32355,9946,4,
14:4:31,235500,32372,9948,4,
14:4:31,235600,32382,9952,4,
14:4:31,235700,32400,9956,4,
14:4:31,235800,32414,9959,4,
14:4:31,235900,32428,9961,4,
14:4:31,236000,32442,9965,4,
14:4:31,236100,32463,9973,4,
14:4:31,236200,32473,9977,4,
14:4:31,236300,32484,9982,4,
14:4:31,236400,32489,9983,4,
14:4:31,236500,32504,9988,4,
14:4:31,236600,32512,9993,4,
14:4:31,236700,32538,9995,4,
14:4:31,236800,32546,9997,4,
14:4:31,236900,32561,10002,4,
14:4:32,237000,32571,10008,4,
14:4:32,237100,32584,10014,4,
14:4:32,237200,32592,10020,4,
14:4:32,237300,32610,10026,4,
14:4:32,237400,32623,10031,4,
14:4:32,237500,32636,10033,4,
14:4:32,237600,32645,10039,4,
14:4:32,237700,32666,10042,4,
14:4:32,237800,32674,10048,4,
14:4:32,237900,32684,10053,4,
14:4:32,238000,32689,10055,4,
14:4:32,238100,32716,10062,4,
14:4:32,238200,32737,10064,4,
14:4:32,238300,32747,10072,4,
14:4:32,238400,32755,10074,4,
14:4:32,238500,32768,10081,4,
14:4:32,238600,32778,10084,4,
14:4:32,238700,32788,10090,4,
14:4:32,238800,32799,10098,4,
14:4:32,238900,32814,10102,4,
14:4:32,239000,32825,10105,4,
14:4:33,239100,32840,10109,4,
14:4:33,239200,32849,10116,4,
14:4:33,239300,32864,10120,4,
14:4:33,239400,32878,10125,4,
14:4:33,239500,32886,10128,4,
14:4:33,239600,32903,10131,4,
14:4:33,239700,32923,10135,4,
14:4:33,239800,32940,10137,4,
14:4:33,239900,32954,10142,4,
14:4:33,240000,32964,10144,4,
14:4:33,240100,32988,10148,4,
14:4:33,240200,32999,10155,4,
14:4:33,240300,33015,10158,4,
14:4:33,240400,33020,10164,4,
14:4:33,240500,33043,10168,4,
14:4:33,240600,33058,10174,4,
14:4:33,240700,33074,10176,4,
14:4:33,240800,33081,10180,4,
14:4:33,240900,33102,10187,4,
14:4:33,241000,33118,10189,4,
14:4:33,241100,33129,10196,4,
14:4:34,241200,33141,10200,4,
14:4:34,241300,33156,10205,4,
14:4:34,241400,33167,10209,4,
14:4:34,241500,33178,10214,4,
14:4:34,241600,33193,10217,4,
14:4:34,241700,33216,10225,4,
14:4:34,241800,33223,10233,4,
14:4:34,241900,33235,10236,4,
14:4:34,242000,33247,10238,4,
14:4:34,242100,33257,10243,4,
14:4:34,242200,33275,10248,4,
14:4:34,242300,33287,10249,4,
14:4:34,242400,33299,10253,4,
14:4:34,242500,33312,10259,4,
14:4:34,242600,33325,10263,4,
14:4:34,242700,33336,10266,4,
14:4:34,242800,33345,10269,4,
14:4:34,242900,33358,10275,4,
14:4:34,243000,33371,10277,4,
14:4:34,243100,33383,10281,4,
14:4:35,243200,33401,10285,4,
14:4:35,243300,33417,10291,4,
14:4:35,243400,33429,10294,4,
14:4:35,243500,33433,10298,4,
14:4:35,243600,33442,10301,4,
14:4:35,243700,33460,10304,4,
14:4:35,243800,33473,10308,4,
14:4:35,243900,33484,10313,4,
14:4:35,244000,33495,10322,4,
14:4:35,244100,33510,10326,4,
14:4:35,244200,33524,10333,4,
14:4:35,244300,33530,10336,4,
14:4:35,244400,33538,10339,4,
14:4:35,244500,33558,10346,4,
14:4:35,244600,33568,10348,4,
14:4:35,244700,33583,10352,4,
14:4:35,244800,33591,10354,4,
14:4:35,244900,33606,10357,4,
14:4:35,245000,33622,10362,4,
14:4:35,245100,33632,10366,4,
14:4:35,245200,33641,10373,4,
14:4:35,245300,33658,10377,4,
14:4:36,245400,33674,10381,4,
14:4:36,245500,33680,10383,4,
14:4:36,245600,33689,10392,4,
14:4:36,245700,33705,10397,4,
14:4:36,245800,33714,10403,4,
14:4:36,245900,33726,10404,4,
14:4:36,246000,33734,10408,4,
14:4:36,246100,33747,10411,4,
14:4:36,246200,33758,10414,4,
14:4:36,246300,33768,10416,4,
14:4:36,246400,33784,10420,4,
14:4:36,246500,33805,10428,4,
14:4:36,246600,33818,10428,4,
14:4:36,246700,33829,10431,4,
14:4:36,246800,33834,10439,4,
14:4:36,246900,33861,10445,4,
14:4:36,247000,33876,10451,4,
14:4:36,247100,33887,10457,4,
14:4:36,247200,33902,10460,4,
14:4:36,247300,33920,10463,4,
14:4:37,247400,33942,10467,4,
14:4:37,247500,33948,10471,4,
14:4:37,247600,33958,10477,4,
14:4:37,247700,33976,10483,4,
14:4:37,247800,33984,10488,4,
14:4:37,247900,33994,10493,4,
14:4:37,248000,34007,10497,4,
14:4:37,248100,34024,10501,4,
14:4:37,248200,34033,10506,4,
14:4:37,248300,34048,10509,4,
14:4:37,248400,34060,10511,4,
14:4:37,248500,34082,10514,4,
14:4:37,248600,34090,10517,4,
14:4:37,248700,34103,10518,4,
14:4:37,248800,34116,10526,4,
14:4:37,248900,34128,10528,4,
14:4:37,249000,34146,10532,4,
14:4:37,249100,34164,10536,4,
14:4:37,249200,34169,10538,4,
14:4:37,249300,34192,10545,4,
14:4:37,249400,34208,10548,4,
14:4:38,249500,34219,10548,4,
14:4:38,249600,34227,10553,4,
14:4:38,249700,34246,10557,4,
14:4:38,249800,34257,10563,4,
14:4:38,249900,34268,10567,4,
14:4:38,250000,34278,10571,4,
14:4:38,250100,34295,10578,4,
14:4:38,250200,34308,10584,4,
14:4:38,250300,34325,10590,4,
14:4:38,250400,34337,10592,4,
14:4:38,250500,34353,10593,4,
14:4:38,250600,34369,10596,4,
14:4:38,250700,34377,10600,4,
14:4:38,250800,34392,10603,4,
14:4:38,250900,34419,10608,4,
14:4:38,251000,34428,10614,4,
14:4:38,251100,34447,10618,4,
14:4:38,251200,34460,10624,4,
14:4:38,251300,34479,10627,4,
14:4:38,251400,34494,10632,4,
14:4:39,251500,34509,10639,4,
14:4:39,251600,34519,10642,4,
14:4:39,251700,34540,10645,4,
14:4:39,251800,34554,10649,4,
14:4:39,251900,34564,10651,4,
14:4:39,252000,34572,10656,4,
14:4:39,252100,34588,10661,4,
14:4:39,252200,34595,10665,4,
14:4:39,252300,34603,10671,4,
14:4:39,252400,34612,10676,4,
14:4:39,252500,34630,10683,4,
14:4:39,252600,34641,10687,4,
14:4:39,252700,34651,10691,4,
14:4:39,252800,34668,10696,4,
14:4:39,252900,34685,10701,4,
