14:8:18,100,8,6,0,
14:8:18,200,16,10,0,
14:8:18,300,29,13,0,
14:8:18,400,37,18,0,
14:8:18,500,59,26,0,
14:8:18,600,72,28,0,
14:8:18,700,81,33,0,
14:8:18,800,93,37,0,
14:8:18,900,115,39,0,
14:8:18,1000,127,44,0,
14:8:18,1100,143,47,0,
14:8:18,1200,154,53,0,
14:8:18,1300,168,58,0,
14:8:19,1400,181,64,0,
14:8:19,1500,195,68,0,
14:8:19,1600,207,73,0,
14:8:19,1700,227,79,0,
14:8:19,1800,239,86,0,
14:8:19,1900,247,91,0,
14:8:19,2000,257,94,0,
14:8:19,2100,272,97,0,
14:8:19,2200,287,102,0,
14:8:19,2300,302,107,0,
14:8:19,2400,313,112,2,
14:8:19,2500,330,115,2,
14:8:19,2600,358,118,2,
14:8:19,2700,372,125,2,
14:8:19,2800,384,129,2,
14:8:19,2900,400,130,2,
14:8:19,3000,417,135,2,
14:8:19,3100,433,140,2,
14:8:19,3200,452,141,2,
14:8:19,3300,472,146,2,
14:8:20,3400,483,149,2,
14:8:20,3500,492,154,2,
14:8:20,3600,499,157,2,
14:8:20,3700,518,162,2,
14:8:20,3800,530,163,2,
14:8:20,3900,541,164,2,
14:8:20,4000,549,170,2,
14:8:20,4100,559,173,2,
14:8:20,4200,575,178,2,
14:8:20,4300,584,178,2,
14:8:20,4400,593,187,2,
14:8:20,4500,609,192,2,
14:8:20,4600,617,200,2,
14:8:20,4700,630,200,2,
14:8:20,4800,637,203,2,
14:8:20,4900,650,207,2,
14:8:20,5000,663,212,2,
14:8:20,5100,669,212,2,
14:8:20,5200,683,215,2,
14:8:20,5300,700,222,2,
14:8:20,5400,718,225,2,
14:8:20,5500,729,230,2,
14:8:21,5600,741,234,2,
14:8:21,5700,754,239,2,
14:8:21,5800,773,239,2,
14:8:21,5900,783,240,2,
14:8:21,6000,793,242,2,
14:8:21,6100,808,247,2,
14:8:21,6200,820,250,2,
14:8:21,6300,839,252,2,
14:8:21,6400,848,257,2,
14:8:21,6500,866,260,2,
14:8:21,6600,883,267,2,
14:8:21,6700,895,272,2,
14:8:21,6800,910,274,2,
14:8:21,6900,926,279,2,
14:8:21,7000,942,283,2,
14:8:21,7100,954,284,2,
14:8:21,7200,964,286,2,
14:8:21,7300,982,290,2,
14:8:21,7400,1001,291,2,
14:8:21,7500,1013,298,2,
14:8:22,7600,1026,300,2,
14:8:22,7700,1049,307,2,
14:8:22,7800,1066,315,2,
14:8:22,7900,1075,318,2,
14:8:22,8000,1086,324,2,
14:8:22,8100,1099,328,2,
14:8:22,8200,1117,328,2,
14:8:22,8300,1132,331,2,
14:8:22,8400,1148,337,4,
14:8:22,8500,1172,343,4,
14:8:22,8600,1190,349,4,
14:8:22,8700,1207,353,4,
14:8:22,8800,1218,356,4,
14:8:22,8900,1228,359,4,
14:8:22,9000,1237,362,4,
14:8:22,9100,1246,368,4,
14:8:22,9200,1255,372,4,
14:8:22,9300,1270,377,4,
14:8:22,9400,1284,382,4,
14:8:22,9500,1290,384,4,
14:8:22,9600,1301,388,4,
14:8:23,9700,1312,394,4,
14:8:23,9800,1327,400,4,
14:8:23,9900,1333,404,4,
14:8:23,10000,1345,407,6,
14:8:23,10100,1365,410,6,
14:8:23,10200,1381,416,6,
14:8:23,10300,1397,419,6,
14:8:23,10400,1409,423,6,
14:8:23,10500,1422,429,6,
14:8:23,10600,1440,430,6,
14:8:23,10700,1461,436,6,
14:8:23,10800,1468,442,6,
14:8:23,10900,1490,445,6,
14:8:23,11000,1503,451,6,
14:8:23,11100,1515,456,6,
14:8:23,11200,1522,462,6,
14:8:23,11300,1544,467,6,
14:8:23,11400,1561,473,6,
14:8:23,11500,1573,479,6,
14:8:23,11600,1587,480,6,
14:8:24,11700,1599,488,6,
14:8:24,11800,1613,493,6,
14:8:24,11900,1631,499,6,
14:8:24,12000,1641,502,6,
14:8:24,12100,1656,507,6,
14:8:24,12200,1668,511,6,
14:8:24,12300,1683,513,6,
14:8:24,12400,1692,514,6,
14:8:24,12500,1707,518,8,
14:8:24,12600,1717,522,8,
14:8:24,12700,1732,527,8,
14:8:24,12800,1742,529,8,
14:8:24,12900,1760,533,8,
14:8:24,13000,1771,538,8,
14:8:24,13100,1783,541,8,
14:8:24,13200,1792,546,8,
14:8:24,13300,1810,550,8,
14:8:24,13400,1826,551,8,
14:8:24,13500,1834,559,8,
14:8:24,13600,1842,561,8,
14:8:24,13700,1858,564,8,
14:8:24,13800,1875,567,8,
14:8:25,13900,1885,570,8,
14:8:25,14000,1901,570,8,
14:8:25,14100,1923,577,8,
14:8:25,14200,1933,582,8,
14:8:25,14300,1942,585,8,
14:8:25,14400,1957,586,8,
14:8:25,14500,1975,593,8,
14:8:25,14600,1990,596,8,
14:8:25,14700,2006,599,8,
14:8:25,14800,2023,604,8,
14:8:25,14900,2036,610,8,
14:8:25,15000,2057,617,8,
14:8:25,15100,2065,620,8,
14:8:25,15200,2074,623,8,
14:8:25,15300,2087,629,8,
14:8:25,15400,2106,631,8,
14:8:25,15500,2115,637,8,
14:8:25,15600,2123,641,8,
14:8:25,15700,2136,650,8,
14:8:25,15800,2150,654,8,
14:8:26,15900,2159,658,8,
14:8:26,16000,2174,661,8,
14:8:26,16100,2193,666,8,
14:8:26,16200,2204,668,8,
14:8:26,16300,2217,672,8,
14:8:26,16400,2229,675,8,
14:8:26,16500,2245,678,8,
14:8:26,16600,2255,684,8,
14:8:26,16700,2268,689,8,
14:8:26,16800,2280,693,8,
14:8:26,16900,2292,697,8,
14:8:26,17000,2307,698,8,
14:8:26,17100,2324,702,8,
14:8:26,17200,2328,705,10,
14:8:26,17300,2346,710,10,
14:8:26,17400,2359,711,10,
14:8:26,17500,2375,711,10,
14:8:26,17600,2386,711,10,
14:8:26,17700,2408,718,10,
14:8:26,17800,2422,720,10,
14:8:26,17900,2441,721,10,
14:8:26,18000,2454,723,10,
14:8:27,18100,2470,731,10,
14:8:27,18200,2485,732,10,
14:8:27,18300,2499,736,10,
14:8:27,18400,2508,738,10,
14:8:27,18500,2522,741,10,
14:8:27,18600,2538,745,10,
14:8:27,18700,2546,751,10,
14:8:27,18800,2557,752,10,
14:8:27,18900,2575,758,10,
14:8:27,19000,2591,764,10,
14:8:27,19100,2609,766,10,
14:8:27,19200,2614,771,10,
14:8:27,19300,2630,774,10,
14:8:27,19400,2644,775,10,
14:8:27,19500,2652,778,10,
14:8:27,19600,2665,785,10,
14:8:27,19700,2683,789,10,
14:8:27,19800,2698,791,10,
14:8:27,19900,2712,796,10,
14:8:27,20000,2726,803,10,
14:8:27,20100,2740,809,10,
14:8:28,20200,2760,816,10,
14:8:28,20300,2777,819,10,
14:8:28,20400,2790,824,10,
14:8:28,20500,2814,829,10,
14:8:28,20600,2832,838,10,
14:8:28,20700,2842,841,10,
14:8:28,20800,2857,848,10,
14:8:28,20900,2873,852,10,
14:8:28,21000,2884,854,10,
14:8:28,21100,2896,856,10,
14:8:28,21200,2906,857,10,
14:8:28,21300,2925,864,10,
14:8:28,21400,2938,869,12,
14:8:28,21500,2946,872,12,
14:8:28,21600,2956,880,12,
14:8:28,21700,2980,895,12,
14:8:28,21800,2994,902,12,
14:8:28,21900,3002,905,12,
14:8:28,22000,3017,908,12,
14:8:29,22100,3035,915,12,
14:8:29,22200,3054,917,12,
14:8:29,22300,3069,919,12,
14:8:29,22400,3081,924,12,
14:8:29,22500,3101,926,12,
14:8:29,22600,3112,930,12,
14:8:29,22700,3123,934,12,
14:8:29,22800,3138,939,12,
14:8:29,22900,3154,942,12,
14:8:29,23000,3163,952,12,
14:8:29,23100,3174,958,12,
14:8:29,23200,3183,962,12,
14:8:29,23300,3200,967,12,
14:8:29,23400,3221,973,12,
14:8:29,23500,3242,975,12,
14:8:29,23600,3249,979,12,
14:8:29,23700,3267,982,12,
14:8:29,23800,3280,987,12,
14:8:29,23900,3299,992,12,
14:8:29,24000,3317,994,12,
14:8:29,24100,3336,1000,12,
14:8:30,24200,3347,1002,12,
14:8:30,24300,3357,1005,14,
14:8:30,24400,3369,1011,14,
14:8:30,24500,3388,1016,14,
14:8:30,24600,3405,1019,16,
14:8:30,24700,3419,1020,16,
14:8:30,24800,3433,1027,16,
14:8:30,24900,3449,1037,16,
14:8:30,25000,3462,1037,16,
14:8:30,25100,3472,1038,16,
14:8:30,25200,3485,1041,16,
14:8:30,25300,3496,1046,16,
14:8:30,25400,3509,1054,16,
14:8:30,25500,3520,1059,16,
14:8:30,25600,3526,1061,16,
14:8:30,25700,3542,1066,18,
14:8:30,25800,3550,1068,18,
14:8:30,25900,3569,1073,18,
14:8:30,26000,3578,1078,18,
14:8:30,26100,3588,1080,18,
14:8:30,26200,3595,1083,18,
14:8:31,26300,3615,1091,18,
14:8:31,26400,3631,1096,18,
14:8:31,26500,3646,1096,18,
14:8:31,26600,3658,1097,18,
14:8:31,26700,3673,1099,18,
14:8:31,26800,3689,1103,18,
14:8:31,26900,3712,1109,18,
14:8:31,27000,3726,1110,18,
14:8:31,27100,3735,1113,18,
14:8:31,27200,3746,1116,18,
14:8:31,27300,3766,1120,18,
14:8:31,27400,3776,1123,18,
14:8:31,27500,3789,1124,18,
14:8:31,27600,3796,1127,18,
14:8:31,27700,3822,1132,18,
14:8:31,27800,3836,1135,18,
14:8:31,27900,3849,1137,18,
14:8:31,28000,3863,1142,18,
14:8:31,28100,3878,1151,18,
14:8:31,28200,3891,1154,18,
14:8:31,28300,3900,1155,18,
14:8:32,28400,3910,1159,18,
14:8:32,28500,3922,1162,18,
14:8:32,28600,3938,1167,18,
14:8:32,28700,3948,1170,18,
14:8:32,28800,3954,1172,18,
14:8:32,28900,3975,1177,18,
14:8:32,29000,3983,1183,18,
14:8:32,29100,3991,1188,18,
14:8:32,29200,4005,1191,18,
14:8:32,29300,4025,1203,18,
14:8:32,29400,4045,1207,18,
14:8:32,29500,4066,1211,18,
14:8:32,29600,4079,1214,18,
14:8:32,29700,4095,1217,18,
14:8:32,29800,4108,1220,18,
14:8:32,29900,4123,1221,18,
14:8:32,30000,4134,1223,18,
14:8:32,30100,4152,1227,18,
14:8:32,30200,4169,1234,18,
14:8:32,30300,4178,1236,18,
14:8:32,30400,4194,1237,18,
14:8:33,30500,4212,1250,18,
14:8:33,30600,4226,1254,18,
14:8:33,30700,4247,1254,18,
14:8:33,30800,4259,1256,18,
14:8:33,30900,4281,1259,18,
14:8:33,31000,4296,1264,18,
14:8:33,31100,4303,1270,18,
14:8:33,31200,4310,1271,18,
14:8:33,31300,4323,1277,18,
14:8:33,31400,4339,1278,18,
14:8:33,31500,4351,1283,18,
14:8:33,31600,4364,1288,18,
14:8:33,31700,4384,1295,20,
14:8:33,31800,4398,1298,20,
14:8:33,31900,4410,1300,20,
14:8:33,32000,4422,1304,20,
14:8:33,32100,4444,1307,20,
14:8:33,32200,4460,1313,20,
14:8:33,32300,4474,1316,22,
14:8:33,32400,4479,1319,22,
14:8:34,32500,4494,1322,22,
14:8:34,32600,4511,1325,22,
14:8:34,32700,4526,1329,22,
14:8:34,32800,4536,1334,22,
14:8:34,32900,4553,1340,22,
14:8:34,33000,4572,1343,22,
14:8:34,33100,4588,1352,22,
14:8:34,33200,4603,1356,22,
14:8:34,33300,4621,1364,22,
14:8:34,33400,4633,1367,22,
14:8:34,33500,4645,1369,22,
14:8:34,33600,4654,1371,22,
14:8:34,33700,4673,1377,22,
14:8:34,33800,4685,1380,22,
14:8:34,33900,4694,1387,22,
14:8:34,34000,4706,1390,22,
14:8:34,34100,4727,1390,22,
14:8:34,34200,4740,1395,22,
14:8:34,34300,4749,1397,22,
14:8:34,34400,4765,1398,22,
14:8:34,34500,4782,1404,22,
14:8:35,34600,4793,1411,22,
14:8:35,34700,4805,1416,22,
14:8:35,34800,4816,1419,22,
14:8:35,34900,4833,1421,22,
14:8:35,35000,4849,1423,22,
14:8:35,35100,4862,1428,22,
14:8:35,35200,4874,1430,22,
14:8:35,35300,4894,1434,22,
14:8:35,35400,4917,1437,22,
14:8:35,35500,4930,1441,22,
14:8:35,35600,4937,1443,22,
14:8:35,35700,4953,1450,22,
14:8:35,35800,4966,1458,22,
14:8:35,35900,4985,1460,22,
14:8:35,36000,4995,1462,22,
14:8:35,36100,5014,1467,22,
14:8:35,36200,5028,1473,22,
14:8:35,36300,5036,1479,22,
14:8:35,36400,5042,1483,22,
14:8:35,36500,5061,1485,22,
14:8:35,36600,5073,1487,22,
14:8:36,36700,5092,1489,22,
14:8:36,36800,5100,1491,22,
14:8:36,36900,5120,1496,22,
14:8:36,37000,5131,1496,22,
14:8:36,37100,5143,1497,22,
14:8:36,37200,5155,1499,22,
14:8:36,37300,5169,1503,22,
14:8:36,37400,5183,1506,22,
14:8:36,37500,5199,1515,22,
14:8:36,37600,5213,1517,22,
14:8:36,37700,5232,1524,22,
14:8:36,37800,5246,1531,22,
14:8:36,37900,5257,1532,22,
14:8:36,38000,5270,1538,22,
14:8:36,38100,5290,1541,22,
14:8:36,38200,5298,1545,22,
14:8:36,38300,5311,1550,22,
14:8:36,38400,5324,1552,22,
14:8:36,38500,5342,1558,22,
14:8:37,38600,5357,1563,22,
14:8:37,38700,5371,1567,24,
14:8:37,38800,5382,1572,24,
14:8:37,38900,5393,1574,24,
14:8:37,39000,5408,1578,24,
14:8:37,39100,5421,1583,24,
14:8:37,39200,5431,1587,24,
14:8:37,39300,5444,1595,24,
14:8:37,39400,5457,1604,24,
14:8:37,39500,5468,1608,24,
14:8:37,39600,5481,1611,24,
14:8:37,39700,5504,1615,24,
14:8:37,39800,5516,1618,24,
14:8:37,39900,5530,1626,24,
14:8:37,40000,5543,1628,24,
14:8:37,40100,5562,1631,24,
14:8:37,40200,5576,1638,24,
14:8:37,40300,5588,1641,24,
14:8:37,40400,5600,1645,24,
14:8:37,40500,5623,1646,24,
14:8:37,40600,5632,1649,24,
14:8:38,40700,5642,1660,24,
14:8:38,40800,5649,1664,24,
14:8:38,40900,5667,1668,24,
14:8:38,41000,5677,1675,24,
14:8:38,41100,5686,1679,24,
14:8:38,41200,5702,1687,24,
14:8:38,41300,5720,1696,24,
14:8:38,41400,5734,1696,24,
14:8:38,41500,5754,1701,24,
14:8:38,41600,5772,1704,24,
14:8:38,41700,5791,1713,24,
14:8:38,41800,5799,1717,24,
14:8:38,41900,5810,1721,24,
14:8:38,42000,5818,1724,24,
14:8:38,42100,5840,1727,24,
14:8:38,42200,5855,1736,24,
14:8:38,42300,5870,1740,24,
14:8:38,42400,5879,1743,24,
14:8:38,42500,5888,1748,24,
14:8:38,42600,5901,1752,24,
14:8:38,42700,5919,1754,24,
14:8:39,42800,5929,1756,24,
14:8:39,42900,5955,1766,24,
14:8:39,43000,5970,1768,24,
14:8:39,43100,5983,1770,24,
14:8:39,43200,5999,1777,24,
14:8:39,43300,6018,1783,24,
14:8:39,43400,6029,1787,24,
14:8:39,43500,6040,1793,24,
14:8:39,43600,6049,1799,24,
14:8:39,43700,6069,1801,26,
14:8:39,43800,6084,1808,26,
14:8:39,43900,6102,1812,26,
14:8:39,44000,6114,1816,26,
14:8:39,44100,6134,1821,26,
14:8:39,44200,6147,1826,26,
14:8:39,44300,6156,1830,26,
14:8:39,44400,6167,1833,26,
14:8:39,44500,6186,1837,26,
14:8:39,44600,6196,1843,26,
14:8:39,44700,6211,1850,26,
14:8:40,44800,6222,1853,26,
14:8:40,44900,6243,1854,26,
14:8:40,45000,6261,1858,26,
14:8:40,45100,6276,1861,26,
14:8:40,45200,6295,1865,26,
14:8:40,45300,6313,1870,26,
14:8:40,45400,6323,1874,26,
14:8:40,45500,6336,1878,26,
14:8:40,45600,6346,1879,26,
14:8:40,45700,6361,1881,26,
14:8:40,45800,6371,1881,26,
14:8:40,45900,6377,1889,26,
14:8:40,46000,6386,1893,26,
14:8:40,46100,6410,1895,26,
14:8:40,46200,6420,1898,26,
14:8:40,46300,6433,1901,26,
14:8:40,46400,6441,1902,26,
14:8:40,46500,6454,1911,26,
14:8:40,46600,6463,1914,26,
14:8:40,46700,6475,1917,26,
14:8:40,46800,6483,1919,28,
14:8:41,46900,6500,1922,28,
14:8:41,47000,6513,1925,28,
14:8:41,47100,6523,1928,28,
14:8:41,47200,6532,1930,30,
14:8:41,47300,6547,1931,30,
14:8:41,47400,6554,1936,30,
14:8:41,47500,6561,1943,30,
14:8:41,47600,6575,1946,30,
14:8:41,47700,6596,1952,30,
14:8:41,47800,6610,1954,32,
14:8:41,47900,6622,1958,32,
14:8:41,48000,6633,1959,32,
14:8:41,48100,6648,1964,32,
14:8:41,48200,6658,1970,32,
14:8:41,48300,6669,1975,32,
14:8:41,48400,6677,1978,32,
14:8:41,48500,6694,1983,32,
14:8:41,48600,6702,1986,32,
14:8:41,48700,6718,1989,32,
14:8:41,48800,6727,1993,32,
14:8:41,48900,6744,1995,32,
14:8:42,49000,6762,2001,32,
14:8:42,49100,6773,2005,32,
14:8:42,49200,6787,2007,32,
14:8:42,49300,6802,2015,32,
14:8:42,49400,6811,2017,32,
14:8:42,49500,6819,2023,32,
14:8:42,49600,6830,2026,32,
14:8:42,49700,6844,2035,32,
14:8:42,49800,6856,2041,32,
14:8:42,49900,6865,2043,32,
14:8:42,50000,6875,2047,32,
14:8:42,50100,6893,2052,32,
14:8:42,50200,6906,2058,32,
14:8:42,50300,6919,2061,34,
14:8:42,50400,6933,2065,36,
14:8:42,50500,6955,2071,36,
14:8:42,50600,6976,2075,36,
14:8:42,50700,6984,2080,36,
14:8:42,50800,6997,2085,36,
14:8:42,50900,7014,2087,36,
14:8:42,51000,7024,2087,36,
14:8:43,51100,7036,2089,36,
14:8:43,51200,7050,2090,36,
14:8:43,51300,7063,2094,36,
14:8:43,51400,7084,2099,36,
14:8:43,51500,7094,2102,36,
14:8:43,51600,7101,2104,36,
14:8:43,51700,7112,2109,36,
14:8:43,51800,7125,2112,36,
14:8:43,51900,7142,2112,36,
14:8:43,52000,7152,2114,36,
14:8:43,52100,7174,2122,36,
14:8:43,52200,7188,2125,36,
14:8:43,52300,7200,2126,36,
14:8:43,52400,7211,2129,36,
14:8:43,52500,7235,2134,36,
14:8:43,52600,7252,2140,36,
14:8:43,52700,7264,2143,36,
14:8:43,52800,7271,2147,36,
14:8:43,52900,7292,2151,36,
14:8:43,53000,7301,2152,36,
14:8:43,53100,7314,2160,38,
14:8:43,53200,7325,2162,38,
14:8:44,53300,7344,2166,38,
14:8:44,53400,7350,2170,38,
14:8:44,53500,7369,2171,38,
14:8:44,53600,7379,2175,40,
14:8:44,53700,7405,2178,40,
14:8:44,53800,7422,2179,40,
14:8:44,53900,7428,2180,40,
14:8:44,54000,7437,2184,40,
14:8:44,54100,7450,2187,40,
14:8:44,54200,7462,2193,42,
14:8:44,54300,7471,2194,42,
14:8:44,54400,7480,2196,42,
14:8:44,54500,7503,2208,42,
14:8:44,54600,7517,2213,42,
14:8:44,54700,7526,2217,42,
14:8:44,54800,7539,2219,42,
14:8:44,54900,7557,2224,42,
14:8:44,55000,7569,2232,42,
14:8:44,55100,7583,2234,42,
14:8:44,55200,7599,2240,42,
14:8:45,55300,7617,2245,42,
14:8:45,55400,7628,2250,42,
14:8:45,55500,7635,2251,42,
14:8:45,55600,7646,2256,42,
14:8:45,55700,7660,2261,42,
14:8:45,55800,7679,2264,42,
14:8:45,55900,7693,2268,42,
14:8:45,56000,7703,2273,42,
14:8:45,56100,7721,2280,42,
14:8:45,56200,7732,2284,42,
14:8:45,56300,7744,2287,42,
14:8:45,56400,7751,2294,42,
14:8:45,56500,7761,2297,42,
14:8:45,56600,7770,2302,42,
14:8:45,56700,7784,2307,42,
14:8:45,56800,7790,2310,42,
14:8:45,56900,7811,2318,42,
14:8:45,57000,7826,2324,42,
14:8:45,57100,7841,2325,42,
14:8:45,57200,7850,2328,42,
14:8:45,57300,7864,2333,42,
14:8:46,57400,7877,2338,42,
14:8:46,57500,7890,2339,42,
14:8:46,57600,7896,2339,42,
14:8:46,57700,7918,2343,42,
14:8:46,57800,7931,2345,42,
14:8:46,57900,7942,2350,42,
14:8:46,58000,7951,2353,44,
14:8:46,58100,7967,2360,44,
14:8:46,58200,7981,2365,44,
14:8:46,58300,7996,2369,44,
14:8:46,58400,8005,2370,44,
14:8:46,58500,8026,2377,44,
14:8:46,58600,8039,2381,44,
14:8:46,58700,8052,2385,44,
14:8:46,58800,8061,2388,44,
14:8:46,58900,8079,2392,44,
14:8:46,59000,8092,2397,44,
14:8:46,59100,8103,2402,44,
14:8:46,59200,8112,2403,44,
14:8:46,59300,8130,2409,44,
14:8:46,59400,8140,2414,44,
14:8:47,59500,8152,2418,44,
14:8:47,59600,8159,2421,44,
14:8:47,59700,8172,2432,44,
14:8:47,59800,8181,2438,44,
14:8:47,59900,8199,2442,44,
14:8:47,60000,8210,2447,44,
14:8:47,60100,8229,2448,44,
14:8:47,60200,8247,2449,44,
14:8:47,60300,8258,2453,44,
14:8:47,60400,8271,2457,44,
14:8:47,60500,8284,2460,44,
14:8:47,60600,8299,2463,44,
14:8:47,60700,8307,2467,44,
14:8:47,60800,8320,2471,44,
14:8:47,60900,8340,2473,44,
14:8:47,61000,8356,2480,44,
14:8:47,61100,8370,2490,44,
14:8:47,61200,8378,2493,44,
14:8:47,61300,8397,2496,44,
14:8:47,61400,8412,2501,44,
14:8:47,61500,8426,2505,44,
14:8:48,61600,8440,2510,44,
14:8:48,61700,8464,2518,44,
14:8:48,61800,8485,2520,44,
14:8:48,61900,8498,2523,44,
14:8:48,62000,8504,2529,44,
14:8:48,62100,8516,2530,44,
14:8:48,62200,8533,2532,44,
14:8:48,62300,8548,2538,44,
14:8:48,62400,8563,2542,44,
14:8:48,62500,8577,2550,44,
14:8:48,62600,8592,2554,46,
14:8:48,62700,8599,2558,46,
14:8:48,62800,8606,2563,46,
14:8:48,62900,8616,2568,46,
14:8:48,63000,8630,2571,46,
14:8:48,63100,8638,2573,46,
14:8:48,63200,8649,2577,46,
14:8:48,63300,8662,2584,46,
14:8:48,63400,8674,2587,46,
14:8:48,63500,8684,2593,46,
14:8:48,63600,8692,2596,46,
14:8:49,63700,8710,2598,46,
14:8:49,63800,8718,2601,46,
14:8:49,63900,8732,2612,46,
14:8:49,64000,8746,2617,46,
14:8:49,64100,8767,2621,46,
14:8:49,64200,8780,2625,46,
14:8:49,64300,8789,2628,46,
14:8:49,64400,8802,2631,46,
14:8:49,64500,8815,2640,46,
14:8:49,64600,8831,2646,46,
14:8:49,64700,8850,2650,46,
14:8:49,64800,8861,2654,46,
14:8:49,64900,8871,2660,46,
14:8:49,65000,8883,2663,46,
14:8:49,65100,8890,2665,46,
14:8:49,65200,8899,2669,46,
14:8:49,65300,8916,2671,46,
14:8:49,65400,8932,2673,46,
14:8:49,65500,8946,2678,46,
14:8:49,65600,8955,2681,46,
14:8:49,65700,8974,2693,46,
14:8:50,65800,8992,2699,46,
14:8:50,65900,9001,2702,46,
14:8:50,66000,9010,2705,46,
14:8:50,66100,9022,2710,46,
14:8:50,66200,9030,2716,46,
14:8:50,66300,9045,2719,46,
14:8:50,66400,9054,2723,46,
14:8:50,66500,9072,2727,46,
14:8:50,66600,9092,2728,46,
14:8:50,66700,9100,2733,46,
14:8:50,66800,9109,2740,46,
14:8:50,66900,9118,2745,46,
14:8:50,67000,9133,2745,46,
14:8:50,67100,9149,2746,46,
14:8:50,67200,9161,2748,46,
14:8:50,67300,9183,2751,48,
14:8:50,67400,9203,2751,48,
14:8:50,67500,9217,2757,48,
14:8:50,67600,9234,2759,48,
14:8:50,67700,9247,2764,48,
14:8:50,67800,9260,2769,48,
14:8:51,67900,9276,2776,48,
14:8:51,68000,9287,2780,48,
14:8:51,68100,9308,2783,48,
14:8:51,68200,9322,2786,48,
14:8:51,68300,9333,2794,48,
14:8:51,68400,9346,2795,48,
14:8:51,68500,9356,2800,48,
14:8:51,68600,9370,2807,48,
14:8:51,68700,9384,2813,48,
14:8:51,68800,9398,2816,48,
14:8:51,68900,9419,2822,48,
14:8:51,69000,9433,2828,48,
14:8:51,69100,9440,2832,48,
14:8:51,69200,9447,2837,48,
14:8:51,69300,9463,2842,48,
14:8:51,69400,9477,2843,48,
14:8:51,69500,9500,2848,48,
14:8:51,69600,9513,2852,50,
14:8:51,69700,9525,2856,50,
14:8:52,69800,9539,2858,50,
14:8:52,69900,9553,2864,50,
14:8:52,70000,9559,2869,52,
14:8:52,70100,9575,2877,52,
14:8:52,70200,9596,2879,52,
14:8:52,70300,9608,2886,52,
14:8:52,70400,9614,2890,52,
14:8:52,70500,9636,2895,54,
14:8:52,70600,9656,2901,54,
14:8:52,70700,9667,2903,54,
14:8:52,70800,9679,2906,54,
14:8:52,70900,9702,2907,54,
14:8:52,71000,9721,2915,54,
14:8:52,71100,9732,2918,54,
14:8:52,71200,9745,2920,54,
14:8:52,71300,9760,2925,54,
14:8:52,71400,9773,2928,54,
14:8:52,71500,9781,2931,54,
14:8:52,71600,9793,2933,54,
14:8:52,71700,9809,2937,54,
14:8:53,71800,9825,2939,54,
14:8:53,71900,9837,2941,54,
14:8:53,72000,9844,2945,54,
14:8:53,72100,9861,2951,54,
14:8:53,72200,9879,2952,54,
14:8:53,72300,9893,2955,54,
14:8:53,72400,9907,2957,54,
14:8:53,72500,9922,2961,54,
14:8:53,72600,9938,2967,54,
14:8:53,72700,9955,2972,54,
14:8:53,72800,9971,2979,54,
14:8:53,72900,9990,2987,56,
14:8:53,73000,10005,2994,56,
14:8:53,73100,10022,3006,56,
14:8:53,73200,10035,3009,56,
14:8:53,73300,10060,3013,56,
14:8:53,73400,10073,3018,56,
14:8:53,73500,10082,3021,56,
14:8:53,73600,10091,3026,56,
14:8:53,73700,10103,3030,56,
14:8:54,73800,10116,3034,56,
14:8:54,73900,10127,3039,56,
14:8:54,74000,10136,3040,56,
14:8:54,74100,10154,3045,56,
14:8:54,74200,10168,3051,56,
14:8:54,74300,10188,3055,56,
14:8:54,74400,10199,3059,56,
14:8:54,74500,10211,3066,56,
14:8:54,74600,10221,3070,56,
14:8:54,74700,10236,3076,56,
14:8:54,74800,10251,3078,56,
14:8:54,74900,10270,3085,56,
14:8:54,75000,10289,3089,56,
14:8:54,75100,10300,3092,56,
14:8:54,75200,10314,3093,56,
14:8:54,75300,10334,3099,56,
14:8:54,75400,10351,3103,56,
14:8:54,75500,10357,3106,56,
14:8:54,75600,10367,3109,56,
14:8:54,75700,10381,3116,56,
14:8:54,75800,10399,3124,56,
14:8:55,75900,10414,3125,56,
14:8:55,76000,10424,3127,56,
14:8:55,76100,10437,3132,56,
14:8:55,76200,10448,3137,56,
14:8:55,76300,10458,3140,56,
14:8:55,76400,10469,3143,56,
14:8:55,76500,10488,3150,56,
14:8:55,76600,10497,3152,56,
14:8:55,76700,10513,3155,56,
14:8:55,76800,10521,3156,56,
14:8:55,76900,10543,3160,56,
14:8:55,77000,10564,3163,56,
14:8:55,77100,10579,3165,56,
14:8:55,77200,10591,3168,56,
14:8:55,77300,10606,3175,56,
14:8:55,77400,10618,3184,56,
14:8:55,77500,10629,3188,56,
14:8:55,77600,10641,3193,56,
14:8:55,77700,10664,3195,56,
14:8:55,77800,10678,3200,56,
14:8:55,77900,10694,3204,56,
14:8:56,78000,10702,3210,56,
14:8:56,78100,10719,3215,56,
14:8:56,78200,10732,3218,56,
14:8:56,78300,10742,3225,56,
14:8:56,78400,10748,3227,56,
14:8:56,78500,10762,3231,56,
14:8:56,78600,10775,3240,56,
14:8:56,78700,10787,3243,56,
14:8:56,78800,10798,3247,56,
14:8:56,78900,10815,3248,56,
14:8:56,79000,10825,3253,56,
14:8:56,79100,10839,3260,56,
14:8:56,79200,10847,3262,56,
14:8:56,79300,10864,3270,56,
14:8:56,79400,10873,3274,56,
14:8:56,79500,10885,3282,56,
14:8:56,79600,10896,3284,56,
14:8:56,79700,10919,3289,56,
14:8:56,79800,10939,3293,56,
14:8:56,79900,10949,3299,56,
14:8:56,80000,10960,3301,56,
14:8:57,80100,10975,3307,56,
14:8:57,80200,10985,3315,56,
14:8:57,80300,10993,3319,56,
14:8:57,80400,11004,3320,56,
14:8:57,80500,11027,3326,56,
14:8:57,80600,11041,3328,56,
14:8:57,80700,11050,3329,56,
14:8:57,80800,11064,3333,56,
14:8:57,80900,11076,3337,56,
14:8:57,81000,11094,3341,56,
14:8:57,81100,11103,3344,56,
14:8:57,81200,11115,3349,56,
14:8:57,81300,11136,3352,56,
14:8:57,81400,11146,3357,56,
14:8:57,81500,11159,3363,56,
14:8:57,81600,11168,3368,56,
14:8:57,81700,11185,3378,56,
14:8:57,81800,11199,3382,56,
14:8:57,81900,11206,3383,56,
14:8:57,82000,11217,3386,56,
14:8:57,82100,11230,3392,56,
14:8:58,82200,11254,3397,58,
14:8:58,82300,11267,3400,58,
14:8:58,82400,11276,3403,58,
14:8:58,82500,11298,3407,58,
14:8:58,82600,11310,3411,58,
14:8:58,82700,11327,3414,58,
14:8:58,82800,11333,3418,58,
14:8:58,82900,11352,3423,58,
14:8:58,83000,11361,3426,58,
14:8:58,83100,11374,3427,58,
14:8:58,83200,11388,3431,58,
14:8:58,83300,11404,3439,58,
14:8:58,83400,11420,3443,58,
14:8:58,83500,11430,3447,58,
14:8:58,83600,11441,3451,60,
14:8:58,83700,11456,3454,60,
14:8:58,83800,11470,3455,60,
14:8:58,83900,11491,3459,60,
14:8:58,84000,11502,3465,60,
14:8:58,84100,11520,3469,60,
14:8:59,84200,11529,3473,60,
14:8:59,84300,11540,3483,60,
14:8:59,84400,11553,3488,60,
14:8:59,84500,11570,3494,60,
14:8:59,84600,11584,3500,60,
14:8:59,84700,11599,3505,60,
14:8:59,84800,11604,3509,60,
14:8:59,84900,11622,3517,60,
14:8:59,85000,11638,3524,60,
14:8:59,85100,11651,3531,60,
14:8:59,85200,11655,3535,60,
14:8:59,85300,11669,3539,60,
14:8:59,85400,11679,3542,60,
14:8:59,85500,11691,3544,60,
14:8:59,85600,11702,3547,60,
14:8:59,85700,11726,3551,60,
14:8:59,85800,11746,3558,60,
14:8:59,85900,11760,3561,60,
14:8:59,86000,11772,3562,60,
14:8:59,86100,11789,3570,60,
14:9:0,86200,11802,3576,60,
14:9:0,86300,11814,3579,60,
14:9:0,86400,11822,3583,60,
14:9:0,86500,11838,3591,60,
14:9:0,86600,11847,3595,60,
14:9:0,86700,11859,3597,60,
14:9:0,86800,11869,3600,60,
14:9:0,86900,11888,3606,62,
14:9:0,87000,11899,3607,62,
14:9:0,87100,11906,3611,62,
14:9:0,87200,11917,3616,62,
14:9:0,87300,11933,3619,62,
14:9:0,87400,11949,3625,62,
14:9:0,87500,11963,3630,64,
14:9:0,87600,11971,3634,64,
14:9:0,87700,11988,3637,64,
14:9:0,87800,12005,3644,64,
14:9:0,87900,12019,3650,64,
14:9:0,88000,12030,3654,64,
14:9:0,88100,12046,3659,64,
14:9:0,88200,12064,3665,64,
14:9:0,88300,12079,3671,64,
14:9:1,88400,12089,3676,64,
14:9:1,88500,12106,3682,64,
14:9:1,88600,12116,3686,66,
14:9:1,88700,12131,3690,66,
14:9:1,88800,12145,3691,66,
14:9:1,88900,12157,3694,66,
14:9:1,89000,12173,3703,66,
14:9:1,89100,12190,3705,66,
14:9:1,89200,12205,3708,66,
14:9:1,89300,12225,3716,66,
14:9:1,89400,12238,3722,66,
14:9:1,89500,12251,3727,66,
14:9:1,89600,12263,3730,66,
14:9:1,89700,12288,3735,66,
14:9:1,89800,12301,3741,66,
14:9:1,89900,12316,3743,66,
14:9:1,90000,12325,3749,66,
14:9:1,90100,12339,3754,66,
14:9:1,90200,12352,3757,66,
14:9:1,90300,12367,3761,66,
14:9:2,90400,12377,3764,66,
14:9:2,90500,12395,3771,66,
14:9:2,90600,12412,3773,66,
14:9:2,90700,12428,3774,66,
14:9:2,90800,12438,3780,66,
14:9:2,90900,12461,3789,66,
14:9:2,91000,12476,3791,66,
14:9:2,91100,12489,3797,66,
14:9:2,91200,12501,3802,66,
14:9:2,91300,12523,3805,66,
14:9:2,91400,12540,3813,66,
14:9:2,91500,12554,3817,66,
14:9:2,91600,12565,3820,66,
14:9:2,91700,12579,3829,66,
14:9:2,91800,12595,3831,66,
14:9:2,91900,12606,3832,66,
14:9:2,92000,12618,3835,66,
14:9:2,92100,12634,3840,66,
14:9:2,92200,12646,3844,66,
14:9:2,92300,12658,3850,66,
14:9:3,92400,12671,3855,66,
14:9:3,92500,12691,3862,66,
14:9:3,92600,12708,3866,66,
14:9:3,92700,12727,3870,66,
14:9:3,92800,12741,3871,66,
14:9:3,92900,12754,3878,66,
14:9:3,93000,12771,3881,66,
14:9:3,93100,12783,3885,66,
14:9:3,93200,12795,3887,66,
14:9:3,93300,12812,3894,66,
14:9:3,93400,12824,3896,66,
14:9:3,93500,12835,3900,66,
14:9:3,93600,12844,3902,66,
14:9:3,93700,12861,3907,66,
14:9:3,93800,12875,3914,66,
14:9:3,93900,12886,3920,66,
14:9:3,94000,12895,3922,66,
14:9:3,94100,12909,3932,66,
14:9:3,94200,12926,3939,66,
14:9:3,94300,12940,3942,66,
14:9:3,94400,12947,3946,66,
14:9:4,94500,12963,3955,68,
14:9:4,94600,12971,3957,68,
14:9:4,94700,12984,3963,68,
14:9:4,94800,12995,3966,68,
14:9:4,94900,13010,3974,68,
14:9:4,95000,13026,3978,68,
14:9:4,95100,13041,3981,68,
14:9:4,95200,13051,3983,68,
14:9:4,95300,13066,3990,68,
14:9:4,95400,13081,3994,68,
14:9:4,95500,13089,3998,68,
14:9:4,95600,13096,4003,68,
14:9:4,95700,13115,4010,68,
14:9:4,95800,13133,4013,68,
14:9:4,95900,13146,4019,68,
14:9:4,96000,13163,4022,68,
14:9:4,96100,13179,4028,68,
14:9:4,96200,13193,4030,68,
14:9:4,96300,13205,4036,68,
14:9:4,96400,13219,4042,68,
14:9:4,96500,13232,4047,68,
14:9:5,96600,13243,4049,68,
14:9:5,96700,13252,4052,68,
14:9:5,96800,13262,4057,68,
14:9:5,96900,13290,4058,68,
14:9:5,97000,13303,4061,68,
14:9:5,97100,13314,4063,68,
14:9:5,97200,13328,4065,68,
14:9:5,97300,13351,4071,68,
14:9:5,97400,13362,4078,68,
14:9:5,97500,13374,4081,68,
14:9:5,97600,13382,4085,68,
14:9:5,97700,13398,4090,68,
14:9:5,97800,13409,4092,68,
14:9:5,97900,13423,4095,68,
14:9:5,98000,13437,4100,68,
14:9:5,98100,13459,4106,68,
14:9:5,98200,13471,4114,68,
14:9:5,98300,13482,4123,68,
14:9:5,98400,13492,4128,68,
14:9:5,98500,13512,4133,68,
14:9:6,98600,13530,4137,68,
14:9:6,98700,13539,4141,68,
14:9:6,98800,13551,4143,68,
14:9:6,98900,13564,4146,68,
14:9:6,99000,13572,4149,68,
14:9:6,99100,13584,4152,68,
14:9:6,99200,13597,4156,68,
14:9:6,99300,13612,4162,68,
14:9:6,99400,13624,4165,68,
14:9:6,99500,13638,4169,68,
14:9:6,99600,13650,4171,68,
14:9:6,99700,13675,4173,68,
14:9:6,99800,13690,4175,68,
14:9:6,99900,13708,4182,68,
14:9:6,100000,13720,4188,68,
14:9:6,100100,13742,4188,68,
14:9:6,100200,13753,4190,70,
14:9:6,100300,13775,4193,70,
14:9:6,100400,13788,4194,70,
14:9:6,100500,13809,4197,70,
14:9:6,100600,13832,4205,70,
14:9:7,100700,13847,4208,70,
14:9:7,100800,13859,4212,70,
14:9:7,100900,13881,4216,70,
14:9:7,101000,13894,4220,70,
14:9:7,101100,13905,4229,70,
14:9:7,101200,13913,4236,70,
14:9:7,101300,13930,4239,70,
14:9:7,101400,13939,4242,70,
14:9:7,101500,13956,4246,70,
14:9:7,101600,13965,4250,70,
14:9:7,101700,13981,4254,70,
14:9:7,101800,14000,4259,70,
14:9:7,101900,14015,4261,70,
14:9:7,102000,14025,4265,70,
14:9:7,102100,14039,4269,70,
14:9:7,102200,14052,4271,70,
14:9:7,102300,14062,4279,70,
14:9:7,102400,14071,4282,70,
14:9:7,102500,14096,4289,70,
14:9:7,102600,14110,4293,70,
14:9:8,102700,14122,4293,70,
14:9:8,102800,14133,4301,70,
14:9:8,102900,14149,4305,70,
14:9:8,103000,14160,4311,70,
14:9:8,103100,14172,4321,70,
14:9:8,103200,14181,4325,70,
14:9:8,103300,14203,4330,70,
14:9:8,103400,14214,4333,70,
14:9:8,103500,14230,4337,70,
14:9:8,103600,14240,4338,70,
14:9:8,103700,14263,4345,70,
14:9:8,103800,14272,4352,70,
14:9:8,103900,14279,4356,70,
14:9:8,104000,14296,4361,70,
14:9:8,104100,14314,4365,70,
14:9:8,104200,14323,4366,70,
14:9:8,104300,14340,4368,70,
14:9:8,104400,14350,4374,70,
14:9:8,104500,14365,4384,70,
14:9:8,104600,14377,4389,70,
14:9:8,104700,14390,4391,70,
14:9:9,104800,14404,4393,70,
14:9:9,104900,14421,4396,70,
14:9:9,105000,14435,4402,70,
14:9:9,105100,14447,4407,70,
14:9:9,105200,14461,4416,70,
14:9:9,105300,14481,4420,70,
14:9:9,105400,14496,4428,70,
14:9:9,105500,14512,4434,70,
14:9:9,105600,14524,4437,70,
14:9:9,105700,14541,4441,70,
14:9:9,105800,14556,4447,70,
14:9:9,105900,14568,4452,70,
14:9:9,106000,14579,4460,70,
14:9:9,106100,14589,4468,70,
14:9:9,106200,14607,4469,70,
14:9:9,106300,14620,4474,72,
14:9:9,106400,14632,4477,72,
14:9:9,106500,14649,4482,72,
14:9:9,106600,14663,4486,72,
14:9:9,106700,14671,4489,72,
14:9:10,106800,14682,4494,72,
14:9:10,106900,14699,4500,72,
14:9:10,107000,14708,4503,72,
14:9:10,107100,14721,4506,72,
14:9:10,107200,14727,4509,72,
14:9:10,107300,14753,4514,72,
14:9:10,107400,14764,4519,72,
14:9:10,107500,14776,4521,72,
14:9:10,107600,14787,4524,72,
14:9:10,107700,14808,4530,72,
14:9:10,107800,14825,4534,72,
14:9:10,107900,14837,4536,72,
14:9:10,108000,14847,4536,72,
14:9:10,108100,14864,4541,72,
14:9:10,108200,14875,4546,72,
14:9:10,108300,14887,4548,72,
14:9:10,108400,14899,4551,72,
14:9:10,108500,14925,4553,72,
14:9:10,108600,14942,4557,72,
14:9:10,108700,14956,4561,72,
14:9:10,108800,14963,4563,72,
14:9:11,108900,14980,4569,72,
14:9:11,109000,14995,4575,72,
14:9:11,109100,15014,4578,74,
14:9:11,109200,15032,4581,74,
14:9:11,109300,15052,4585,76,
14:9:11,109400,15073,4593,76,
14:9:11,109500,15087,4596,76,
14:9:11,109600,15102,4597,76,
14:9:11,109700,15119,4600,76,
14:9:11,109800,15130,4603,76,
14:9:11,109900,15139,4604,76,
14:9:11,110000,15154,4610,76,
14:9:11,110100,15172,4611,76,
14:9:11,110200,15181,4615,76,
14:9:11,110300,15197,4618,76,
14:9:11,110400,15208,4620,78,
14:9:11,110500,15231,4624,78,
14:9:11,110600,15245,4631,78,
14:9:12,110700,15260,4634,78,
14:9:12,110800,15268,4637,78,
14:9:12,110900,15284,4645,78,
14:9:12,111000,15295,4651,78,
14:9:12,111100,15307,4652,78,
14:9:12,111200,15317,4657,78,
14:9:12,111300,15338,4667,78,
14:9:12,111400,15355,4671,78,
14:9:12,111500,15370,4675,78,
14:9:12,111600,15379,4678,78,
14:9:12,111700,15391,4682,78,
14:9:12,111800,15401,4692,78,
14:9:12,111900,15409,4699,78,
14:9:12,112000,15424,4702,78,
14:9:12,112100,15441,4710,78,
14:9:12,112200,15453,4714,78,
14:9:12,112300,15463,4716,78,
14:9:12,112400,15471,4717,78,
14:9:12,112500,15493,4721,78,
14:9:12,112600,15508,4727,78,
14:9:12,112700,15517,4733,78,
14:9:13,112800,15528,4734,78,
14:9:13,112900,15546,4740,78,
14:9:13,113000,15560,4743,78,
14:9:13,113100,15565,4746,78,
14:9:13,113200,15579,4747,78,
14:9:13,113300,15594,4751,78,
14:9:13,113400,15606,4755,78,
14:9:13,113500,15621,4760,78,
14:9:13,113600,15644,4764,78,
14:9:13,113700,15659,4771,78,
14:9:13,113800,15672,4775,78,
14:9:13,113900,15686,4780,78,
14:9:13,114000,15701,4783,78,
14:9:13,114100,15719,4787,78,
14:9:13,114200,15727,4789,78,
14:9:13,114300,15735,4794,78,
14:9:13,114400,15749,4800,78,
14:9:13,114500,15770,4804,78,
14:9:13,114600,15779,4810,78,
14:9:13,114700,15793,4814,78,
14:9:13,114800,15808,4815,78,
14:9:14,114900,15827,4818,78,
14:9:14,115000,15838,4823,78,
14:9:14,115100,15854,4830,78,
14:9:14,115200,15867,4837,78,
14:9:14,115300,15877,4842,78,
14:9:14,115400,15891,4846,78,
14:9:14,115500,15903,4847,78,
14:9:14,115600,15911,4849,78,
14:9:14,115700,15929,4857,78,
14:9:14,115800,15945,4860,78,
14:9:14,115900,15961,4862,78,
14:9:14,116000,15980,4863,78,
14:9:14,116100,16002,4870,78,
14:9:14,116200,16013,4872,78,
14:9:14,116300,16030,4876,78,
14:9:14,116400,16043,4878,78,
14:9:14,116500,16058,4885,78,
14:9:14,116600,16077,4889,78,
14:9:14,116700,16097,4892,78,
14:9:14,116800,16110,4895,78,
14:9:14,116900,16129,4899,78,
14:9:15,117000,16139,4900,78,
14:9:15,117100,16148,4907,78,
14:9:15,117200,16157,4907,78,
14:9:15,117300,16183,4910,78,
14:9:15,117400,16195,4916,78,
14:9:15,117500,16207,4917,78,
14:9:15,117600,16222,4922,78,
14:9:15,117700,16243,4924,78,
14:9:15,117800,16256,4932,78,
14:9:15,117900,16266,4933,78,
14:9:15,118000,16272,4936,78,
14:9:15,118100,16289,4940,78,
14:9:15,118200,16302,4944,78,
14:9:15,118300,16319,4948,78,
14:9:15,118400,16324,4949,78,
14:9:15,118500,16338,4950,78,
14:9:15,118600,16349,4953,78,
14:9:15,118700,16366,4955,78,
14:9:15,118800,16383,4955,78,
14:9:15,118900,16400,4960,78,
14:9:15,119000,16419,4966,78,
14:9:16,119100,16432,4968,78,
14:9:16,119200,16443,4970,78,
14:9:16,119300,16461,4974,78,
14:9:16,119400,16469,4977,78,
14:9:16,119500,16482,4981,78,
14:9:16,119600,16492,4986,78,
14:9:16,119700,16510,4988,78,
14:9:16,119800,16526,4994,78,
14:9:16,119900,16536,4998,78,
14:9:16,120000,16543,4999,78,
14:9:16,120100,16557,5004,78,
14:9:16,120200,16568,5009,78,
14:9:16,120300,16578,5015,78,
14:9:16,120400,16586,5019,78,
14:9:16,120500,16598,5029,78,
14:9:16,120600,16615,5035,78,
14:9:16,120700,16635,5037,78,
14:9:16,120800,16647,5040,78,
14:9:16,120900,16660,5047,78,
14:9:16,121000,16676,5051,80,
14:9:16,121100,16687,5054,80,
14:9:17,121200,16700,5055,80,
14:9:17,121300,16711,5062,80,
14:9:17,121400,16730,5068,80,
14:9:17,121500,16743,5068,80,
14:9:17,121600,16755,5073,80,
14:9:17,121700,16773,5077,80,
14:9:17,121800,16785,5082,80,
14:9:17,121900,16793,5083,80,
14:9:17,122000,16802,5086,80,
14:9:17,122100,16829,5087,80,
14:9:17,122200,16842,5089,80,
14:9:17,122300,16858,5101,80,
14:9:17,122400,16869,5106,80,
14:9:17,122500,16889,5110,80,
14:9:17,122600,16905,5114,80,
14:9:17,122700,16919,5117,80,
14:9:17,122800,16933,5120,80,
14:9:17,122900,16946,5127,80,
14:9:17,123000,16956,5130,80,
14:9:17,123100,16971,5135,80,
14:9:18,123200,16982,5141,80,
14:9:18,123300,16996,5146,80,
14:9:18,123400,17010,5151,80,
14:9:18,123500,17018,5153,80,
14:9:18,123600,17024,5157,80,
14:9:18,123700,17048,5159,80,
14:9:18,123800,17056,5163,80,
14:9:18,123900,17064,5165,80,
14:9:18,124000,17075,5168,80,
14:9:18,124100,17096,5174,82,
14:9:18,124200,17113,5176,82,
14:9:18,124300,17126,5177,82,
14:9:18,124400,17143,5182,82,
14:9:18,124500,17158,5190,82,
14:9:18,124600,17177,5194,82,
14:9:18,124700,17199,5201,82,
14:9:18,124800,17211,5203,82,
14:9:18,124900,17226,5206,82,
14:9:18,125000,17235,5207,82,
14:9:18,125100,17243,5211,82,
14:9:18,125200,17252,5213,82,
14:9:19,125300,17274,5216,82,
14:9:19,125400,17280,5221,82,
14:9:19,125500,17293,5226,82,
14:9:19,125600,17305,5227,82,
14:9:19,125700,17320,5233,82,
14:9:19,125800,17332,5242,82,
14:9:19,125900,17338,5245,82,
14:9:19,126000,17344,5250,82,
14:9:19,126100,17355,5252,82,
14:9:19,126200,17370,5256,82,
14:9:19,126300,17382,5258,82,
14:9:19,126400,17392,5261,82,
14:9:19,126500,17416,5262,82,
14:9:19,126600,17427,5267,82,
14:9:19,126700,17438,5269,82,
14:9:19,126800,17451,5270,82,
14:9:19,126900,17468,5275,82,
14:9:19,127000,17481,5276,82,
14:9:19,127100,17492,5280,82,
14:9:19,127200,17501,5282,82,
14:9:19,127300,17515,5287,82,
14:9:19,127400,17530,5288,82,
14:9:20,127500,17541,5293,82,
14:9:20,127600,17553,5296,82,
14:9:20,127700,17572,5303,82,
14:9:20,127800,17590,5307,82,
14:9:20,127900,17600,5312,82,
14:9:20,128000,17611,5316,82,
14:9:20,128100,17628,5321,82,
14:9:20,128200,17638,5321,82,
14:9:20,128300,17654,5322,82,
14:9:20,128400,17667,5327,82,
14:9:20,128500,17683,5333,82,
14:9:20,128600,17699,5338,82,
14:9:20,128700,17714,5342,82,
14:9:20,128800,17721,5349,82,
14:9:20,128900,17739,5351,82,
14:9:20,129000,17750,5356,82,
14:9:20,129100,17763,5358,82,
14:9:20,129200,17774,5360,82,
14:9:20,129300,17792,5364,82,
14:9:20,129400,17810,5368,82,
14:9:20,129500,17824,5370,82,
14:9:21,129600,17833,5376,82,
14:9:21,129700,17847,5383,82,
14:9:21,129800,17854,5386,82,
14:9:21,129900,17859,5390,82,
14:9:21,130000,17872,5394,82,
14:9:21,130100,17891,5395,82,
14:9:21,130200,17906,5400,82,
14:9:21,130300,17919,5407,82,
14:9:21,130400,17923,5409,82,
14:9:21,130500,17939,5411,82,
14:9:21,130600,17948,5414,82,
14:9:21,130700,17958,5418,82,
14:9:21,130800,17968,5421,82,
14:9:21,130900,17983,5427,84,
14:9:21,131000,18005,5432,84,
14:9:21,131100,18020,5437,84,
14:9:21,131200,18027,5440,84,
14:9:21,131300,18044,5446,84,
