17:49:19,100,20,8,0,
17:49:19,200,50,13,2,
17:49:19,300,78,24,2,
17:49:19,400,103,34,2,
17:49:20,500,133,39,2,
17:49:20,600,158,44,2,
17:49:20,700,180,49,2,
17:49:20,800,207,61,2,
17:49:20,900,227,71,4,
17:49:20,1000,252,80,4,
17:49:20,1100,280,87,4,
17:49:20,1200,309,94,4,
17:49:21,1300,336,102,6,
17:49:21,1400,364,112,6,
17:49:21,1500,388,123,6,
17:49:21,1600,424,129,6,
17:49:21,1700,450,136,10,
17:49:21,1800,478,150,10,
17:49:21,1900,502,157,14,
17:49:22,2000,534,163,14,
17:49:22,2100,557,171,14,
17:49:22,2200,584,179,14,
17:49:22,2300,616,187,14,
17:49:22,2400,639,196,14,
17:49:22,2500,667,206,16,
17:49:23,2600,705,211,16,
17:49:23,2700,732,219,18,
17:49:23,2800,767,225,18,
17:49:23,2900,796,233,20,
17:49:23,3000,821,241,20,
17:49:23,3100,848,250,20,
17:49:23,3200,874,256,20,
17:49:23,3300,898,264,20,
17:49:24,3400,925,275,20,
17:49:24,3500,951,285,20,
17:49:24,3600,977,294,22,
17:49:24,3700,1011,301,22,
17:49:24,3800,1042,311,22,
17:49:24,3900,1067,319,22,
17:49:24,4000,1100,325,22,
17:49:25,4100,1125,338,24,
17:49:25,4200,1153,346,26,
17:49:25,4300,1184,353,26,
17:49:25,4400,1212,361,26,
17:49:25,4500,1240,368,26,
17:49:25,4600,1261,375,26,
17:49:25,4700,1288,386,26,
17:49:25,4800,1308,393,26,
17:49:26,4900,1338,399,26,
17:49:26,5000,1356,402,26,
17:49:26,5100,1384,410,30,
17:49:26,5200,1407,414,32,
17:49:26,5300,1432,419,32,
17:49:26,5400,1460,425,32,
17:49:26,5500,1491,427,32,
17:49:26,5600,1512,437,32,
17:49:27,5700,1532,444,32,
17:49:27,5800,1555,453,32,
17:49:27,5900,1588,459,34,
17:49:27,6000,1614,465,34,
17:49:27,6100,1645,471,36,
17:49:27,6200,1668,480,36,
17:49:27,6300,1691,493,36,
17:49:27,6400,1719,503,38,
17:49:28,6500,1749,511,40,
17:49:28,6600,1779,520,42,
17:49:28,6700,1802,528,42,
17:49:28,6800,1823,533,44,
17:49:28,6900,1848,539,44,
17:49:28,7000,1873,547,44,
17:49:28,7100,1902,557,44,
17:49:29,7200,1930,567,44,
17:49:29,7300,1955,573,44,
17:49:29,7400,1983,578,44,
17:49:29,7500,2004,578,44,
17:49:29,7600,2030,587,46,
17:49:29,7700,2066,593,46,
17:49:29,7800,2100,602,46,
17:49:29,7900,2129,609,46,
17:49:30,8000,2154,620,46,
17:49:30,8100,2181,629,46,
17:49:30,8200,2204,635,46,
17:49:30,8300,2227,638,46,
17:49:30,8400,2258,642,46,
17:49:30,8500,2283,652,46,
17:49:30,8600,2314,658,46,
17:49:30,8700,2340,670,48,
17:49:31,8800,2359,680,48,
17:49:31,8900,2384,685,48,
17:49:31,9000,2402,691,50,
17:49:31,9100,2424,705,50,
17:49:31,9200,2459,713,50,
17:49:31,9300,2490,722,50,
17:49:31,9400,2522,727,52,
17:49:32,9500,2551,738,52,
17:49:32,9600,2582,744,52,
17:49:32,9700,2609,758,52,
17:49:32,9800,2640,766,52,
17:49:32,9900,2663,775,52,
17:49:32,10000,2695,784,52,
17:49:32,10100,2719,793,52,
17:49:32,10200,2738,800,52,
17:49:32,10300,2763,809,52,
17:49:33,10400,2793,812,54,
17:49:33,10500,2825,822,54,
17:49:33,10600,2850,832,54,
17:49:33,10700,2876,843,54,
17:49:33,10800,2902,849,54,
17:49:33,10900,2940,851,54,
17:49:33,11000,2970,857,54,
17:49:34,11100,3003,866,54,
17:49:34,11200,3033,876,56,
17:49:34,11300,3055,889,58,
17:49:34,11400,3075,896,62,
17:49:34,11500,3096,904,64,
17:49:34,11600,3115,921,64,
17:49:34,11700,3142,929,64,
17:49:35,11800,3175,935,64,
17:49:35,11900,3199,941,64,
17:49:35,12000,3225,945,64,
17:49:35,12100,3257,951,64,
17:49:35,12200,3288,959,66,
17:49:35,12300,3319,970,66,
17:49:35,12400,3344,977,66,
17:49:36,12500,3369,982,66,
17:49:36,12600,3398,995,66,
17:49:36,12700,3425,1002,68,
17:49:36,12800,3451,1009,70,
17:49:36,12900,3478,1015,72,
17:49:36,13000,3497,1020,72,
17:49:36,13100,3526,1030,72,
17:49:37,13200,3557,1041,72,
17:49:37,13300,3581,1047,72,
17:49:37,13400,3606,1052,72,
17:49:37,13500,3636,1063,72,
17:49:37,13600,3672,1073,72,
17:49:37,13700,3698,1082,76,
17:49:37,13800,3727,1091,76,
17:49:38,13900,3760,1099,78,
17:49:38,14000,3794,1110,78,
17:49:38,14100,3828,1116,78,
17:49:38,14200,3858,1124,78,
17:49:38,14300,3882,1132,78,
17:49:38,14400,3903,1141,78,
17:49:39,14500,3929,1147,82,
17:49:39,14600,3953,1156,82,
17:49:39,14700,3975,1166,82,
17:49:39,14800,3997,1177,82,
17:49:39,14900,4030,1186,84,
17:49:39,15000,4060,1197,84,
17:49:39,15100,4087,1207,84,
17:49:39,15200,4107,1213,84,
17:49:40,15300,4125,1216,84,
17:49:40,15400,4152,1223,84,
17:49:40,15500,4179,1230,84,
17:49:40,15600,4212,1234,86,
17:49:40,15700,4241,1239,86,
17:49:40,15800,4270,1247,88,
17:49:40,15900,4293,1253,90,
17:49:40,16000,4314,1261,90,
17:49:40,16100,4340,1266,90,
17:49:41,16200,4367,1276,90,
17:49:41,16300,4396,1282,90,
17:49:41,16400,4423,1288,90,
17:49:41,16500,4447,1295,90,
17:49:41,16600,4472,1302,90,
17:49:41,16700,4507,1310,90,
17:49:41,16800,4534,1318,90,
17:49:42,16900,4557,1326,92,
17:49:42,17000,4583,1338,92,
17:49:42,17100,4611,1349,94,
17:49:42,17200,4638,1358,94,
17:49:42,17300,4670,1366,94,
17:49:42,17400,4700,1376,96,
17:49:42,17500,4722,1388,96,
17:49:43,17600,4748,1393,96,
17:49:43,17700,4766,1401,96,
17:49:43,17800,4796,1406,96,
17:49:43,17900,4830,1412,96,
17:49:43,18000,4853,1425,96,
17:49:43,18100,4885,1433,96,
17:49:43,18200,4906,1439,96,
17:49:43,18300,4929,1448,98,
17:49:43,18400,4955,1458,98,
17:49:44,18500,4986,1466,98,
17:49:44,18600,5010,1478,98,
17:49:44,18700,5039,1486,98,
17:49:44,18800,5067,1493,98,
17:49:44,18900,5095,1504,98,
17:49:44,19000,5124,1515,98,
17:49:44,19100,5144,1524,98,
17:49:45,19200,5174,1531,100,
17:49:45,19300,5206,1538,100,
17:49:45,19400,5240,1545,100,
17:49:45,19500,5261,1554,100,
17:49:45,19600,5290,1559,100,
17:49:45,19700,5318,1565,100,
17:49:45,19800,5347,1572,100,
17:49:46,19900,5383,1579,100,
17:49:46,20000,5410,1592,100,
17:49:46,20100,5440,1598,100,
17:49:46,20200,5474,1605,100,
17:49:46,20300,5499,1612,100,
17:49:46,20400,5530,1618,100,
17:49:46,20500,5557,1624,100,
17:49:47,20600,5588,1632,100,
17:49:47,20700,5616,1638,100,
17:49:47,20800,5641,1646,100,
17:49:47,20900,5668,1661,100,
17:49:47,21000,5703,1664,100,
17:49:47,21100,5724,1670,102,
