14:29:49,100,39,10,0,
14:29:50,200,85,17,2,
14:29:50,300,136,36,2,
14:29:50,400,177,56,2,
14:29:51,500,222,78,2,
14:29:52,600,287,105,2,
14:29:52,700,336,117,2,
14:29:52,800,404,131,2,
14:29:53,900,463,150,2,
14:29:53,1000,519,165,2,
14:29:54,1100,579,177,2,
14:29:54,1200,644,189,2,
14:29:55,1300,704,208,2,
14:29:55,1400,750,227,2,
14:29:56,1500,823,245,2,
14:29:56,1600,873,262,2,
14:29:57,1700,935,276,2,
14:29:57,1800,997,294,2,
14:29:58,1900,1051,308,2,
14:29:58,2000,1108,326,2,
14:29:59,2100,1153,338,2,
14:29:59,2200,1209,367,2,
14:30:0,2300,1254,385,2,
14:30:0,2400,1311,405,2,
14:30:1,2500,1361,426,2,
14:30:1,2600,1414,438,2,
14:30:1,2700,1483,453,2,
14:30:2,2800,1536,471,2,
14:30:2,2900,1597,491,2,
14:30:3,3000,1643,504,2,
14:30:3,3100,1697,525,2,
14:30:4,3200,1767,547,2,
14:30:4,3300,1818,561,2,
14:30:5,3400,1872,578,2,
14:30:5,3500,1917,592,2,
14:30:5,3600,1976,610,2,
14:30:6,3700,2026,620,2,
14:30:6,3800,2082,632,2,
14:30:6,3900,2146,650,2,
14:30:7,4000,2192,670,2,
14:30:7,4100,2250,693,2,
14:30:8,4200,2305,703,2,
14:30:8,4300,2366,721,2,
14:30:8,4400,2421,730,2,
14:30:9,4500,2475,743,2,
14:30:9,4600,2542,760,2,
14:30:10,4700,2584,772,2,
14:30:10,4800,2657,793,2,
14:30:11,4900,2706,802,2,
14:30:11,5000,2769,823,2,
14:30:11,5100,2820,832,2,
14:30:12,5200,2881,842,2,
14:30:12,5300,2943,860,2,
14:30:13,5400,3005,876,2,
14:30:14,5500,3077,898,2,
14:30:14,5600,3127,915,2,
14:30:15,5700,3195,940,2,
14:30:15,5800,3248,955,2,
14:30:15,5900,3306,973,2,
14:30:16,6000,3367,988,2,
14:30:16,6100,3415,998,2,
14:30:17,6200,3480,1012,2,
14:30:17,6300,3526,1030,2,
14:30:18,6400,3596,1049,2,
14:30:18,6500,3638,1064,2,
14:30:18,6600,3689,1089,2,
14:30:19,6700,3742,1106,2,
14:30:19,6800,3806,1119,2,
14:30:20,6900,3871,1140,2,
14:30:20,7000,3920,1157,2,
14:30:21,7100,3981,1170,2,
14:30:21,7200,4028,1183,2,
14:30:21,7300,4080,1199,2,
14:30:22,7400,4141,1215,2,
14:30:22,7500,4191,1234,2,
14:30:23,7600,4248,1253,2,
14:30:23,7700,4299,1269,2,
14:30:24,7800,4365,1292,2,
14:30:24,7900,4423,1300,2,
14:30:24,8000,4473,1312,2,
14:30:25,8100,4519,1333,2,
14:30:25,8200,4561,1344,2,
14:30:25,8300,4621,1360,2,
14:30:26,8400,4672,1369,2,
14:30:26,8500,4743,1384,2,
14:30:27,8600,4793,1401,2,
14:30:27,8700,4853,1415,2,
14:30:28,8800,4922,1429,2,
14:30:28,8900,4982,1442,2,
14:30:28,9000,5039,1470,2,
14:30:29,9100,5085,1486,2,
14:30:30,9200,5159,1508,2,
14:30:30,9300,5214,1522,2,
14:30:31,9400,5269,1546,2,
14:30:31,9500,5324,1560,2,
14:30:31,9600,5359,1585,2,
14:30:32,9700,5425,1596,2,
14:30:32,9800,5468,1611,2,
14:30:33,9900,5520,1635,4,
14:30:33,10000,5578,1643,4,
14:30:33,10100,5634,1653,4,
14:30:34,10200,5698,1661,4,
14:30:34,10300,5752,1673,4,
14:30:34,10400,5807,1684,4,
14:30:35,10500,5847,1700,4,
14:30:35,10600,5900,1715,4,
14:30:36,10700,5954,1732,4,
14:30:36,10800,6015,1744,4,
14:30:37,10900,6069,1765,4,
14:30:37,11000,6114,1785,4,
14:30:37,11100,6173,1800,4,
14:30:38,11200,6219,1816,4,
14:30:38,11300,6274,1833,4,
14:30:39,11400,6336,1848,4,
14:30:40,11500,6390,1869,4,
14:30:40,11600,6445,1892,4,
14:30:41,11700,6496,1908,4,
14:30:42,11800,6569,1927,4,
14:30:42,11900,6633,1942,4,
14:30:43,12000,6702,1963,4,
14:30:43,12100,6754,1974,4,
14:30:43,12200,6802,1991,4,
14:30:44,12300,6853,2002,4,
14:30:44,12400,6906,2018,4,
14:30:45,12500,6960,2044,4,
14:30:45,12600,7001,2058,4,
14:30:46,12700,7064,2075,4,
14:30:46,12800,7113,2095,4,
14:30:46,12900,7178,2108,4,
14:30:47,13000,7225,2126,4,
14:30:47,13100,7274,2144,4,
14:30:48,13200,7341,2162,4,
14:30:48,13300,7383,2185,4,
14:30:49,13400,7445,2201,4,
14:30:49,13500,7495,2221,4,
14:30:50,13600,7553,2244,4,
14:30:50,13700,7606,2262,4,
14:30:51,13800,7666,2276,4,
14:30:51,13900,7732,2291,4,
14:30:51,14000,7775,2307,4,
14:30:52,14100,7838,2330,4,
14:30:52,14200,7886,2349,4,
14:30:53,14300,7936,2364,4,
14:30:53,14400,7997,2377,4,
14:30:54,14500,8054,2390,4,
14:30:54,14600,8112,2406,4,
14:30:54,14700,8159,2419,4,
14:30:55,14800,8214,2430,4,
14:30:55,14900,8265,2448,4,
14:30:56,15000,8320,2467,4,
14:30:56,15100,8372,2489,4,
14:30:56,15200,8431,2502,4,
14:30:57,15300,8488,2517,4,
14:30:57,15400,8526,2534,4,
14:30:57,15500,8589,2549,4,
14:30:58,15600,8638,2563,4,
14:30:58,15700,8696,2584,4,
14:30:59,15800,8748,2600,4,
14:30:59,15900,8795,2614,4,
14:30:59,16000,8849,2627,4,
14:31:0,16100,8892,2641,4,
14:31:0,16200,8949,2662,4,
14:31:1,16300,9012,2683,4,
14:31:2,16400,9089,2690,4,
14:31:3,16500,9150,2718,4,
14:31:3,16600,9200,2735,4,
14:31:4,16700,9275,2752,4,
14:31:4,16800,9329,2770,4,
14:31:5,16900,9397,2782,4,
14:31:5,17000,9442,2795,4,
14:31:6,17100,9508,2814,4,
14:31:6,17200,9575,2827,4,
14:31:7,17300,9617,2846,4,
14:31:7,17400,9673,2863,4,
14:31:8,17500,9720,2884,4,
14:31:8,17600,9786,2907,4,
14:31:9,17700,9844,2924,4,
14:31:9,17800,9904,2939,4,
14:31:9,17900,9959,2953,4,
14:31:10,18000,10014,2971,4,
14:31:10,18100,10061,2996,4,
14:31:11,18200,10112,3008,4,
14:31:11,18300,10176,3029,4,
14:31:11,18400,10237,3045,4,
14:31:12,18500,10287,3061,4,
14:31:12,18600,10345,3081,4,
14:31:12,18700,10385,3087,4,
14:31:13,18800,10434,3100,4,
14:31:13,18900,10474,3114,4,
14:31:13,19000,10539,3131,4,
14:31:14,19100,10593,3151,4,
14:31:14,19200,10656,3163,4,
14:31:15,19300,10711,3185,4,
14:31:15,19400,10767,3198,4,
14:31:16,19500,10825,3214,4,
14:31:16,19600,10875,3230,4,
14:31:16,19700,10938,3243,4,
14:31:17,19800,10983,3258,4,
14:31:17,19900,11039,3272,4,
14:31:17,20000,11081,3288,4,
14:31:18,20100,11139,3306,4,
14:31:18,20200,11192,3326,4,
14:31:19,20300,11233,3347,4,
14:31:19,20400,11292,3370,4,
14:31:20,20500,11344,3380,4,
14:31:20,20600,11397,3401,4,
14:31:20,20700,11452,3420,4,
14:31:21,20800,11508,3436,4,
14:31:22,20900,11561,3461,4,
14:31:22,21000,11618,3474,4,
14:31:22,21100,11671,3496,4,
14:31:23,21200,11721,3513,4,
14:31:23,21300,11792,3532,4,
14:31:24,21400,11844,3546,4,
14:31:24,21500,11885,3560,4,
14:31:25,21600,11948,3583,4,
14:31:25,21700,11994,3607,4,
14:31:25,21800,12051,3625,4,
14:31:26,21900,12107,3636,4,
14:31:26,22000,12156,3654,4,
14:31:27,22100,12220,3671,6,
14:31:28,22200,12275,3694,6,
14:31:28,22300,12338,3710,6,
14:31:28,22400,12386,3727,6,
14:31:29,22500,12453,3749,6,
14:31:29,22600,12505,3769,6,
14:31:30,22700,12562,3788,6,
14:31:30,22800,12615,3804,6,
14:31:31,22900,12665,3819,6,
14:31:31,23000,12718,3840,6,
14:31:31,23100,12763,3855,6,
14:31:32,23200,12822,3869,6,
14:31:32,23300,12869,3886,6,
14:31:32,23400,12917,3904,6,
14:31:33,23500,12971,3931,6,
14:31:33,23600,13026,3948,6,
14:31:34,23700,13112,3962,6,
14:31:34,23800,13157,3974,6,
14:31:35,23900,13215,3996,6,
14:31:35,24000,13270,4007,6,
14:31:36,24100,13326,4024,6,
14:31:36,24200,13377,4035,6,
14:31:36,24300,13426,4056,6,
14:31:37,24400,13482,4067,6,
14:31:37,24500,13520,4079,6,
14:31:37,24600,13586,4106,6,
14:31:38,24700,13628,4115,6,
14:31:38,24800,13682,4134,6,
14:31:39,24900,13736,4154,6,
14:31:39,25000,13780,4176,6,
14:31:39,25100,13841,4192,6,
14:31:40,25200,13895,4204,6,
14:31:40,25300,13970,4223,6,
14:31:41,25400,14010,4246,6,
14:31:41,25500,14076,4258,8,
14:31:42,25600,14135,4274,8,
14:31:42,25700,14183,4295,8,
14:31:43,25800,14249,4312,8,
14:31:44,25900,14301,4328,8,
14:31:44,26000,14362,4346,8,
14:31:44,26100,14405,4370,8,
14:31:45,26200,14466,4381,8,
14:31:45,26300,14521,4397,8,
14:31:45,26400,14551,4415,8,
14:31:46,26500,14598,4426,8,
14:31:46,26600,14654,4440,8,
14:31:46,26700,14712,4458,8,
14:31:47,26800,14752,4473,8,
14:31:47,26900,14815,4490,8,
14:31:48,27000,14868,4508,10,
14:31:48,27100,14914,4535,10,
14:31:49,27200,14980,4564,10,
14:31:50,27300,15045,4583,10,
14:31:50,27400,15107,4606,10,
14:31:50,27500,15161,4621,10,
14:31:51,27600,15215,4633,10,
14:31:51,27700,15270,4650,10,
14:31:52,27800,15319,4666,10,
14:31:52,27900,15384,4680,10,
14:31:52,28000,15430,4693,10,
14:31:53,28100,15485,4712,10,
14:31:53,28200,15538,4722,10,
14:31:54,28300,15592,4740,10,
14:31:54,28400,15644,4755,10,
14:31:55,28500,15703,4776,10,
14:31:55,28600,15771,4796,10,
14:31:56,28700,15829,4810,10,
14:31:56,28800,15894,4823,12,
14:31:57,28900,15946,4849,12,
14:31:57,29000,15999,4861,12,
14:31:58,29100,16063,4874,12,
14:31:58,29200,16117,4890,12,
14:31:59,29300,16179,4914,12,
14:31:59,29400,16226,4933,12,
14:32:0,29500,16286,4951,12,
14:32:0,29600,16338,4965,12,
14:32:0,29700,16388,4987,12,
14:32:1,29800,16432,5002,12,
14:32:1,29900,16500,5019,12,
14:32:2,30000,16555,5040,12,
14:32:2,30100,16597,5051,12,
14:32:2,30200,16666,5070,12,
14:32:3,30300,16710,5085,12,
14:32:3,30400,16769,5103,12,
14:32:4,30500,16818,5119,12,
14:32:4,30600,16861,5137,12,
14:32:5,30700,16930,5162,12,
14:32:5,30800,16973,5179,12,
14:32:5,30900,17029,5196,12,
14:32:6,31000,17087,5207,12,
14:32:6,31100,17136,5227,12,
14:32:6,31200,17189,5246,12,
14:32:7,31300,17241,5261,12,
14:32:7,31400,17289,5276,12,
14:32:7,31500,17329,5291,12,
14:32:8,31600,17379,5317,12,
14:32:8,31700,17437,5332,12,
14:32:9,31800,17486,5349,12,
14:32:9,31900,17551,5365,12,
14:32:9,32000,17601,5377,12,
14:32:10,32100,17673,5392,12,
14:32:10,32200,17715,5405,12,
14:32:11,32300,17782,5426,12,
14:32:11,32400,17832,5444,12,
14:32:12,32500,17881,5457,12,
14:32:12,32600,17939,5472,12,
14:32:12,32700,17981,5501,12,
14:32:13,32800,18036,5515,14,
14:32:13,32900,18087,5526,14,
14:32:14,33000,18153,5539,14,
14:32:14,33100,18208,5550,14,
14:32:15,33200,18261,5565,14,
14:32:15,33300,18319,5576,14,
14:32:15,33400,18380,5586,14,
14:32:16,33500,18431,5607,14,
14:32:16,33600,18467,5624,14,
14:32:16,33700,18528,5638,14,
14:32:17,33800,18575,5652,14,
14:32:17,33900,18635,5669,14,
14:32:18,34000,18706,5676,14,
14:32:19,34100,18775,5690,14,
14:32:19,34200,18842,5713,14,
14:32:20,34300,18883,5731,14,
14:32:20,34400,18954,5746,14,
14:32:20,34500,19002,5758,14,
14:32:21,34600,19060,5777,14,
14:32:21,34700,19114,5798,14,
14:32:22,34800,19166,5819,14,
14:32:22,34900,19233,5839,14,
14:32:23,35000,19286,5852,14,
14:32:23,35100,19340,5874,14,
14:32:23,35200,19395,5890,14,
14:32:24,35300,19457,5907,14,
14:32:24,35400,19512,5917,14,
14:32:25,35500,19553,5929,14,
14:32:25,35600,19614,5946,14,
14:32:25,35700,19660,5967,14,
14:32:26,35800,19729,5991,14,
14:32:26,35900,19785,6010,14,
14:32:27,36000,19842,6029,14,
14:32:27,36100,19897,6043,14,
14:32:27,36200,19950,6060,14,
14:32:28,36300,20007,6076,14,
14:32:28,36400,20053,6086,14,
14:32:28,36500,20122,6102,14,
14:32:29,36600,20170,6119,14,
14:32:29,36700,20223,6138,14,
14:32:29,36800,20276,6149,14,
14:32:30,36900,20326,6165,14,
14:32:30,37000,20388,6187,14,
14:32:31,37100,20437,6207,14,
14:32:32,37200,20513,6229,14,
14:32:32,37300,20567,6248,16,
14:32:32,37400,20617,6263,16,
14:32:33,37500,20667,6281,16,
14:32:33,37600,20715,6291,16,
14:32:34,37700,20785,6308,16,
14:32:34,37800,20834,6322,16,
14:32:35,37900,20897,6338,16,
14:32:35,38000,20956,6353,16,
14:32:35,38100,21016,6366,18,
14:32:36,38200,21078,6384,18,
14:32:36,38300,21119,6398,18,
14:32:37,38400,21180,6418,18,
14:32:37,38500,21222,6428,18,
14:32:38,38600,21279,6444,18,
14:32:38,38700,21336,6460,18,
14:32:39,38800,21392,6472,18,
14:32:39,38900,21454,6489,18,
14:32:40,39000,21503,6503,18,
14:32:40,39100,21572,6524,18,
14:32:40,39200,21617,6545,18,
14:32:41,39300,21692,6563,18,
14:32:42,39400,21758,6581,18,
14:32:42,39500,21820,6593,18,
14:32:43,39600,21882,6611,18,
14:32:43,39700,21924,6629,18,
14:32:44,39800,21983,6645,18,
14:32:44,39900,22034,6658,18,
14:32:45,40000,22093,6673,18,
14:32:45,40100,22143,6690,18,
14:32:46,40200,22208,6710,20,
14:32:46,40300,22256,6732,20,
14:32:47,40400,22313,6752,20,
14:32:47,40500,22382,6762,20,
14:32:48,40600,22429,6776,20,
14:32:48,40700,22504,6793,20,
14:32:49,40800,22568,6815,20,
14:32:50,40900,22635,6829,20,
14:32:50,41000,22694,6847,20,
14:32:51,41100,22746,6867,20,
14:32:51,41200,22804,6885,22,
14:32:51,41300,22839,6894,22,
14:32:52,41400,22896,6916,22,
14:32:52,41500,22949,6931,22,
14:32:53,41600,23007,6951,22,
14:32:53,41700,23071,6971,22,
14:32:54,41800,23112,6992,22,
14:32:54,41900,23183,7009,22,
14:32:54,42000,23224,7028,22,
14:32:55,42100,23283,7041,22,
14:32:56,42200,23342,7062,22,
14:32:56,42300,23399,7078,22,
14:32:57,42400,23459,7092,22,
14:32:57,42500,23518,7100,22,
14:32:58,42600,23579,7125,22,
14:32:58,42700,23635,7139,22,
14:32:58,42800,23691,7159,22,
14:32:59,42900,23747,7182,22,
14:32:59,43000,23801,7197,22,
14:33:0,43100,23852,7222,22,
14:33:0,43200,23900,7238,22,
14:33:0,43300,23952,7254,22,
14:33:1,43400,23994,7270,22,
14:33:1,43500,24059,7289,22,
14:33:2,43600,24112,7310,22,
14:33:2,43700,24170,7324,22,
14:33:2,43800,24223,7343,22,
14:33:3,43900,24268,7359,22,
14:33:3,44000,24333,7382,22,
14:33:4,44100,24384,7397,22,
14:33:4,44200,24461,7408,22,
14:33:5,44300,24516,7423,22,
14:33:5,44400,24570,7439,24,
14:33:6,44500,24622,7457,24,
14:33:6,44600,24677,7475,24,
14:33:7,44700,24742,7496,24,
14:33:7,44800,24796,7514,24,
14:33:8,44900,24873,7528,24,
14:33:8,45000,24922,7544,24,
14:33:8,45100,24979,7562,24,
14:33:9,45200,25035,7579,24,
14:33:9,45300,25092,7592,24,
14:33:10,45400,25149,7608,24,
14:33:10,45500,25185,7622,24,
14:33:10,45600,25233,7643,24,
14:33:11,45700,25291,7660,24,
14:33:11,45800,25342,7676,24,
14:33:12,45900,25398,7694,24,
14:33:12,46000,25455,7709,24,
14:33:13,46100,25516,7729,24,
14:33:13,46200,25564,7741,24,
14:33:14,46300,25636,7757,24,
14:33:14,46400,25698,7778,24,
14:33:15,46500,25747,7797,24,
14:33:15,46600,25798,7815,24,
14:33:16,46700,25853,7832,26,
14:33:16,46800,25931,7845,26,
14:33:16,46900,25971,7857,26,
14:33:17,47000,26023,7873,26,
14:33:17,47100,26072,7890,26,
14:33:17,47200,26131,7915,26,
14:33:18,47300,26186,7932,26,
14:33:18,47400,26249,7940,26,
14:33:19,47500,26304,7964,26,
14:33:19,47600,26345,7977,26,
14:33:19,47700,26409,8004,26,
14:33:20,47800,26456,8020,26,
14:33:20,47900,26513,8035,26,
14:33:21,48000,26550,8052,26,
14:33:21,48100,26589,8064,26,
14:33:21,48200,26643,8082,26,
14:33:22,48300,26688,8090,26,
14:33:22,48400,26755,8111,26,
14:33:22,48500,26791,8129,26,
14:33:23,48600,26848,8141,26,
14:33:23,48700,26920,8156,26,
14:33:24,48800,26965,8178,26,
14:33:24,48900,27020,8203,26,
14:33:25,49000,27066,8223,26,
14:33:25,49100,27135,8243,26,
14:33:26,49200,27183,8258,26,
14:33:26,49300,27242,8270,26,
14:33:27,49400,27309,8289,28,
14:33:27,49500,27358,8309,28,
14:33:28,49600,27428,8324,28,
14:33:29,49700,27479,8343,28,
14:33:29,49800,27542,8360,28,
14:33:30,49900,27614,8380,28,
14:33:30,50000,27676,8398,28,
14:33:31,50100,27728,8416,28,
14:33:31,50200,27784,8433,28,
14:33:32,50300,27842,8449,28,
14:33:32,50400,27891,8469,28,
14:33:32,50500,27948,8488,28,
14:33:33,50600,28003,8504,28,
14:33:33,50700,28054,8520,28,
14:33:34,50800,28110,8536,28,
14:33:34,50900,28156,8552,28,
14:33:35,51000,28228,8567,28,
14:33:36,51100,28280,8582,28,
14:33:36,51200,28345,8608,28,
14:33:36,51300,28397,8620,28,
14:33:36,51400,28442,8636,28,
14:33:37,51500,28495,8651,28,
14:33:37,51600,28547,8661,28,
14:33:38,51700,28615,8677,28,
14:33:38,51800,28666,8689,28,
14:33:39,51900,28721,8714,28,
14:33:39,52000,28771,8725,28,
14:33:39,52100,28819,8744,28,
14:33:40,52200,28870,8761,28,
14:33:40,52300,28908,8778,28,
14:33:40,52400,28973,8793,28,
14:33:41,52500,29024,8809,28,
14:33:41,52600,29081,8825,28,
14:33:41,52700,29132,8840,28,
14:33:42,52800,29185,8855,28,
14:33:42,52900,29246,8872,28,
14:33:43,53000,29308,8888,28,
14:33:43,53100,29359,8902,28,
14:33:43,53200,29407,8917,28,
14:33:44,53300,29463,8937,28,
14:33:44,53400,29514,8950,28,
14:33:45,53500,29567,8968,28,
14:33:45,53600,29617,8984,28,
14:33:45,53700,29668,8998,28,
14:33:46,53800,29739,9008,28,
14:33:46,53900,29789,9019,28,
14:33:46,54000,29848,9035,28,
14:33:47,54100,29906,9048,28,
14:33:47,54200,29952,9066,28,
14:33:48,54300,29992,9082,28,
14:33:48,54400,30056,9094,28,
14:33:49,54500,30118,9113,28,
14:33:49,54600,30163,9119,28,
14:33:50,54700,30225,9139,28,
14:33:50,54800,30280,9151,28,
14:33:51,54900,30337,9169,28,
14:33:51,55000,30406,9183,28,
14:33:52,55100,30462,9195,28,
14:33:52,55200,30515,9216,28,
14:33:52,55300,30554,9225,28,
14:33:53,55400,30612,9246,28,
14:33:53,55500,30670,9266,28,
14:33:54,55600,30722,9285,28,
14:33:54,55700,30790,9305,28,
14:33:55,55800,30845,9316,28,
14:33:55,55900,30913,9332,28,
14:33:56,56000,30956,9344,28,
14:33:56,56100,31021,9363,28,
14:33:57,56200,31092,9373,28,
14:33:57,56300,31154,9388,28,
14:33:58,56400,31209,9399,28,
14:33:58,56500,31254,9410,28,
14:33:59,56600,31328,9433,28,
14:33:59,56700,31386,9443,28,
14:34:0,56800,31453,9466,28,
14:34:0,56900,31502,9485,28,
14:34:0,57000,31559,9497,28,
14:34:1,57100,31616,9510,28,
14:34:1,57200,31670,9525,28,
14:34:2,57300,31738,9541,28,
14:34:2,57400,31790,9557,28,
14:34:2,57500,31847,9565,28,
14:34:3,57600,31887,9576,28,
14:34:3,57700,31943,9592,28,
14:34:4,57800,31996,9604,28,
14:34:4,57900,32050,9620,28,
14:34:5,58000,32124,9642,28,
14:34:5,58100,32179,9655,28,
14:34:6,58200,32235,9675,28,
14:34:7,58300,32300,9694,28,
14:34:7,58400,32358,9709,28,
14:34:7,58500,32407,9726,28,
14:34:8,58600,32455,9744,28,
14:34:8,58700,32515,9761,28,
14:34:8,58800,32570,9771,28,
14:34:9,58900,32622,9792,28,
14:34:9,59000,32678,9807,28,
14:34:10,59100,32740,9828,28,
14:34:10,59200,32805,9842,28,
14:34:11,59300,32858,9856,28,
14:34:11,59400,32920,9879,28,
14:34:12,59500,32958,9896,28,
14:34:12,59600,33006,9911,28,
14:34:12,59700,33052,9919,28,
14:34:12,59800,33095,9941,28,
14:34:13,59900,33147,9956,28,
14:34:13,60000,33202,9973,28,
14:34:14,60100,33259,9992,28,
14:34:14,60200,33302,10013,28,
14:34:15,60300,33371,10029,28,
14:34:15,60400,33423,10045,28,
14:34:16,60500,33470,10064,28,
14:34:16,60600,33521,10080,28,
14:34:16,60700,33554,10100,28,
14:34:17,60800,33614,10121,28,
14:34:17,60900,33672,10128,28,
14:34:18,61000,33743,10142,28,
14:34:18,61100,33789,10159,28,
14:34:19,61200,33850,10170,28,
14:34:19,61300,33908,10188,28,
14:34:20,61400,33965,10197,28,
14:34:20,61500,34029,10210,28,
14:34:21,61600,34069,10226,28,
14:34:21,61700,34138,10245,28,
14:34:22,61800,34194,10264,28,
14:34:22,61900,34242,10278,28,
14:34:23,62000,34297,10306,28,
14:34:23,62100,34351,10316,28,
14:34:24,62200,34404,10336,30,
14:34:24,62300,34450,10356,30,
14:34:25,62400,34511,10372,30,
14:34:25,62500,34552,10392,30,
14:34:25,62600,34612,10417,30,
14:34:26,62700,34673,10431,30,
14:34:26,62800,34724,10449,30,
14:34:27,62900,34784,10470,30,
14:34:27,63000,34819,10484,30,
14:34:28,63100,34881,10508,30,
14:34:28,63200,34932,10526,30,
14:34:29,63300,34991,10541,30,
14:34:29,63400,35045,10558,30,
14:34:30,63500,35095,10576,30,
14:34:30,63600,35156,10588,30,
14:34:30,63700,35196,10601,30,
14:34:31,63800,35266,10621,30,
14:34:31,63900,35321,10643,30,
14:34:32,64000,35377,10662,30,
14:34:32,64100,35436,10682,30,
14:34:33,64200,35487,10699,30,
14:34:33,64300,35546,10717,30,
14:34:33,64400,35589,10730,30,
14:34:34,64500,35647,10750,30,
14:34:34,64600,35689,10767,30,
14:34:35,64700,35746,10784,30,
14:34:35,64800,35795,10807,30,
14:34:35,64900,35841,10825,30,
14:34:36,65000,35902,10842,30,
14:34:36,65100,35943,10854,30,
14:34:36,65200,36002,10866,30,
14:34:37,65300,36051,10878,30,
14:34:37,65400,36101,10900,30,
14:34:38,65500,36154,10926,30,
14:34:38,65600,36203,10940,30,
14:34:38,65700,36256,10956,32,
14:34:39,65800,36296,10966,32,
14:34:39,65900,36352,10985,34,
14:34:39,66000,36400,10997,34,
14:34:40,66100,36457,11014,34,
14:34:40,66200,36518,11038,34,
14:34:41,66300,36572,11055,34,
14:34:42,66400,36636,11071,34,
14:34:42,66500,36681,11086,34,
14:34:42,66600,36741,11098,34,
14:34:43,66700,36804,11110,34,
14:34:43,66800,36849,11131,34,
14:34:43,66900,36894,11147,34,
14:34:44,67000,36937,11156,34,
14:34:44,67100,36998,11173,34,
14:34:44,67200,37056,11186,34,
14:34:45,67300,37114,11203,34,
14:34:45,67400,37163,11216,34,
14:34:46,67500,37221,11233,34,
14:34:46,67600,37280,11251,34,
14:34:46,67700,37331,11261,34,
14:34:47,67800,37385,11281,34,
14:34:47,67900,37431,11295,34,
14:34:48,68000,37491,11317,34,
14:34:48,68100,37550,11329,34,
14:34:48,68200,37604,11348,34,
14:34:49,68300,37661,11358,34,
14:34:49,68400,37709,11374,34,
14:34:50,68500,37769,11390,34,
14:34:50,68600,37825,11405,34,
14:34:50,68700,37880,11421,34,
14:34:51,68800,37926,11439,34,
14:34:51,68900,37972,11456,34,
14:34:51,69000,38019,11483,34,
14:34:52,69100,38074,11494,34,
14:34:52,69200,38141,11507,34,
14:34:53,69300,38189,11523,34,
14:34:53,69400,38252,11543,34,
14:34:54,69500,38303,11563,34,
14:34:54,69600,38355,11576,34,
14:34:54,69700,38406,11592,34,
14:34:55,69800,38441,11608,34,
14:34:55,69900,38501,11628,34,
14:34:56,70000,38556,11645,34,
14:34:56,70100,38617,11665,36,
14:34:57,70200,38680,11676,36,
14:34:57,70300,38731,11695,36,
14:34:57,70400,38785,11714,36,
14:34:58,70500,38843,11727,36,
14:34:58,70600,38898,11746,36,
14:34:59,70700,38939,11758,36,
14:34:59,70800,39008,11778,36,
14:35:0,70900,39060,11796,36,
14:35:0,71000,39130,11817,36,
14:35:1,71100,39186,11840,36,
14:35:1,71200,39242,11853,36,
14:35:1,71300,39301,11869,36,
14:35:2,71400,39342,11886,36,
14:35:2,71500,39403,11902,36,
14:35:3,71600,39460,11921,36,
14:35:4,71700,39512,11945,36,
14:35:4,71800,39579,11963,36,
14:35:4,71900,39625,11977,36,
14:35:5,72000,39671,11995,36,
14:35:5,72100,39719,12010,36,
14:35:6,72200,39773,12036,36,
14:35:6,72300,39827,12048,36,
14:35:6,72400,39881,12059,36,
14:35:7,72500,39929,12077,36,
14:35:7,72600,39978,12095,36,
14:35:7,72700,40041,12107,36,
14:35:8,72800,40093,12125,36,
14:35:8,72900,40153,12152,36,
14:35:9,73000,40219,12168,36,
14:35:9,73100,40276,12186,36,
14:35:10,73200,40335,12200,36,
14:35:10,73300,40388,12213,36,
14:35:11,73400,40451,12230,36,
14:35:11,73500,40504,12246,36,
14:35:11,73600,40563,12259,36,
14:35:12,73700,40612,12272,36,
14:35:12,73800,40669,12286,36,
14:35:13,73900,40738,12311,36,
14:35:13,74000,40788,12325,36,
14:35:14,74100,40829,12339,36,
14:35:14,74200,40882,12353,36,
14:35:14,74300,40934,12380,36,
14:35:15,74400,40989,12396,36,
14:35:15,74500,41046,12422,36,
14:35:15,74600,41093,12437,36,
14:35:16,74700,41138,12451,36,
14:35:16,74800,41198,12469,36,
14:35:17,74900,41251,12485,36,
14:35:17,75000,41305,12502,36,
14:35:18,75100,41351,12520,36,
14:35:18,75200,41411,12543,36,
14:35:18,75300,41465,12565,36,
14:35:19,75400,41516,12576,36,
14:35:19,75500,41578,12592,36,
14:35:20,75600,41628,12605,36,
14:35:20,75700,41693,12622,36,
14:35:21,75800,41748,12635,36,
14:35:21,75900,41802,12654,36,
14:35:22,76000,41859,12679,38,
14:35:22,76100,41920,12689,38,
14:35:23,76200,41993,12707,38,
14:35:23,76300,42043,12719,38,
14:35:24,76400,42106,12743,38,
14:35:24,76500,42157,12761,38,
14:35:25,76600,42214,12780,38,
14:35:26,76700,42283,12801,38,
14:35:26,76800,42340,12817,38,
14:35:26,76900,42391,12839,38,
14:35:27,77000,42449,12849,38,
14:35:28,77100,42523,12872,38,
14:35:28,77200,42579,12886,38,
14:35:29,77300,42640,12905,38,
14:35:30,77400,42708,12920,38,
14:35:30,77500,42762,12936,38,
14:35:31,77600,42831,12953,38,
14:35:31,77700,42888,12967,38,
14:35:32,77800,42939,12985,38,
14:35:32,77900,43002,12994,38,
14:35:32,78000,43057,13012,38,
14:35:33,78100,43104,13035,38,
14:35:33,78200,43147,13059,38,
14:35:34,78300,43196,13081,38,
14:35:34,78400,43241,13101,38,
14:35:35,78500,43300,13122,38,
14:35:35,78600,43351,13146,38,
14:35:35,78700,43407,13164,38,
14:35:36,78800,43462,13181,38,
14:35:36,78900,43507,13196,38,
14:35:37,79000,43565,13212,38,
14:35:37,79100,43613,13222,38,
14:35:38,79200,43685,13234,38,
14:35:38,79300,43732,13246,38,
14:35:38,79400,43794,13256,38,
14:35:39,79500,43842,13276,38,
14:35:39,79600,43897,13292,38,
14:35:40,79700,43969,13309,38,
14:35:41,79800,44031,13320,38,
14:35:41,79900,44098,13330,38,
14:35:42,80000,44151,13348,38,
14:35:42,80100,44210,13364,38,
14:35:42,80200,44254,13385,38,
14:35:43,80300,44311,13394,38,
14:35:43,80400,44366,13406,38,
14:35:43,80500,44417,13415,38,
14:35:44,80600,44476,13435,38,
14:35:44,80700,44525,13444,38,
14:35:44,80800,44579,13455,38,
14:35:45,80900,44630,13482,38,
14:35:45,81000,44675,13496,38,
14:35:46,81100,44741,13509,38,
14:35:46,81200,44785,13528,38,
14:35:47,81300,44846,13548,38,
14:35:47,81400,44901,13561,38,
14:35:47,81500,44962,13572,38,
14:35:48,81600,45011,13591,38,
14:35:48,81700,45061,13608,38,
14:35:49,81800,45131,13630,38,
14:35:49,81900,45176,13642,38,
14:35:50,82000,45236,13656,40,
14:35:50,82100,45286,13667,40,
14:35:50,82200,45338,13684,40,
14:35:51,82300,45387,13695,40,
14:35:51,82400,45433,13713,40,
14:35:51,82500,45492,13728,40,
14:35:52,82600,45528,13738,40,
14:35:52,82700,45593,13755,40,
14:35:53,82800,45656,13771,40,
14:35:53,82900,45714,13788,40,
14:35:54,83000,45772,13812,40,
14:35:54,83100,45831,13835,40,
14:35:55,83200,45895,13855,40,
14:35:55,83300,45940,13874,40,
14:35:56,83400,45999,13889,40,
14:35:56,83500,46053,13911,40,
14:35:57,83600,46106,13928,40,
14:35:57,83700,46161,13945,40,
14:35:58,83800,46213,13960,40,
14:35:58,83900,46281,13979,40,
14:35:59,84000,46340,13995,40,
14:35:59,84100,46397,14012,40,
14:36:0,84200,46454,14030,40,
14:36:0,84300,46510,14048,40,
14:36:1,84400,46574,14063,40,
14:36:1,84500,46626,14076,40,
14:36:2,84600,46692,14093,40,
14:36:2,84700,46756,14106,40,
14:36:3,84800,46821,14122,40,
14:36:3,84900,46872,14143,40,
14:36:3,85000,46925,14156,40,
14:36:4,85100,46977,14177,40,
14:36:4,85200,47035,14190,40,
14:36:4,85300,47083,14210,40,
14:36:5,85400,47116,14226,40,
14:36:5,85500,47188,14240,40,
14:36:5,85600,47233,14256,40,
14:36:6,85700,47286,14271,40,
14:36:6,85800,47332,14283,40,
14:36:7,85900,47388,14297,40,
14:36:7,86000,47449,14310,40,
14:36:8,86100,47501,14332,40,
14:36:8,86200,47568,14349,40,
14:36:9,86300,47632,14365,40,
14:36:9,86400,47677,14380,40,
14:36:9,86500,47724,14401,40,
14:36:10,86600,47776,14414,40,
14:36:10,86700,47838,14428,40,
14:36:10,86800,47880,14436,42,
14:36:11,86900,47940,14459,42,
14:36:11,87000,47990,14477,42,
14:36:12,87100,48051,14486,42,
14:36:12,87200,48102,14510,42,
14:36:13,87300,48154,14523,42,
14:36:14,87400,48226,14545,42,
14:36:14,87500,48277,14565,42,
14:36:15,87600,48353,14587,42,
14:36:15,87700,48419,14598,42,
14:36:16,87800,48484,14609,42,
14:36:16,87900,48532,14627,42,
14:36:17,88000,48583,14640,42,
14:36:17,88100,48645,14659,42,
14:36:18,88200,48698,14670,42,
14:36:18,88300,48772,14684,42,
14:36:19,88400,48819,14695,42,
14:36:19,88500,48872,14708,42,
14:36:19,88600,48936,14726,42,
14:36:20,88700,48994,14737,42,
14:36:20,88800,49064,14756,42,
14:36:21,88900,49108,14770,42,
14:36:21,89000,49174,14793,42,
14:36:22,89100,49227,14804,42,
14:36:22,89200,49266,14828,42,
14:36:23,89300,49323,14847,42,
14:36:23,89400,49374,14863,42,
14:36:23,89500,49431,14884,42,
14:36:24,89600,49478,14894,42,
14:36:24,89700,49540,14910,42,
14:36:25,89800,49591,14926,42,
14:36:25,89900,49649,14949,42,
14:36:26,90000,49706,14970,42,
14:36:26,90100,49754,14986,42,
14:36:27,90200,49813,15018,42,
14:36:27,90300,49853,15033,42,
14:36:27,90400,49906,15052,42,
14:36:28,90500,49973,15059,42,
14:36:28,90600,50021,15077,42,
14:36:29,90700,50080,15090,42,
14:36:29,90800,50126,15104,42,
14:36:29,90900,50185,15125,42,
14:36:30,91000,50231,15139,42,
14:36:30,91100,50294,15151,42,
14:36:30,91200,50341,15161,42,
14:36:31,91300,50400,15178,42,
14:36:31,91400,50444,15194,42,
14:36:31,91500,50492,15205,42,
14:36:32,91600,50546,15217,42,
14:36:32,91700,50599,15229,42,
14:36:33,91800,50662,15246,42,
14:36:33,91900,50710,15258,44,
14:36:33,92000,50768,15273,44,
14:36:34,92100,50817,15297,44,
14:36:34,92200,50865,15314,44,
14:36:35,92300,50906,15328,44,
14:36:35,92400,50949,15342,44,
14:36:35,92500,51011,15361,44,
14:36:35,92600,51055,15380,44,
14:36:36,92700,51113,15396,44,
14:36:36,92800,51172,15406,44,
14:36:37,92900,51229,15418,44,
14:36:37,93000,51280,15442,44,
14:36:38,93100,51334,15456,44,
14:36:38,93200,51392,15478,44,
14:36:38,93300,51446,15493,44,
14:36:39,93400,51510,15503,44,
14:36:39,93500,51561,15521,44,
14:36:39,93600,51616,15530,44,
14:36:40,93700,51688,15548,44,
14:36:40,93800,51738,15563,44,
14:36:41,93900,51805,15585,44,
14:36:41,94000,51862,15599,44,
14:36:41,94100,51919,15617,44,
14:36:42,94200,51972,15635,44,
14:36:42,94300,52028,15654,44,
14:36:43,94400,52081,15678,44,
14:36:43,94500,52128,15697,44,
14:36:43,94600,52176,15711,44,
14:36:44,94700,52226,15730,44,
14:36:44,94800,52276,15750,44,
14:36:45,94900,52324,15765,44,
14:36:45,95000,52373,15781,44,
14:36:46,95100,52435,15796,44,
14:36:46,95200,52480,15811,44,
14:36:46,95300,52543,15831,44,
14:36:47,95400,52593,15850,44,
14:36:47,95500,52647,15866,44,
14:36:47,95600,52686,15879,44,
14:36:48,95700,52745,15888,44,
14:36:48,95800,52792,15906,44,
14:36:49,95900,52835,15920,44,
14:36:49,96000,52905,15937,44,
14:36:50,96100,52975,15957,44,
14:36:50,96200,53031,15976,44,
14:36:51,96300,53073,15990,44,
14:36:51,96400,53122,16009,44,
14:36:52,96500,53187,16027,44,
14:36:52,96600,53234,16046,44,
14:36:52,96700,53301,16057,44,
14:36:53,96800,53354,16072,44,
14:36:53,96900,53411,16085,44,
14:36:54,97000,53480,16094,44,
14:36:54,97100,53533,16118,44,
14:36:55,97200,53593,16137,44,
14:36:55,97300,53640,16157,44,
14:36:56,97400,53707,16177,44,
14:36:56,97500,53763,16194,44,
14:36:57,97600,53831,16214,44,
14:36:58,97700,53892,16228,44,
14:36:58,97800,53946,16241,44,
14:36:58,97900,53996,16260,44,
14:36:59,98000,54047,16275,44,
14:37:0,98100,54111,16298,44,
14:37:0,98200,54178,16316,44,
14:37:1,98300,54228,16335,44,
14:37:1,98400,54284,16352,44,
14:37:2,98500,54336,16367,44,
14:37:2,98600,54395,16384,44,
14:37:3,98700,54437,16401,44,
14:37:3,98800,54495,16418,44,
14:37:4,98900,54561,16437,44,
14:37:4,99000,54626,16449,44,
14:37:5,99100,54673,16464,44,
14:37:5,99200,54732,16478,44,
14:37:6,99300,54783,16500,44,
14:37:6,99400,54834,16514,44,
14:37:7,99500,54904,16527,44,
14:37:7,99600,54969,16543,44,
14:37:7,99700,55021,16561,44,
14:37:8,99800,55066,16583,44,
14:37:8,99900,55109,16603,44,
14:37:9,100000,55168,16616,44,
14:37:9,100100,55207,16628,44,
14:37:9,100200,55266,16650,44,
14:37:10,100300,55317,16664,44,
14:37:10,100400,55379,16679,44,
14:37:11,100500,55428,16698,44,
14:37:11,100600,55480,16713,44,
14:37:12,100700,55534,16738,44,
14:37:12,100800,55590,16751,44,
14:37:12,100900,55656,16771,44,
14:37:13,101000,55722,16782,44,
14:37:13,101100,55764,16796,44,
14:37:14,101200,55822,16811,44,
14:37:14,101300,55885,16827,44,
14:37:15,101400,55950,16845,44,
14:37:15,101500,55999,16869,44,
14:37:16,101600,56061,16891,44,
14:37:16,101700,56119,16911,44,
14:37:17,101800,56173,16926,44,
14:37:17,101900,56239,16943,44,
14:37:18,102000,56294,16960,44,
14:37:18,102100,56345,16983,44,
14:37:19,102200,56390,17001,44,
14:37:19,102300,56456,17013,44,
14:37:19,102400,56510,17026,44,
14:37:20,102500,56566,17041,44,
14:37:20,102600,56627,17059,44,
14:37:21,102700,56682,17077,44,
14:37:21,102800,56752,17094,44,
14:37:22,102900,56813,17108,44,
14:37:23,103000,56881,17127,44,
14:37:23,103100,56939,17147,44,
14:37:24,103200,57004,17160,44,
14:37:24,103300,57048,17179,44,
14:37:24,103400,57089,17195,44,
14:37:25,103500,57148,17213,44,
14:37:25,103600,57190,17228,44,
14:37:26,103700,57248,17242,44,
14:37:26,103800,57290,17256,44,
14:37:27,103900,57344,17276,44,
14:37:27,104000,57400,17293,44,
14:37:27,104100,57447,17306,44,
14:37:27,104200,57487,17327,44,
14:37:28,104300,57531,17338,44,
14:37:28,104400,57592,17359,44,
14:37:29,104500,57652,17366,44,
14:37:30,104600,57715,17384,44,
14:37:30,104700,57782,17397,44,
14:37:31,104800,57837,17412,46,
14:37:31,104900,57900,17429,46,
14:37:32,105000,57952,17436,46,
14:37:32,105100,58017,17457,46,
14:37:32,105200,58056,17477,46,
14:37:33,105300,58110,17493,46,
14:37:33,105400,58161,17510,46,
14:37:34,105500,58212,17520,46,
14:37:34,105600,58271,17546,46,
14:37:34,105700,58322,17559,46,
14:37:35,105800,58391,17576,46,
14:37:36,105900,58454,17597,46,
14:37:36,106000,58508,17615,46,
14:37:36,106100,58567,17639,46,
14:37:37,106200,58610,17651,46,
14:37:37,106300,58666,17671,46,
14:37:38,106400,58718,17684,46,
14:37:38,106500,58783,17701,46,
14:37:39,106600,58838,17713,46,
14:37:40,106700,58912,17726,46,
14:37:40,106800,58993,17736,46,
14:37:40,106900,59033,17753,46,
14:37:41,107000,59092,17776,46,
14:37:41,107100,59136,17791,46,
14:37:42,107200,59179,17808,46,
14:37:42,107300,59231,17824,46,
14:37:42,107400,59285,17841,46,
14:37:43,107500,59348,17857,46,
14:37:43,107600,59401,17872,46,
14:37:44,107700,59458,17886,46,
14:37:44,107800,59500,17900,46,
14:37:44,107900,59562,17911,46,
14:37:45,108000,59620,17927,46,
14:37:45,108100,59672,17938,46,
14:37:46,108200,59723,17958,46,
14:37:46,108300,59778,17984,46,
14:37:47,108400,59837,18001,46,
14:37:47,108500,59886,18017,46,
14:37:48,108600,59954,18042,46,
14:37:48,108700,60005,18053,46,
14:37:49,108800,60052,18071,46,
14:37:49,108900,60110,18090,46,
14:37:50,109000,60163,18108,46,
14:37:50,109100,60229,18125,46,
14:37:50,109200,60276,18141,46,
14:37:51,109300,60333,18162,46,
14:37:51,109400,60382,18170,46,
14:37:52,109500,60434,18184,46,
14:37:52,109600,60481,18197,46,
14:37:52,109700,60529,18211,46,
14:37:53,109800,60591,18225,46,
14:37:53,109900,60632,18232,46,
14:37:53,110000,60698,18249,46,
14:37:54,110100,60748,18264,46,
14:37:54,110200,60809,18276,46,
14:37:54,110300,60866,18291,46,
14:37:55,110400,60916,18310,48,
14:37:55,110500,60965,18332,48,
14:37:56,110600,61008,18349,48,
14:37:56,110700,61068,18369,48,
14:37:57,110800,61123,18385,50,
14:37:57,110900,61185,18401,50,
14:37:58,111000,61237,18414,50,
14:37:58,111100,61285,18427,50,
14:37:58,111200,61338,18436,50,
14:37:59,111300,61383,18454,50,
14:37:59,111400,61449,18469,50,
14:38:0,111500,61496,18482,50,
14:38:0,111600,61558,18506,50,
14:38:1,111700,61604,18523,50,
14:38:1,111800,61657,18531,50,
14:38:1,111900,61711,18548,50,
14:38:2,112000,61764,18557,50,
14:38:2,112100,61820,18572,50,
14:38:2,112200,61879,18586,50,
14:38:3,112300,61936,18596,50,
14:38:3,112400,61995,18614,50,
14:38:4,112500,62048,18629,50,
14:38:4,112600,62111,18653,50,
14:38:5,112700,62159,18670,50,
14:38:5,112800,62221,18689,50,
14:38:6,112900,62280,18704,50,
14:38:6,113000,62329,18722,50,
14:38:6,113100,62379,18739,50,
14:38:7,113200,62430,18754,50,
14:38:8,113300,62493,18770,50,
14:38:8,113400,62550,18790,50,
14:38:9,113500,62612,18810,50,
14:38:9,113600,62667,18828,50,
14:38:10,113700,62725,18846,50,
14:38:10,113800,62785,18858,50,
14:38:10,113900,62830,18872,50,
14:38:11,114000,62888,18888,50,
14:38:11,114100,62939,18901,50,
14:38:12,114200,63008,18918,50,
14:38:12,114300,63059,18931,50,
14:38:13,114400,63115,18956,50,
14:38:14,114500,63164,18966,50,
14:38:14,114600,63210,18977,50,
14:38:15,114700,63270,18988,50,
14:38:15,114800,63317,18996,50,
14:38:15,114900,63385,19007,52,
14:38:16,115000,63444,19021,52,
14:38:16,115100,63513,19031,52,
14:38:17,115200,63566,19051,52,
14:38:17,115300,63614,19069,52,
14:38:18,115400,63673,19084,52,
14:38:18,115500,63713,19105,52,
14:38:19,115600,63783,19120,52,
14:38:19,115700,63835,19141,52,
14:38:20,115800,63889,19154,52,
14:38:20,115900,63938,19175,52,
14:38:20,116000,63986,19190,52,
14:38:21,116100,64053,19212,52,
14:38:21,116200,64088,19232,52,
14:38:22,116300,64152,19250,52,
14:38:22,116400,64208,19260,52,
14:38:22,116500,64258,19278,52,
14:38:23,116600,64313,19299,52,
14:38:23,116700,64359,19313,52,
14:38:24,116800,64417,19329,52,
14:38:24,116900,64459,19348,52,
14:38:25,117000,64519,19359,52,
14:38:26,117100,64574,19375,52,
14:38:26,117200,64643,19390,54,
14:38:27,117300,64701,19416,54,
14:38:28,117400,64757,19430,54,
14:38:28,117500,64808,19449,54,
14:38:28,117600,64840,19464,54,
14:38:29,117700,64900,19485,54,
14:38:29,117800,64945,19504,54,
14:38:30,117900,64994,19524,54,
14:38:30,118000,65043,19543,54,
14:38:30,118100,65094,19562,54,
14:38:31,118200,65150,19578,54,
14:38:31,118300,65192,19594,54,
14:38:32,118400,65269,19611,54,
14:38:32,118500,65315,19622,54,
14:38:33,118600,65368,19637,54,
14:38:33,118700,65413,19649,54,
14:38:34,118800,65471,19660,54,
14:38:34,118900,65534,19673,54,
14:38:35,119000,65592,19688,54,
14:38:35,119100,65665,19711,54,
14:38:36,119200,65714,19722,54,
14:38:36,119300,65777,19736,54,
14:38:37,119400,65828,19753,54,
14:38:37,119500,65877,19776,54,
14:38:38,119600,65934,19800,54,
14:38:39,119700,65983,19818,56,
14:38:39,119800,66043,19832,56,
14:38:40,119900,66105,19850,56,
14:38:40,120000,66166,19860,56,
14:38:41,120100,66217,19884,56,
14:38:42,120200,66275,19898,56,
14:38:42,120300,66327,19915,56,
14:38:43,120400,66383,19930,56,
14:38:43,120500,66441,19951,56,
14:38:44,120600,66491,19964,56,
14:38:44,120700,66557,19977,56,
14:38:44,120800,66598,19992,56,
14:38:45,120900,66656,20008,56,
14:38:45,121000,66701,20031,56,
14:38:45,121100,66736,20043,56,
14:38:46,121200,66803,20054,56,
14:38:46,121300,66852,20067,56,
14:38:47,121400,66891,20092,56,
14:38:47,121500,66927,20107,56,
14:38:47,121600,66972,20125,56,
14:38:48,121700,67036,20147,56,
14:38:48,121800,67080,20166,56,
14:38:48,121900,67146,20178,56,
14:38:49,122000,67198,20191,56,
14:38:49,122100,67257,20208,56,
14:38:50,122200,67316,20225,56,
14:38:50,122300,67360,20238,56,
14:38:51,122400,67421,20252,56,
14:38:51,122500,67470,20263,56,
14:38:52,122600,67537,20277,56,
14:38:52,122700,67584,20290,56,
14:38:52,122800,67635,20304,56,
14:38:53,122900,67683,20317,56,
14:38:53,123000,67737,20335,56,
14:38:54,123100,67797,20352,56,
14:38:54,123200,67842,20368,56,
14:38:55,123300,67909,20391,56,
14:38:55,123400,67962,20408,56,
14:38:56,123500,68014,20422,56,
14:38:56,123600,68080,20438,56,
14:38:57,123700,68133,20448,56,
14:38:57,123800,68190,20466,56,
14:38:57,123900,68238,20475,56,
14:38:58,124000,68307,20494,56,
14:38:59,124100,68357,20520,56,
14:38:59,124200,68418,20536,56,
14:39:0,124300,68485,20550,56,
14:39:0,124400,68542,20563,56,
14:39:1,124500,68603,20584,56,
14:39:2,124600,68655,20605,56,
14:39:3,124700,68718,20627,56,
14:39:3,124800,68781,20643,56,
14:39:4,124900,68834,20665,56,
14:39:4,125000,68900,20679,56,
14:39:4,125100,68944,20689,56,
14:39:5,125200,69009,20707,56,
14:39:5,125300,69054,20723,56,
14:39:6,125400,69113,20740,56,
14:39:6,125500,69172,20754,56,
14:39:7,125600,69231,20769,56,
14:39:7,125700,69278,20788,56,
14:39:8,125800,69327,20801,56,
14:39:8,125900,69381,20812,56,
14:39:8,126000,69431,20825,56,
14:39:9,126100,69479,20848,56,
14:39:9,126200,69544,20866,56,
14:39:10,126300,69591,20886,56,
14:39:10,126400,69650,20904,56,
14:39:11,126500,69705,20913,56,
14:39:11,126600,69757,20921,56,
14:39:11,126700,69793,20930,56,
14:39:12,126800,69851,20947,56,
14:39:12,126900,69914,20963,56,
14:39:13,127000,69972,20981,56,
14:39:13,127100,70026,21003,56,
14:39:13,127200,70065,21019,56,
14:39:14,127300,70130,21029,56,
14:39:14,127400,70184,21043,56,
14:39:15,127500,70243,21058,56,
14:39:15,127600,70298,21070,56,
14:39:16,127700,70357,21078,56,
14:39:16,127800,70408,21093,56,
14:39:16,127900,70466,21111,56,
14:39:17,128000,70527,21129,56,
14:39:17,128100,70572,21144,56,
14:39:18,128200,70630,21166,56,
14:39:18,128300,70683,21183,56,
14:39:19,128400,70749,21190,56,
14:39:20,128500,70819,21207,56,
14:39:20,128600,70875,21221,56,
14:39:21,128700,70936,21238,56,
14:39:21,128800,70992,21253,56,
14:39:22,128900,71060,21268,56,
14:39:22,129000,71117,21279,56,
14:39:23,129100,71179,21296,56,
14:39:24,129200,71245,21310,56,
14:39:24,129300,71297,21336,56,
14:39:25,129400,71360,21356,56,
14:39:25,129500,71407,21371,56,
14:39:26,129600,71460,21393,56,
14:39:26,129700,71529,21408,56,
14:39:27,129800,71576,21423,56,
14:39:27,129900,71628,21436,56,
14:39:27,130000,71668,21450,56,
14:39:28,130100,71725,21466,56,
14:39:28,130200,71780,21488,56,
14:39:29,130300,71844,21507,56,
14:39:29,130400,71905,21520,56,
14:39:30,130500,71965,21532,56,
14:39:31,130600,72027,21554,56,
14:39:31,130700,72086,21567,56,
14:39:32,130800,72152,21586,56,
14:39:33,130900,72196,21609,56,
14:39:33,131000,72253,21633,56,
14:39:34,131100,72301,21650,56,
14:39:34,131200,72360,21667,56,
14:39:34,131300,72404,21682,56,
14:39:35,131400,72443,21699,56,
14:39:35,131500,72499,21714,56,
14:39:36,131600,72544,21727,56,
14:39:36,131700,72610,21746,56,
14:39:37,131800,72664,21765,56,
14:39:38,131900,72733,21780,56,
14:39:38,132000,72789,21797,56,
14:39:39,132100,72844,21809,56,
14:39:39,132200,72892,21823,56,
14:39:40,132300,72940,21840,56,
14:39:40,132400,73008,21859,56,
14:39:41,132500,73081,21868,56,
14:39:41,132600,73138,21885,56,
14:39:41,132700,73185,21900,56,
14:39:42,132800,73231,21919,56,
14:39:42,132900,73280,21943,56,
14:39:43,133000,73327,21956,56,
14:39:43,133100,73387,21974,56,
14:39:44,133200,73447,21993,56,
14:39:44,133300,73489,22016,56,
14:39:44,133400,73536,22032,56,
14:39:45,133500,73587,22044,56,
14:39:45,133600,73643,22058,56,
14:39:46,133700,73683,22073,56,
14:39:46,133800,73741,22089,56,
14:39:47,133900,73784,22106,56,
14:39:47,134000,73841,22130,56,
14:39:47,134100,73892,22143,56,
14:39:48,134200,73931,22153,56,
14:39:48,134300,73989,22170,56,
14:39:48,134400,74033,22185,56,
14:39:49,134500,74090,22208,56,
14:39:49,134600,74141,22229,56,
14:39:50,134700,74191,22246,56,
14:39:50,134800,74240,22268,56,
14:39:51,134900,74279,22280,56,
14:39:51,135000,74340,22301,56,
14:39:52,135100,74389,22310,56,
14:39:52,135200,74454,22329,56,
14:39:52,135300,74503,22338,56,
14:39:53,135400,74562,22357,56,
14:39:54,135500,74622,22377,56,
14:39:54,135600,74662,22397,56,
14:39:54,135700,74712,22419,56,
14:39:55,135800,74755,22434,56,
14:39:56,135900,74821,22450,56,
14:39:56,136000,74868,22474,56,
14:39:56,136100,74910,22492,56,
14:39:57,136200,74972,22505,56,
14:39:58,136300,75032,22523,56,
14:39:58,136400,75082,22549,56,
14:39:59,136500,75132,22563,56,
14:39:59,136600,75191,22589,56,
14:40:0,136700,75240,22604,56,
14:40:0,136800,75300,22618,56,
14:40:1,136900,75363,22638,56,
14:40:2,137000,75414,22651,56,
14:40:2,137100,75480,22671,56,
14:40:3,137200,75527,22680,56,
14:40:3,137300,75594,22700,56,
14:40:4,137400,75654,22710,56,
14:40:4,137500,75707,22725,56,
14:40:5,137600,75771,22747,56,
14:40:6,137700,75822,22766,56,
14:40:6,137800,75884,22784,56,
14:40:7,137900,75928,22798,56,
14:40:7,138000,75986,22819,56,
14:40:7,138100,76034,22829,56,
14:40:8,138200,76092,22848,56,
14:40:8,138300,76149,22869,56,
14:40:9,138400,76203,22881,56,
14:40:9,138500,76261,22903,56,
14:40:10,138600,76304,22913,56,
14:40:10,138700,76358,22932,56,
14:40:11,138800,76414,22945,56,
14:40:11,138900,76462,22964,56,
14:40:11,139000,76516,22979,56,
14:40:12,139100,76567,22995,56,
14:40:12,139200,76630,23012,56,
14:40:13,139300,76672,23028,56,
14:40:13,139400,76726,23051,56,
14:40:14,139500,76789,23061,56,
14:40:14,139600,76836,23074,56,
14:40:15,139700,76896,23097,56,
14:40:15,139800,76942,23117,58,
14:40:16,139900,76997,23140,58,
14:40:16,140000,77057,23150,58,
14:40:17,140100,77112,23169,58,
14:40:17,140200,77164,23188,58,
14:40:18,140300,77217,23205,58,
14:40:18,140400,77274,23221,58,
14:40:19,140500,77329,23233,58,
14:40:19,140600,77382,23255,58,
14:40:20,140700,77428,23269,58,
14:40:20,140800,77495,23287,60,
14:40:21,140900,77551,23309,60,
14:40:21,141000,77604,23323,60,
14:40:22,141100,77665,23336,62,
14:40:22,141200,77720,23354,62,
14:40:23,141300,77780,23375,62,
14:40:23,141400,77832,23388,62,
14:40:24,141500,77901,23403,62,
14:40:24,141600,77943,23419,62,
14:40:25,141700,77993,23445,62,
14:40:25,141800,78044,23462,62,
14:40:26,141900,78097,23478,62,
14:40:26,142000,78160,23491,62,
14:40:27,142100,78204,23514,62,
14:40:27,142200,78275,23527,62,
14:40:27,142300,78312,23538,62,
14:40:28,142400,78362,23553,62,
14:40:28,142500,78411,23570,62,
14:40:29,142600,78466,23591,62,
14:40:29,142700,78521,23608,62,
14:40:30,142800,78575,23619,62,
14:40:30,142900,78633,23643,62,
14:40:31,143000,78688,23656,62,
14:40:31,143100,78748,23673,62,
14:40:32,143200,78805,23693,62,
14:40:32,143300,78850,23709,62,
14:40:33,143400,78905,23725,62,
14:40:33,143500,78943,23744,62,
14:40:34,143600,79003,23765,62,
14:40:34,143700,79065,23782,62,
14:40:35,143800,79121,23799,62,
14:40:35,143900,79179,23823,62,
14:40:36,144000,79235,23837,62,
14:40:36,144100,79294,23860,62,
14:40:37,144200,79342,23875,62,
14:40:38,144300,79401,23897,62,
14:40:38,144400,79468,23914,62,
14:40:39,144500,79525,23928,62,
14:40:39,144600,79582,23936,62,
14:40:40,144700,79634,23951,62,
14:40:40,144800,79700,23969,62,
14:40:41,144900,79745,23985,62,
14:40:41,145000,79814,24007,62,
14:40:42,145100,79861,24028,62,
14:40:42,145200,79911,24043,62,
14:40:42,145300,79965,24055,62,
14:40:43,145400,80007,24076,62,
14:40:43,145500,80073,24084,62,
14:40:44,145600,80121,24099,62,
14:40:45,145700,80175,24120,62,
14:40:45,145800,80235,24141,62,
14:40:46,145900,80277,24157,62,
14:40:46,146000,80334,24177,62,
14:40:47,146100,80386,24190,62,
14:40:47,146200,80439,24209,62,
14:40:48,146300,80494,24224,62,
14:40:48,146400,80563,24241,62,
14:40:49,146500,80618,24264,62,
14:40:50,146600,80688,24282,62,
14:40:50,146700,80743,24298,62,
14:40:51,146800,80794,24312,62,
14:40:51,146900,80850,24329,62,
14:40:52,147000,80899,24341,62,
14:40:52,147100,80960,24361,62,
14:40:53,147200,81011,24379,62,
14:40:53,147300,81057,24392,62,
14:40:53,147400,81109,24417,62,
14:40:54,147500,81155,24425,62,
14:40:54,147600,81215,24437,62,
14:40:55,147700,81268,24449,62,
14:40:55,147800,81329,24463,62,
14:40:56,147900,81371,24474,62,
14:40:56,148000,81430,24495,62,
14:40:57,148100,81484,24512,62,
14:40:57,148200,81541,24524,62,
14:40:58,148300,81604,24535,62,
14:40:58,148400,81647,24558,62,
14:40:59,148500,81720,24577,62,
14:40:59,148600,81768,24593,62,
14:41:0,148700,81820,24611,62,
14:41:0,148800,81863,24628,62,
14:41:1,148900,81923,24639,62,
14:41:1,149000,81986,24646,62,
14:41:2,149100,82031,24663,62,
14:41:3,149200,82098,24679,62,
14:41:3,149300,82152,24696,62,
14:41:3,149400,82215,24712,62,
14:41:4,149500,82262,24725,62,
14:41:4,149600,82315,24735,62,
14:41:5,149700,82372,24758,62,
14:41:5,149800,82409,24769,62,
14:41:5,149900,82469,24787,62,
14:41:6,150000,82516,24805,62,
14:41:6,150100,82577,24826,64,
14:41:7,150200,82641,24845,66,
14:41:8,150300,82690,24863,66,
14:41:8,150400,82751,24880,66,
14:41:8,150500,82797,24890,66,
14:41:9,150600,82865,24902,66,
14:41:9,150700,82921,24914,66,
14:41:10,150800,82988,24926,66,
14:41:10,150900,83042,24944,66,
14:41:11,151000,83085,24964,66,
14:41:11,151100,83150,24976,66,
14:41:12,151200,83208,24991,66,
14:41:12,151300,83272,25009,66,
14:41:13,151400,83327,25026,66,
14:41:13,151500,83373,25044,66,
14:41:14,151600,83431,25058,66,
14:41:14,151700,83481,25071,66,
14:41:15,151800,83542,25093,66,
14:41:15,151900,83595,25108,66,
14:41:16,152000,83656,25127,66,
14:41:16,152100,83705,25140,66,
14:41:17,152200,83769,25155,66,
14:41:17,152300,83828,25171,66,
14:41:18,152400,83880,25185,66,
14:41:18,152500,83941,25203,66,
14:41:19,152600,83994,25219,66,
14:41:19,152700,84052,25233,66,
14:41:19,152800,84088,25249,66,
14:41:20,152900,84137,25273,66,
14:41:20,153000,84194,25287,66,
14:41:21,153100,84249,25303,66,
14:41:22,153200,84313,25318,66,
14:41:22,153300,84364,25329,66,
14:41:22,153400,84422,25348,66,
14:41:23,153500,84470,25362,66,
14:41:23,153600,84518,25387,66,
14:41:24,153700,84561,25404,66,
14:41:24,153800,84611,25421,66,
14:41:25,153900,84671,25437,66,
14:41:26,154000,84724,25455,66,
14:41:26,154100,84790,25470,66,
14:41:26,154200,84843,25484,66,
14:41:27,154300,84890,25502,66,
14:41:27,154400,84950,25511,66,
14:41:28,154500,85002,25529,66,
14:41:28,154600,85058,25549,66,
14:41:29,154700,85104,25560,66,
14:41:29,154800,85173,25576,66,
14:41:30,154900,85226,25595,66,
14:41:30,155000,85281,25614,66,
14:41:31,155100,85334,25636,66,
14:41:31,155200,85369,25651,66,
14:41:32,155300,85436,25669,66,
14:41:32,155400,85493,25680,66,
14:41:33,155500,85559,25702,66,
14:41:34,155600,85611,25719,66,
14:41:34,155700,85677,25734,66,
14:41:35,155800,85720,25753,66,
14:41:35,155900,85776,25767,66,
14:41:36,156000,85842,25783,66,
14:41:36,156100,85882,25796,66,
14:41:36,156200,85938,25812,66,
14:41:37,156300,85993,25826,66,
14:41:38,156400,86052,25846,66,
14:41:38,156500,86115,25859,66,
14:41:39,156600,86172,25875,66,
14:41:39,156700,86228,25898,66,
14:41:40,156800,86268,25914,66,
14:41:40,156900,86326,25933,66,
14:41:40,157000,86363,25944,66,
14:41:41,157100,86414,25962,66,
14:41:41,157200,86465,25986,66,
14:41:42,157300,86520,26000,66,
14:41:42,157400,86591,26023,66,
14:41:43,157500,86639,26035,66,
14:41:43,157600,86699,26056,66,
14:41:44,157700,86746,26065,66,
14:41:45,157800,86811,26086,66,
14:41:45,157900,86867,26102,66,
14:41:45,158000,86923,26112,66,
14:41:46,158100,86984,26129,66,
14:41:46,158200,87024,26141,66,
14:41:47,158300,87076,26167,66,
14:41:47,158400,87131,26179,66,
14:41:48,158500,87190,26198,66,
14:41:48,158600,87251,26214,66,
14:41:49,158700,87302,26226,66,
14:41:49,158800,87351,26255,66,
14:41:50,158900,87402,26275,66,
14:41:50,159000,87465,26295,66,
14:41:51,159100,87516,26315,66,
14:41:52,159200,87580,26326,66,
14:41:52,159300,87638,26341,66,
14:41:53,159400,87688,26349,66,
14:41:54,159500,87747,26373,66,
14:41:54,159600,87806,26391,66,
14:41:55,159700,87873,26413,66,
14:41:55,159800,87926,26430,66,
14:41:56,159900,87978,26448,66,
14:41:57,160000,88039,26460,66,
14:41:57,160100,88090,26474,66,
14:41:58,160200,88147,26492,66,
14:41:58,160300,88199,26509,66,
14:41:59,160400,88268,26521,66,
14:41:59,160500,88311,26537,66,
14:41:59,160600,88356,26555,66,
14:42:0,160700,88407,26566,66,
14:42:0,160800,88452,26582,66,
14:42:1,160900,88518,26602,66,
14:42:2,161000,88565,26621,66,
14:42:3,161100,88641,26643,66,
14:42:3,161200,88704,26658,68,
14:42:4,161300,88761,26677,68,
14:42:4,161400,88810,26696,68,
14:42:5,161500,88860,26711,68,
14:42:5,161600,88918,26739,68,
14:42:6,161700,88957,26754,68,
14:42:6,161800,89024,26775,68,
14:42:7,161900,89078,26791,68,
14:42:7,162000,89136,26806,68,
14:42:8,162100,89188,26824,68,
14:42:8,162200,89235,26835,68,
14:42:9,162300,89284,26850,68,
14:42:9,162400,89327,26863,68,
14:42:10,162500,89393,26879,68,
14:42:10,162600,89453,26899,68,
14:42:11,162700,89493,26920,68,
14:42:11,162800,89551,26931,68,
14:42:12,162900,89597,26944,68,
14:42:12,163000,89662,26964,68,
14:42:13,163100,89709,26979,70,
14:42:14,163200,89773,26994,70,
14:42:15,163300,89835,27013,70,
14:42:15,163400,89898,27031,70,
14:42:15,163500,89946,27041,70,
14:42:16,163600,89995,27058,70,
14:42:17,163700,90056,27075,70,
14:42:17,163800,90112,27093,70,
14:42:18,163900,90181,27111,70,
14:42:19,164000,90243,27123,70,
14:42:19,164100,90296,27144,70,
14:42:20,164200,90342,27161,70,
14:42:20,164300,90395,27176,70,
14:42:20,164400,90444,27196,70,
14:42:21,164500,90478,27211,70,
14:42:22,164600,90540,27226,70,
14:42:22,164700,90603,27239,70,
14:42:23,164800,90659,27260,70,
14:42:24,164900,90726,27276,72,
14:42:25,165000,90776,27297,72,
14:42:26,165100,90844,27322,72,
14:42:26,165200,90895,27337,72,
14:42:27,165300,90957,27352,72,
14:42:27,165400,91008,27368,72,
14:42:28,165500,91067,27385,72,
14:42:29,165600,91113,27401,72,
14:42:29,165700,91159,27418,72,
14:42:29,165800,91216,27440,72,
14:42:30,165900,91256,27458,72,
14:42:30,166000,91318,27468,72,
14:42:31,166100,91368,27487,72,
14:42:31,166200,91420,27503,72,
14:42:32,166300,91478,27522,72,
14:42:32,166400,91530,27536,72,
14:42:33,166500,91598,27556,72,
14:42:33,166600,91642,27579,72,
14:42:34,166700,91713,27601,72,
14:42:35,166800,91774,27618,72,
14:42:35,166900,91833,27637,72,
14:42:36,167000,91882,27661,72,
14:42:36,167100,91918,27686,72,
14:42:37,167200,91974,27699,72,
14:42:38,167300,92029,27719,72,
14:42:38,167400,92088,27746,72,
14:42:39,167500,92139,27759,72,
14:42:40,167600,92201,27772,72,
14:42:40,167700,92248,27790,72,
14:42:41,167800,92304,27807,72,
14:42:41,167900,92358,27834,72,
14:42:42,168000,92412,27847,72,
14:42:42,168100,92474,27868,72,
14:42:43,168200,92541,27883,72,
14:42:43,168300,92591,27901,72,
14:42:44,168400,92644,27918,72,
14:42:45,168500,92696,27938,72,
14:42:45,168600,92764,27954,72,
14:42:45,168700,92801,27962,72,
14:42:46,168800,92857,27976,72,
14:42:46,168900,92903,27986,72,
14:42:47,169000,92955,27997,72,
14:42:47,169100,93000,28011,72,
14:42:48,169200,93045,28033,72,
14:42:49,169300,93116,28055,72,
14:42:49,169400,93170,28073,72,
14:42:50,169500,93236,28091,72,
14:42:51,169600,93283,28104,72,
14:42:51,169700,93334,28122,72,
14:42:52,169800,93399,28142,72,
14:42:53,169900,93456,28158,72,
14:42:53,170000,93516,28176,72,
14:42:54,170100,93570,28186,72,
14:42:55,170200,93643,28203,72,
14:42:55,170300,93699,28214,72,
14:42:56,170400,93750,28230,72,
14:42:56,170500,93811,28249,72,
14:42:57,170600,93869,28261,72,
14:42:58,170700,93926,28284,72,
14:42:58,170800,93984,28299,72,
14:42:59,170900,94049,28320,72,
14:42:59,171000,94098,28326,72,
14:43:0,171100,94149,28344,72,
14:43:0,171200,94187,28365,72,
14:43:0,171300,94224,28388,72,
14:43:1,171400,94280,28408,72,
14:43:1,171500,94338,28418,72,
14:43:2,171600,94402,28439,72,
14:43:2,171700,94468,28449,74,
14:43:3,171800,94522,28473,74,
14:43:4,171900,94584,28493,74,
14:43:5,172000,94641,28507,74,
14:43:5,172100,94710,28526,74,
14:43:6,172200,94750,28542,74,
14:43:6,172300,94813,28557,74,
14:43:7,172400,94865,28573,74,
14:43:7,172500,94914,28589,74,
14:43:8,172600,94958,28609,74,
14:43:8,172700,95014,28628,74,
14:43:9,172800,95067,28648,74,
14:43:9,172900,95110,28660,74,
14:43:10,173000,95179,28677,74,
14:43:10,173100,95222,28692,74,
14:43:11,173200,95269,28705,74,
14:43:11,173300,95322,28721,74,
14:43:11,173400,95373,28740,74,
14:43:12,173500,95440,28752,74,
14:43:13,173600,95504,28767,74,
14:43:14,173700,95576,28785,74,
14:43:14,173800,95634,28804,74,
14:43:15,173900,95682,28826,74,
14:43:15,174000,95746,28839,74,
14:43:16,174100,95790,28855,74,
14:43:16,174200,95858,28868,74,
14:43:17,174300,95889,28890,74,
14:43:17,174400,95947,28904,74,
14:43:18,174500,95997,28928,74,
14:43:18,174600,96054,28942,74,
14:43:19,174700,96105,28961,74,
14:43:19,174800,96156,28982,74,
14:43:20,174900,96212,28993,74,
14:43:20,175000,96261,29001,74,
14:43:21,175100,96316,29013,74,
14:43:21,175200,96356,29029,74,
14:43:22,175300,96414,29050,74,
14:43:22,175400,96469,29068,74,
14:43:23,175500,96526,29082,74,
14:43:23,175600,96589,29097,74,
14:43:24,175700,96635,29112,74,
14:43:24,175800,96696,29132,74,
14:43:25,175900,96745,29152,74,
14:43:25,176000,96793,29168,74,
14:43:26,176100,96848,29189,74,
14:43:27,176200,96902,29214,74,
14:43:27,176300,96965,29232,74,
14:43:28,176400,97016,29246,74,
14:43:29,176500,97091,29256,74,
14:43:29,176600,97150,29273,74,
14:43:30,176700,97216,29288,74,
14:43:30,176800,97263,29300,74,
14:43:31,176900,97306,29312,74,
14:43:31,177000,97363,29332,74,
14:43:32,177100,97418,29349,74,
14:43:32,177200,97482,29360,74,
14:43:33,177300,97533,29375,74,
14:43:33,177400,97586,29385,74,
14:43:34,177500,97642,29401,74,
14:43:34,177600,97685,29411,74,
14:43:34,177700,97748,29434,74,
14:43:35,177800,97786,29453,74,
14:43:35,177900,97832,29470,74,
14:43:36,178000,97876,29489,74,
14:43:36,178100,97934,29501,74,
14:43:36,178200,97980,29512,74,
14:43:37,178300,98033,29525,74,
14:43:37,178400,98096,29541,74,
14:43:38,178500,98137,29558,74,
14:43:39,178600,98186,29580,74,
14:43:39,178700,98248,29599,74,
14:43:40,178800,98299,29611,74,
14:43:41,178900,98362,29634,74,
14:43:42,179000,98412,29652,74,
14:43:43,179100,98475,29667,74,
14:43:43,179200,98520,29687,74,
14:43:44,179300,98588,29711,74,
14:43:44,179400,98644,29723,74,
14:43:45,179500,98704,29735,74,
14:43:46,179600,98761,29755,74,
14:43:46,179700,98805,29772,74,
14:43:47,179800,98874,29790,74,
14:43:48,179900,98928,29807,74,
14:43:48,180000,98996,29826,74,
14:43:49,180100,99060,29844,74,
14:43:49,180200,99113,29867,74,
14:43:50,180300,99157,29885,74,
14:43:50,180400,99202,29901,74,
14:43:51,180500,99254,29918,74,
14:43:51,180600,99301,29931,74,
14:43:52,180700,99357,29953,74,
14:43:52,180800,99421,29967,74,
14:43:53,180900,99470,29983,74,
14:43:54,181000,99519,30006,74,
14:43:54,181100,99563,30022,74,
14:43:55,181200,99619,30039,74,
14:43:55,181300,99664,30051,74,
14:43:56,181400,99719,30074,74,
14:43:56,181500,99774,30083,74,
14:43:57,181600,99824,30103,74,
14:43:57,181700,99881,30116,74,
14:43:58,181800,99926,30140,74,
14:43:59,181900,99990,30167,74,
14:44:0,182000,100057,30176,74,
14:44:0,182100,100107,30196,74,
14:44:1,182200,100161,30215,74,
14:44:1,182300,100216,30227,74,
14:44:2,182400,100279,30244,74,
14:44:3,182500,100335,30259,74,
14:44:3,182600,100388,30277,76,
14:44:4,182700,100439,30293,76,
14:44:4,182800,100503,30307,76,
14:44:5,182900,100544,30330,76,
14:44:6,183000,100602,30348,76,
14:44:6,183100,100670,30373,76,
14:44:7,183200,100720,30381,76,
14:44:8,183300,100773,30397,76,
14:44:8,183400,100823,30416,76,
14:44:9,183500,100880,30446,76,
14:44:9,183600,100936,30462,76,
14:44:10,183700,100994,30473,76,
14:44:11,183800,101059,30488,76,
14:44:11,183900,101111,30499,76,
14:44:12,184000,101170,30507,76,
14:44:12,184100,101203,30516,76,
14:44:13,184200,101281,30528,76,
14:44:13,184300,101330,30542,76,
14:44:14,184400,101392,30563,76,
14:44:14,184500,101455,30578,76,
14:44:15,184600,101505,30595,76,
14:44:15,184700,101564,30616,76,
14:44:16,184800,101615,30629,76,
14:44:16,184900,101678,30650,76,
14:44:17,185000,101717,30665,76,
14:44:17,185100,101770,30682,76,
14:44:18,185200,101821,30701,76,
14:44:18,185300,101873,30716,76,
14:44:19,185400,101933,30737,76,
14:44:20,185500,101976,30748,76,
14:44:20,185600,102044,30762,76,
14:44:21,185700,102102,30778,76,
14:44:22,185800,102158,30797,76,
14:44:22,185900,102213,30818,76,
14:44:23,186000,102269,30835,76,
14:44:24,186100,102344,30852,76,
14:44:25,186200,102394,30862,76,
14:44:25,186300,102452,30879,76,
14:44:25,186400,102498,30893,76,
14:44:26,186500,102544,30909,76,
14:44:26,186600,102600,30934,76,
14:44:27,186700,102655,30947,76,
14:44:27,186800,102711,30958,76,
14:44:28,186900,102773,30975,76,
14:44:29,187000,102845,30993,76,
14:44:29,187100,102906,31001,76,
14:44:30,187200,102960,31022,76,
14:44:31,187300,103005,31045,76,
14:44:31,187400,103049,31055,76,
14:44:32,187500,103117,31073,76,
14:44:33,187600,103178,31083,76,
14:44:34,187700,103246,31104,76,
14:44:34,187800,103285,31120,76,
14:44:35,187900,103347,31136,76,
14:44:36,188000,103402,31151,76,
14:44:37,188100,103461,31163,76,
14:44:38,188200,103535,31175,76,
14:44:39,188300,103596,31185,76,
14:44:39,188400,103666,31206,76,
14:44:40,188500,103707,31216,76,
14:44:40,188600,103754,31247,76,
14:44:41,188700,103811,31265,76,
14:44:42,188800,103859,31291,76,
14:44:42,188900,103923,31312,76,
14:44:43,189000,103972,31329,76,
14:44:44,189100,104034,31348,76,
14:44:45,189200,104104,31369,76,
14:44:46,189300,104161,31390,76,
14:44:47,189400,104227,31409,76,
14:44:47,189500,104275,31425,76,
14:44:48,189600,104336,31442,76,
14:44:48,189700,104382,31458,76,
14:44:49,189800,104446,31477,76,
14:44:50,189900,104490,31497,76,
14:44:50,190000,104550,31510,76,
14:44:51,190100,104608,31523,76,
14:44:51,190200,104660,31538,76,
14:44:52,190300,104722,31560,76,
14:44:52,190400,104763,31574,76,
14:44:53,190500,104833,31593,76,
14:44:53,190600,104877,31611,76,
14:44:54,190700,104940,31624,76,
14:44:54,190800,104991,31641,76,
14:44:55,190900,105029,31655,76,
14:44:55,191000,105096,31668,76,
14:44:56,191100,105150,31686,76,
14:44:57,191200,105209,31704,76,
14:44:57,191300,105261,31719,76,
14:44:58,191400,105316,31737,76,
14:44:58,191500,105371,31749,76,
14:44:59,191600,105427,31762,76,
14:44:59,191700,105490,31775,76,
14:45:0,191800,105532,31790,76,
14:45:1,191900,105606,31806,76,
14:45:1,192000,105663,31825,76,
14:45:2,192100,105707,31837,76,
14:45:2,192200,105771,31852,76,
14:45:3,192300,105821,31869,76,
14:45:4,192400,105889,31894,76,
14:45:4,192500,105935,31908,76,
14:45:5,192600,105990,31927,76,
14:45:5,192700,106040,31948,76,
14:45:6,192800,106095,31962,76,
14:45:6,192900,106148,31981,76,
14:45:7,193000,106207,31988,76,
14:45:7,193100,106256,31997,76,
14:45:8,193200,106311,32011,76,
14:45:9,193300,106373,32032,76,
14:45:9,193400,106420,32050,76,
14:45:10,193500,106478,32068,76,
14:45:10,193600,106525,32089,76,
14:45:10,193700,106576,32103,76,
14:45:11,193800,106633,32120,76,
14:45:11,193900,106671,32136,76,
14:45:12,194000,106727,32157,76,
14:45:12,194100,106789,32170,76,
14:45:13,194200,106835,32185,76,
14:45:13,194300,106886,32203,76,
14:45:14,194400,106931,32219,76,
14:45:14,194500,106982,32231,76,
14:45:15,194600,107032,32247,76,
14:45:16,194700,107104,32266,76,
14:45:16,194800,107170,32282,76,
14:45:17,194900,107220,32296,76,
14:45:17,195000,107266,32314,76,
14:45:17,195100,107313,32323,76,
14:45:18,195200,107381,32337,76,
14:45:19,195300,107429,32354,76,
14:45:19,195400,107492,32371,76,
14:45:19,195500,107536,32388,76,
14:45:20,195600,107589,32398,76,
14:45:20,195700,107646,32409,76,
14:45:21,195800,107695,32420,76,
14:45:22,195900,107763,32442,76,
14:45:22,196000,107808,32455,76,
14:45:23,196100,107856,32479,76,
14:45:24,196200,107926,32490,76,
14:45:24,196300,107988,32499,76,
14:45:25,196400,108057,32508,76,
14:45:25,196500,108111,32517,76,
14:45:26,196600,108165,32532,76,
14:45:26,196700,108198,32550,76,
14:45:27,196800,108269,32571,76,
14:45:28,196900,108319,32593,76,
14:45:28,197000,108380,32607,76,
14:45:28,197100,108436,32618,76,
14:45:29,197200,108491,32630,76,
14:45:29,197300,108548,32642,76,
14:45:30,197400,108593,32661,76,
14:45:31,197500,108659,32677,76,
14:45:31,197600,108712,32695,76,
14:45:32,197700,108768,32713,78,
14:45:33,197800,108824,32736,78,
14:45:33,197900,108867,32760,78,
14:45:34,198000,108928,32777,78,
14:45:34,198100,108968,32797,78,
14:45:35,198200,109037,32817,78,
14:45:36,198300,109091,32844,78,
14:45:37,198400,109146,32866,78,
14:45:37,198500,109201,32884,78,
14:45:38,198600,109249,32902,78,
14:45:38,198700,109305,32923,78,
14:45:39,198800,109354,32931,78,
14:45:39,198900,109416,32951,78,
14:45:40,199000,109476,32969,78,
14:45:41,199100,109540,32989,78,
14:45:42,199200,109605,33006,78,
14:45:43,199300,109658,33024,78,
14:45:43,199400,109707,33042,78,
14:45:44,199500,109753,33059,78,
14:45:45,199600,109816,33076,78,
14:45:45,199700,109879,33089,78,
14:45:46,199800,109934,33107,78,
14:45:47,199900,109993,33125,78,
14:45:47,200000,110041,33139,78,
14:45:47,200100,110092,33154,78,
14:45:48,200200,110145,33163,78,
14:45:49,200300,110208,33190,78,
14:45:49,200400,110256,33211,78,
14:45:50,200500,110317,33227,78,
14:45:50,200600,110367,33239,78,
14:45:51,200700,110427,33251,78,
14:45:52,200800,110488,33267,78,
14:45:52,200900,110530,33282,78,
14:45:53,201000,110592,33297,78,
14:45:53,201100,110648,33308,78,
14:45:54,201200,110703,33326,78,
14:45:54,201300,110770,33347,78,
14:45:55,201400,110823,33357,78,
14:45:56,201500,110888,33370,78,
14:45:57,201600,110932,33383,78,
14:45:57,201700,110990,33402,78,
14:45:58,201800,111048,33414,78,
14:45:58,201900,111092,33437,78,
14:45:59,202000,111141,33455,78,
14:45:59,202100,111190,33474,78,
14:46:0,202200,111238,33487,78,
14:46:1,202300,111292,33504,78,
14:46:2,202400,111369,33533,78,
14:46:3,202500,111425,33560,78,
14:46:4,202600,111479,33588,78,
14:46:5,202700,111542,33604,78,
14:46:5,202800,111585,33620,78,
14:46:6,202900,111646,33637,78,
14:46:6,203000,111698,33645,78,
14:46:7,203100,111761,33670,78,
14:46:7,203200,111814,33688,78,
14:46:8,203300,111869,33711,78,
14:46:9,203400,111936,33723,78,
14:46:9,203500,111991,33735,78,
14:46:10,203600,112048,33752,78,
14:46:10,203700,112092,33766,78,
14:46:11,203800,112143,33786,78,
14:46:11,203900,112188,33803,78,
14:46:12,204000,112253,33815,78,
14:46:12,204100,112302,33832,78,
14:46:13,204200,112355,33847,78,
14:46:14,204300,112413,33865,78,
14:46:14,204400,112468,33882,78,
14:46:15,204500,112549,33898,78,
14:46:16,204600,112616,33919,78,
14:46:17,204700,112675,33934,78,
14:46:18,204800,112740,33950,78,
14:46:18,204900,112786,33962,78,
14:46:19,205000,112854,33979,78,
14:46:20,205100,112908,33986,78,
14:46:20,205200,112970,34007,78,
14:46:21,205300,113026,34026,78,
14:46:22,205400,113082,34040,78,
14:46:22,205500,113138,34056,78,
14:46:23,205600,113185,34072,78,
14:46:24,205700,113264,34093,78,
14:46:25,205800,113312,34107,78,
14:46:26,205900,113370,34138,78,
14:46:27,206000,113429,34157,78,
14:46:28,206100,113492,34165,78,
14:46:28,206200,113556,34188,78,
14:46:29,206300,113600,34205,78,
14:46:30,206400,113667,34225,78,
14:46:30,206500,113716,34237,78,
14:46:31,206600,113774,34260,78,
14:46:32,206700,113832,34280,78,
14:46:32,206800,113896,34300,78,
14:46:33,206900,113956,34323,78,
14:46:34,207000,113995,34339,78,
14:46:34,207100,114059,34353,78,
14:46:35,207200,114110,34366,78,
14:46:35,207300,114172,34385,78,
14:46:36,207400,114218,34404,78,
14:46:36,207500,114269,34417,78,
14:46:37,207600,114318,34446,78,
14:46:38,207700,114367,34465,78,
14:46:38,207800,114428,34481,78,
14:46:39,207900,114472,34487,78,
14:46:39,208000,114531,34511,78,
14:46:40,208100,114579,34527,78,
14:46:40,208200,114628,34545,78,
14:46:40,208300,114675,34558,78,
14:46:41,208400,114725,34573,78,
14:46:41,208500,114776,34595,78,
14:46:42,208600,114820,34605,78,
14:46:43,208700,114885,34622,78,
14:46:43,208800,114938,34639,78,
14:46:44,208900,114991,34656,78,
14:46:44,209000,115035,34673,78,
14:46:45,209100,115095,34685,78,
14:46:46,209200,115145,34702,78,
14:46:46,209300,115197,34712,78,
14:46:46,209400,115249,34734,78,
14:46:47,209500,115288,34750,78,
14:46:47,209600,115341,34769,78,
14:46:48,209700,115405,34790,78,
14:46:48,209800,115450,34803,78,
14:46:49,209900,115495,34829,78,
14:46:49,210000,115543,34845,78,
14:46:50,210100,115602,34859,78,
14:46:51,210200,115655,34874,78,
14:46:51,210300,115706,34888,78,
14:46:52,210400,115759,34900,78,
14:46:52,210500,115812,34908,78,
14:46:53,210600,115880,34923,78,
14:46:54,210700,115924,34939,78,
14:46:54,210800,115981,34958,78,
14:46:55,210900,116037,34972,78,
14:46:56,211000,116100,34985,78,
14:46:56,211100,116159,35003,78,
14:46:57,211200,116218,35021,80,
14:46:58,211300,116277,35040,80,
14:46:59,211400,116331,35060,80,
14:46:59,211500,116390,35079,80,
14:47:0,211600,116445,35095,80,
14:47:1,211700,116500,35113,80,
14:47:1,211800,116563,35130,82,
14:47:2,211900,116622,35146,82,
14:47:3,212000,116689,35158,82,
14:47:3,212100,116745,35173,82,
14:47:4,212200,116807,35191,82,
14:47:4,212300,116858,35215,82,
14:47:5,212400,116912,35236,82,
14:47:6,212500,116965,35257,82,
14:47:6,212600,117009,35273,82,
14:47:7,212700,117079,35290,82,
14:47:7,212800,117125,35300,82,
14:47:8,212900,117187,35319,82,
14:47:8,213000,117245,35332,82,
14:47:9,213100,117309,35346,82,
14:47:10,213200,117363,35363,82,
14:47:10,213300,117416,35381,82,
14:47:11,213400,117483,35395,82,
14:47:11,213500,117532,35417,82,
14:47:12,213600,117585,35438,82,
14:47:13,213700,117642,35458,82,
14:47:13,213800,117698,35466,82,
14:47:14,213900,117747,35485,82,
14:47:14,214000,117800,35495,82,
14:47:15,214100,117855,35515,82,
14:47:15,214200,117907,35537,82,
14:47:16,214300,117969,35549,82,
14:47:17,214400,118021,35565,82,
14:47:17,214500,118091,35575,82,
14:47:18,214600,118144,35589,82,
14:47:18,214700,118200,35604,82,
14:47:19,214800,118254,35629,82,
14:47:20,214900,118297,35647,82,
14:47:20,215000,118350,35665,82,
14:47:21,215100,118416,35677,82,
14:47:22,215200,118481,35699,82,
14:47:23,215300,118549,35720,82,
14:47:24,215400,118608,35736,82,
14:47:25,215500,118656,35757,82,
14:47:25,215600,118694,35770,82,
14:47:26,215700,118761,35794,82,
14:47:26,215800,118820,35808,82,
14:47:27,215900,118871,35821,82,
14:47:28,216000,118935,35834,82,
14:47:28,216100,118984,35850,82,
14:47:29,216200,119054,35869,82,
14:47:30,216300,119101,35882,82,
14:47:30,216400,119162,35895,82,
14:47:31,216500,119223,35906,82,
14:47:32,216600,119290,35915,82,
14:47:33,216700,119355,35932,82,
14:47:33,216800,119405,35946,82,
14:47:34,216900,119474,35966,82,
14:47:34,217000,119517,35979,82,
14:47:35,217100,119583,36006,82,
14:47:36,217200,119634,36021,82,
14:47:37,217300,119683,36046,82,
14:47:37,217400,119747,36063,82,
14:47:38,217500,119811,36071,82,
14:47:38,217600,119866,36086,82,
14:47:39,217700,119911,36105,82,
14:47:40,217800,119977,36117,82,
14:47:40,217900,120026,36132,82,
14:47:41,218000,120084,36147,82,
14:47:42,218100,120141,36160,82,
14:47:42,218200,120205,36174,82,
14:47:43,218300,120256,36196,82,
14:47:43,218400,120296,36212,82,
14:47:44,218500,120362,36231,82,
14:47:45,218600,120421,36249,82,
14:47:45,218700,120468,36266,82,
14:47:46,218800,120525,36279,82,
14:47:46,218900,120567,36296,82,
14:47:47,219000,120624,36319,82,
14:47:48,219100,120680,36324,82,
14:47:48,219200,120746,36342,82,
14:47:49,219300,120796,36355,82,
14:47:49,219400,120848,36373,82,
14:47:49,219500,120880,36390,82,
14:47:50,219600,120928,36400,82,
14:47:50,219700,120981,36415,82,
14:47:51,219800,121024,36427,82,
14:47:51,219900,121078,36445,82,
14:47:52,220000,121124,36468,82,
14:47:52,220100,121176,36490,84,
14:47:53,220200,121235,36496,84,
14:47:53,220300,121293,36510,84,
14:47:54,220400,121361,36526,84,
14:47:55,220500,121410,36544,84,
14:47:56,220600,121468,36565,84,
14:47:56,220700,121513,36582,84,
14:47:57,220800,121585,36593,84,
14:47:58,220900,121644,36605,84,
14:47:58,221000,121707,36620,84,
14:47:59,221100,121758,36636,84,
14:48:0,221200,121804,36655,84,
14:48:0,221300,121872,36670,84,
14:48:1,221400,121925,36684,84,
14:48:1,221500,121983,36696,84,
14:48:2,221600,122032,36718,84,
14:48:3,221700,122079,36736,84,
14:48:3,221800,122139,36756,84,
14:48:4,221900,122185,36775,84,
14:48:5,222000,122246,36796,84,
14:48:5,222100,122292,36819,86,
14:48:6,222200,122358,36837,86,
14:48:7,222300,122419,36852,86,
14:48:8,222400,122471,36870,86,
14:48:8,222500,122521,36884,86,
14:48:9,222600,122562,36898,86,
14:48:9,222700,122623,36916,86,
14:48:10,222800,122671,36933,86,
14:48:10,222900,122727,36953,86,
14:48:11,223000,122778,36964,86,
14:48:11,223100,122821,36979,86,
14:48:12,223200,122883,36996,86,
14:48:12,223300,122922,37012,86,
14:48:13,223400,122984,37030,86,
14:48:14,223500,123026,37054,86,
14:48:14,223600,123070,37066,86,
14:48:15,223700,123131,37089,86,
14:48:16,223800,123195,37101,86,
14:48:16,223900,123253,37114,86,
14:48:16,224000,123282,37125,86,
14:48:18,224100,123353,37141,86,
14:48:18,224200,123410,37158,86,
14:48:19,224300,123463,37172,86,
14:48:19,224400,123524,37185,86,
14:48:20,224500,123571,37209,86,
14:48:21,224600,123640,37226,86,
14:48:22,224700,123691,37250,86,
14:48:22,224800,123742,37274,86,
14:48:23,224900,123794,37291,86,
14:48:23,225000,123853,37303,86,
14:48:24,225100,123908,37322,86,
14:48:25,225200,123962,37343,86,
14:48:25,225300,124013,37359,86,
14:48:26,225400,124062,37366,86,
14:48:26,225500,124137,37378,86,
14:48:27,225600,124192,37396,86,
14:48:28,225700,124239,37411,86,
14:48:29,225800,124297,37437,86,
14:48:29,225900,124348,37447,86,
14:48:30,226000,124409,37465,86,
14:48:31,226100,124457,37480,86,
14:48:32,226200,124513,37508,86,
14:48:32,226300,124577,37526,86,
14:48:33,226400,124633,37547,86,
14:48:33,226500,124678,37564,86,
14:48:34,226600,124730,37579,86,
14:48:35,226700,124786,37592,86,
14:48:35,226800,124838,37608,86,
14:48:36,226900,124895,37626,86,
14:48:37,227000,124947,37646,86,
14:48:37,227100,125005,37665,86,
14:48:38,227200,125054,37678,86,
14:48:38,227300,125100,37688,86,
14:48:38,227400,125158,37704,86,
14:48:39,227500,125207,37717,86,
14:48:40,227600,125273,37729,86,
14:48:40,227700,125324,37740,86,
14:48:41,227800,125365,37754,86,
14:48:41,227900,125414,37773,86,
14:48:42,228000,125461,37787,86,
14:48:42,228100,125517,37803,86,
14:48:42,228200,125549,37812,86,
14:48:43,228300,125605,37831,86,
14:48:44,228400,125660,37845,86,
14:48:44,228500,125717,37860,86,
14:48:45,228600,125775,37878,86,
14:48:45,228700,125828,37890,86,
14:48:46,228800,125885,37912,86,
14:48:47,228900,125941,37926,86,
14:48:47,229000,126004,37942,86,
14:48:48,229100,126052,37958,86,
14:48:48,229200,126108,37971,86,
14:48:50,229300,126175,37989,86,
14:48:50,229400,126230,38006,86,
14:48:51,229500,126282,38018,86,
14:48:51,229600,126322,38028,86,
14:48:52,229700,126378,38051,86,
14:48:52,229800,126429,38060,86,
14:48:53,229900,126482,38079,86,
14:48:54,230000,126538,38099,86,
14:48:54,230100,126588,38117,86,
14:48:55,230200,126653,38134,86,
14:48:55,230300,126697,38147,86,
14:48:56,230400,126748,38167,86,
14:48:57,230500,126809,38185,86,
14:48:58,230600,126860,38198,86,
14:48:59,230700,126916,38215,86,
14:48:59,230800,126976,38229,86,
14:49:0,230900,127040,38245,86,
14:49:0,231000,127069,38261,86,
14:49:1,231100,127134,38276,86,
14:49:1,231200,127189,38297,86,
14:49:2,231300,127246,38315,86,
14:49:3,231400,127313,38330,86,
14:49:4,231500,127359,38351,86,
14:49:4,231600,127427,38372,86,
14:49:5,231700,127478,38378,86,
14:49:6,231800,127553,38396,86,
14:49:7,231900,127608,38412,86,
14:49:8,232000,127659,38430,86,
14:49:8,232100,127720,38448,86,
14:49:9,232200,127775,38463,86,
14:49:10,232300,127829,38478,86,
14:49:10,232400,127889,38488,86,
14:49:11,232500,127952,38506,86,
14:49:11,232600,127997,38523,86,
14:49:12,232700,128052,38538,86,
14:49:13,232800,128109,38555,86,
14:49:13,232900,128167,38567,86,
14:49:14,233000,128226,38586,86,
14:49:14,233100,128271,38596,86,
14:49:15,233200,128333,38610,86,
14:49:16,233300,128386,38625,86,
14:49:16,233400,128434,38638,86,
14:49:17,233500,128485,38655,86,
14:49:17,233600,128540,38668,86,
14:49:18,233700,128599,38692,86,
14:49:19,233800,128649,38707,86,
14:49:20,233900,128720,38723,86,
14:49:20,234000,128772,38735,86,
14:49:21,234100,128815,38749,86,
14:49:21,234200,128866,38765,86,
14:49:22,234300,128914,38782,86,
14:49:22,234400,128969,38798,86,
14:49:23,234500,129023,38810,86,
14:49:23,234600,129081,38835,86,
14:49:24,234700,129123,38844,86,
14:49:24,234800,129187,38860,86,
14:49:25,234900,129243,38879,86,
14:49:26,235000,129300,38893,86,
14:49:27,235100,129357,38911,86,
14:49:27,235200,129404,38925,86,
14:49:28,235300,129453,38945,86,
14:49:28,235400,129503,38961,86,
14:49:29,235500,129568,38976,86,
14:49:30,235600,129621,38997,86,
14:49:30,235700,129663,39008,86,
14:49:31,235800,129709,39024,86,
14:49:31,235900,129745,39045,86,
14:49:31,236000,129806,39067,86,
14:49:32,236100,129852,39077,86,
14:49:33,236200,129918,39088,86,
14:49:33,236300,129981,39107,86,
14:49:34,236400,130039,39118,86,
14:49:35,236500,130101,39134,86,
14:49:35,236600,130146,39145,86,
14:49:36,236700,130205,39171,86,
14:49:36,236800,130247,39184,86,
14:49:37,236900,130303,39200,86,
14:49:37,237000,130350,39217,86,
14:49:38,237100,130404,39232,86,
14:49:39,237200,130455,39248,86,
14:49:39,237300,130499,39266,86,
14:49:40,237400,130567,39282,86,
14:49:41,237500,130618,39303,86,
14:49:42,237600,130668,39318,86,
14:49:43,237700,130727,39342,86,
14:49:44,237800,130794,39352,86,
14:49:44,237900,130856,39374,86,
14:49:45,238000,130905,39391,86,
14:49:45,238100,130971,39408,86,
14:49:46,238200,131013,39421,86,
14:49:46,238300,131072,39439,88,
14:49:47,238400,131125,39459,88,
14:49:48,238500,131175,39469,88,
14:49:48,238600,131235,39497,88,
14:49:49,238700,131278,39514,88,
14:49:49,238800,131340,39529,88,
14:49:50,238900,131399,39545,88,
14:49:51,239000,131453,39570,88,
14:49:51,239100,131507,39581,88,
14:49:52,239200,131554,39591,88,
14:49:52,239300,131621,39607,88,
14:49:53,239400,131669,39620,88,
14:49:53,239500,131736,39636,88,
14:49:54,239600,131784,39649,88,
14:49:54,239700,131823,39666,88,
14:49:55,239800,131866,39686,88,
14:49:55,239900,131915,39703,88,
14:49:56,240000,131975,39717,88,
14:49:56,240100,132018,39732,88,
14:49:57,240200,132069,39748,88,
14:49:57,240300,132111,39762,88,
14:49:58,240400,132175,39775,88,
14:49:59,240500,132224,39797,88,
14:49:59,240600,132280,39811,88,
14:50:0,240700,132343,39831,88,
14:50:1,240800,132390,39844,88,
14:50:2,240900,132451,39862,88,
14:50:3,241000,132511,39881,88,
14:50:4,241100,132569,39900,88,
14:50:4,241200,132627,39912,88,
14:50:5,241300,132669,39937,88,
14:50:5,241400,132734,39952,88,
14:50:6,241500,132782,39974,88,
14:50:7,241600,132842,39992,88,
14:50:7,241700,132888,40006,88,
14:50:8,241800,132947,40023,88,
14:50:8,241900,133009,40035,88,
14:50:9,242000,133055,40049,88,
14:50:10,242100,133111,40068,88,
14:50:10,242200,133161,40082,88,
14:50:11,242300,133213,40104,88,
14:50:12,242400,133269,40124,88,
14:50:13,242500,133329,40146,88,
14:50:13,242600,133384,40162,88,
14:50:14,242700,133438,40174,88,
14:50:15,242800,133513,40191,88,
14:50:15,242900,133556,40206,88,
14:50:16,243000,133626,40227,88,
14:50:18,243100,133685,40251,88,
14:50:18,243200,133742,40267,88,
14:50:19,243300,133803,40287,88,
14:50:20,243400,133862,40308,88,
14:50:20,243500,133920,40326,88,
14:50:21,243600,133960,40340,88,
14:50:21,243700,134021,40355,88,
14:50:22,243800,134069,40371,88,
14:50:23,243900,134132,40384,88,
14:50:23,244000,134186,40400,88,
14:50:24,244100,134243,40411,88,
14:50:25,244200,134304,40430,88,
14:50:25,244300,134345,40443,88,
14:50:26,244400,134418,40454,88,
14:50:26,244500,134467,40469,88,
14:50:27,244600,134519,40482,88,
14:50:28,244700,134572,40498,88,
14:50:28,244800,134624,40511,88,
14:50:29,244900,134678,40525,88,
14:50:30,245000,134731,40541,88,
14:50:31,245100,134803,40553,88,
14:50:31,245200,134859,40565,88,
14:50:32,245300,134918,40577,90,
14:50:32,245400,134961,40593,90,
14:50:32,245500,135006,40607,90,
14:50:33,245600,135066,40621,90,
14:50:34,245700,135115,40637,90,
14:50:34,245800,135173,40654,90,
14:50:35,245900,135226,40674,90,
14:50:35,246000,135275,40691,90,
14:50:36,246100,135340,40711,90,
14:50:37,246200,135395,40732,90,
14:50:38,246300,135452,40749,90,
14:50:38,246400,135501,40769,90,
14:50:39,246500,135555,40787,90,
14:50:39,246600,135597,40798,90,
14:50:40,246700,135660,40820,90,
14:50:41,246800,135708,40845,90,
14:50:41,246900,135763,40858,90,
14:50:42,247000,135813,40881,90,
14:50:43,247100,135873,40895,90,
14:50:44,247200,135933,40921,90,
14:50:45,247300,135988,40941,90,
14:50:45,247400,136039,40952,90,
14:50:46,247500,136083,40970,90,
14:50:47,247600,136135,40981,90,
14:50:47,247700,136195,40999,90,
14:50:48,247800,136238,41011,90,
14:50:48,247900,136306,41031,90,
14:50:49,248000,136363,41038,90,
14:50:50,248100,136425,41053,90,
14:50:51,248200,136481,41081,90,
14:50:53,248300,136542,41098,90,
14:50:53,248400,136603,41116,90,
14:50:54,248500,136662,41131,90,
14:50:55,248600,136738,41144,90,
14:50:56,248700,136788,41162,90,
14:50:56,248800,136841,41174,90,
14:50:57,248900,136894,41195,90,
14:50:57,249000,136941,41211,90,
14:50:58,249100,136997,41227,90,
14:50:59,249200,137053,41242,90,
14:50:59,249300,137112,41264,90,
14:51:0,249400,137169,41281,90,
14:51:1,249500,137228,41301,90,
14:51:2,249600,137287,41319,90,
14:51:3,249700,137339,41339,90,
14:51:3,249800,137409,41350,92,
14:51:4,249900,137454,41366,92,
14:51:4,250000,137516,41382,92,
14:51:5,250100,137556,41392,92,
14:51:5,250200,137611,41412,92,
14:51:6,250300,137669,41428,92,
14:51:7,250400,137724,41444,92,
14:51:7,250500,137781,41464,92,
14:51:8,250600,137827,41475,92,
14:51:9,250700,137895,41494,92,
14:51:9,250800,137953,41505,92,
14:51:10,250900,138017,41522,92,
14:51:10,251000,138070,41542,92,
14:51:11,251100,138125,41554,92,
14:51:12,251200,138187,41572,92,
14:51:13,251300,138235,41592,92,
14:51:13,251400,138281,41619,92,
14:51:14,251500,138332,41633,92,
14:51:14,251600,138382,41642,92,
14:51:15,251700,138436,41655,92,
14:51:15,251800,138478,41669,92,
14:51:16,251900,138538,41684,92,
14:51:16,252000,138586,41695,92,
14:51:16,252100,138642,41707,92,
14:51:17,252200,138682,41724,92,
14:51:18,252300,138745,41735,92,
14:51:18,252400,138798,41744,92,
14:51:19,252500,138851,41760,92,
14:51:19,252600,138905,41774,92,
14:51:19,252700,138953,41779,92,
14:51:20,252800,139014,41795,92,
14:51:21,252900,139068,41808,92,
