14:43:0,100,28,2,0,
14:43:9,200,57,7,0,
14:43:19,300,84,16,0,
14:43:28,400,115,24,0,
14:43:38,500,141,28,0,
14:43:48,600,169,41,0,
14:43:57,700,196,50,0,
14:44:7,800,227,60,0,
14:44:16,900,259,70,0,
14:44:26,1000,281,77,0,
14:44:36,1100,304,85,0,
14:44:45,1200,333,92,0,
14:44:55,1300,365,98,0,
14:45:4,1400,387,106,0,
14:45:14,1500,415,116,0,
14:45:24,1600,446,127,0,
14:45:34,1700,469,134,0,
14:45:43,1800,490,142,0,
14:45:53,1900,519,159,0,
14:46:1,2000,556,167,0,
14:46:9,2100,577,170,0,
14:46:18,2200,599,177,0,
14:46:25,2300,629,184,0,
14:46:35,2400,651,190,0,
14:46:44,2500,675,199,0,
14:46:54,2600,690,209,0,
14:47:1,2700,715,216,0,
14:47:11,2800,752,224,0,
14:47:20,2900,779,235,0,
14:47:30,3000,803,243,0,
14:47:38,3100,836,256,0,
14:47:47,3200,872,268,0,
14:47:56,3300,910,274,0,
14:48:6,3400,932,283,0,
14:48:15,3500,961,291,0,
14:48:24,3600,982,297,0,
14:48:32,3700,1013,306,0,
14:48:42,3800,1040,312,0,
14:48:52,3900,1065,321,0,
14:49:0,4000,1089,328,0,
14:49:9,4100,1117,343,0,
14:49:19,4200,1145,352,0,
14:49:29,4300,1166,359,0,
14:49:38,4400,1189,368,0,
14:49:45,4500,1226,376,0,
14:49:55,4600,1267,388,0,
14:50:5,4700,1298,398,0,
14:50:15,4800,1326,409,0,
14:50:25,4900,1348,414,0,
14:50:35,5000,1380,422,0,
14:50:44,5100,1414,431,0,
14:50:54,5200,1442,439,0,
14:51:4,5300,1479,449,0,
14:51:12,5400,1505,452,0,
14:51:20,5500,1536,459,0,
14:51:28,5600,1569,467,0,
14:51:36,5700,1592,478,0,
14:51:46,5800,1633,494,0,
14:51:54,5900,1660,500,0,
14:52:2,6000,1690,508,0,
14:52:10,6100,1717,511,0,
14:52:19,6200,1746,517,0,
14:52:29,6300,1772,524,0,
14:52:39,6400,1809,530,0,
14:52:49,6500,1836,540,0,
14:52:55,6600,1864,545,0,
14:53:4,6700,1894,553,0,
14:53:14,6800,1930,558,0,
14:53:24,6900,1953,567,0,
14:53:34,7000,1981,576,0,
14:53:44,7100,2001,581,0,
14:53:52,7200,2037,591,0,
14:54:1,7300,2068,594,0,
14:54:10,7400,2092,600,0,
14:54:20,7500,2109,606,0,
14:54:29,7600,2144,611,0,
14:54:38,7700,2169,618,0,
14:54:48,7800,2192,623,0,
14:54:58,7900,2212,631,0,
14:55:7,8000,2246,641,0,
14:55:17,8100,2277,647,0,
14:55:27,8200,2308,654,0,
14:55:36,8300,2332,662,0,
14:55:45,8400,2353,673,0,
14:55:54,8500,2373,684,0,
14:56:4,8600,2398,696,0,
14:56:11,8700,2420,704,0,
14:56:21,8800,2452,715,0,
14:56:31,8900,2480,722,0,
14:56:41,9000,2510,730,0,
14:56:50,9100,2545,739,0,
14:57:0,9200,2568,749,0,
14:57:8,9300,2599,760,0,
14:57:17,9400,2625,765,0,
14:57:26,9500,2658,778,0,
14:57:35,9600,2678,787,0,
14:57:45,9700,2715,795,0,
14:57:54,9800,2738,802,0,
14:58:4,9900,2769,809,0,
14:58:14,10000,2791,814,0,
14:58:23,10100,2821,821,0,
14:58:32,10200,2846,832,0,
14:58:42,10300,2885,837,0,
14:58:51,10400,2906,842,0,
14:59:1,10500,2931,854,0,
14:59:9,10600,2953,859,0,
14:59:18,10700,2985,865,0,
14:59:27,10800,3011,874,0,
14:59:35,10900,3041,881,0,
14:59:44,11000,3065,892,0,
14:59:54,11100,3097,897,0,
15:0:3,11200,3125,908,0,
