14:51:24,100,25,17,0,
14:51:24,200,85,39,0,
14:51:24,300,131,55,0,
14:51:25,400,183,83,0,
14:51:25,500,235,100,0,
14:51:26,600,290,113,0,
14:51:26,700,332,127,0,
14:51:26,800,385,145,0,
14:51:27,900,426,162,0,
14:51:27,1000,475,182,0,
14:51:28,1100,533,202,0,
14:51:28,1200,588,213,0,
14:51:29,1300,643,228,0,
14:51:29,1400,699,242,0,
14:51:30,1500,766,259,0,
14:51:30,1600,829,270,0,
14:51:31,1700,889,290,0,
14:51:31,1800,939,304,0,
14:51:31,1900,992,318,0,
14:51:32,2000,1053,344,0,
14:51:33,2100,1098,369,0,
14:51:33,2200,1159,385,0,
14:51:33,2300,1205,401,0,
14:51:34,2400,1261,413,0,
14:51:34,2500,1313,434,2,
14:51:35,2600,1368,446,2,
14:51:35,2700,1425,471,2,
14:51:36,2800,1470,481,2,
14:51:36,2900,1541,507,2,
14:51:36,3000,1592,518,2,
14:51:37,3100,1650,543,2,
14:51:37,3200,1702,563,2,
14:51:38,3300,1761,580,2,
14:51:38,3400,1824,593,2,
14:51:39,3500,1879,607,2,
14:51:39,3600,1949,621,2,
14:51:40,3700,2007,633,2,
14:51:40,3800,2056,648,2,
14:51:40,3900,2112,668,2,
14:51:41,4000,2161,683,2,
14:51:41,4100,2215,699,2,
14:51:41,4200,2264,714,2,
14:51:42,4300,2334,734,2,
14:51:42,4400,2394,745,4,
14:51:43,4500,2446,763,4,
14:51:44,4600,2509,785,4,
14:51:44,4700,2570,797,4,
14:51:45,4800,2639,814,4,
14:51:45,4900,2682,836,4,
14:51:45,5000,2742,850,4,
14:51:46,5100,2808,865,4,
14:51:46,5200,2870,879,4,
14:51:47,5300,2925,889,4,
14:51:47,5400,2955,906,4,
14:51:47,5500,3015,933,4,
14:51:48,5600,3063,948,4,
14:51:48,5700,3119,976,4,
14:51:49,5800,3172,991,4,
14:51:49,5900,3232,1017,4,
14:51:50,6000,3297,1030,4,
14:51:50,6100,3354,1044,4,
14:51:50,6200,3402,1058,4,
14:51:51,6300,3439,1067,4,
14:51:51,6400,3494,1082,4,
14:51:52,6500,3541,1106,4,
14:51:52,6600,3600,1121,4,
14:51:53,6700,3654,1141,4,
14:51:53,6800,3708,1156,4,
14:51:54,6900,3768,1178,4,
14:51:54,7000,3830,1183,4,
14:51:55,7100,3896,1209,4,
14:51:55,7200,3940,1232,4,
14:51:55,7300,3993,1247,4,
14:51:56,7400,4041,1264,4,
14:51:56,7500,4096,1277,6,
14:51:56,7600,4160,1294,8,
14:51:57,7700,4207,1311,8,
14:51:58,7800,4267,1334,8,
14:51:58,7900,4329,1347,8,
14:51:59,8000,4377,1369,8,
14:51:59,8100,4442,1384,10,
14:52:0,8200,4497,1398,10,
14:52:0,8300,4554,1422,10,
14:52:0,8400,4592,1435,10,
14:52:1,8500,4651,1450,10,
14:52:1,8600,4710,1467,10,
14:52:2,8700,4776,1483,10,
14:52:2,8800,4837,1495,10,
14:52:3,8900,4896,1508,10,
14:52:3,9000,4960,1528,10,
14:52:4,9100,5013,1539,10,
14:52:4,9200,5073,1556,10,
14:52:4,9300,5123,1571,10,
14:52:5,9400,5174,1588,10,
14:52:5,9500,5216,1607,10,
14:52:5,9600,5266,1619,10,
14:52:6,9700,5323,1636,10,
14:52:6,9800,5364,1648,10,
14:52:7,9900,5431,1666,10,
14:52:7,10000,5492,1690,10,
14:52:8,10100,5560,1711,10,
14:52:8,10200,5602,1729,10,
14:52:9,10300,5650,1743,10,
14:52:9,10400,5707,1759,10,
14:52:9,10500,5750,1773,10,
14:52:10,10600,5816,1788,10,
14:52:10,10700,5860,1805,10,
14:52:10,10800,5917,1822,10,
14:52:11,10900,5969,1837,10,
14:52:11,11000,6023,1858,10,
14:52:12,11100,6088,1872,10,
14:52:13,11200,6145,1885,10,
14:52:13,11300,6215,1905,10,
14:52:14,11400,6268,1920,10,
14:52:14,11500,6328,1931,10,
14:52:14,11600,6389,1945,10,
14:52:15,11700,6433,1968,10,
14:52:15,11800,6494,1981,12,
14:52:16,11900,6545,2000,12,
14:52:16,12000,6600,2017,12,
14:52:17,12100,6654,2030,12,
14:52:17,12200,6702,2047,12,
14:52:17,12300,6755,2061,12,
14:52:18,12400,6815,2080,12,
14:52:19,12500,6886,2090,12,
14:52:19,12600,6934,2106,12,
14:52:20,12700,7002,2129,12,
14:52:20,12800,7072,2146,12,
14:52:21,12900,7136,2162,12,
14:52:22,13000,7199,2188,12,
14:52:22,13100,7248,2196,12,
14:52:22,13200,7304,2208,12,
14:52:22,13300,7348,2222,12,
14:52:23,13400,7401,2244,14,
14:52:23,13500,7447,2257,14,
14:52:23,13600,7496,2274,14,
14:52:24,13700,7551,2289,14,
14:52:24,13800,7596,2303,14,
14:52:24,13900,7658,2320,14,
14:52:25,14000,7700,2337,14,
14:52:25,14100,7763,2360,14,
14:52:26,14200,7812,2377,14,
14:52:26,14300,7864,2398,14,
14:52:26,14400,7912,2418,14,
14:52:27,14500,7968,2430,14,
14:52:27,14600,8027,2450,14,
14:52:27,14700,8078,2458,14,
14:52:28,14800,8137,2476,14,
14:52:28,14900,8193,2490,14,
14:52:29,15000,8243,2510,14,
14:52:29,15100,8295,2521,14,
14:52:29,15200,8347,2540,14,
14:52:30,15300,8399,2563,14,
14:52:30,15400,8434,2582,14,
14:52:31,15500,8496,2604,14,
14:52:31,15600,8550,2621,14,
14:52:32,15700,8604,2648,14,
14:52:32,15800,8665,2665,14,
14:52:33,15900,8717,2678,14,
14:52:33,16000,8771,2702,16,
14:52:34,16100,8821,2715,16,
14:52:34,16200,8876,2741,16,
14:52:35,16300,8935,2758,16,
14:52:35,16400,8990,2782,16,
14:52:35,16500,9046,2799,16,
14:52:36,16600,9111,2808,16,
14:52:36,16700,9153,2827,16,
14:52:36,16800,9200,2839,16,
14:52:37,16900,9258,2861,16,
14:52:37,17000,9300,2881,16,
14:52:38,17100,9361,2900,16,
14:52:38,17200,9427,2919,16,
14:52:39,17300,9476,2937,16,
14:52:39,17400,9538,2952,16,
14:52:40,17500,9587,2966,16,
14:52:40,17600,9648,2992,16,
14:52:40,17700,9700,3007,16,
14:52:41,17800,9756,3020,16,
14:52:41,17900,9805,3034,16,
14:52:42,18000,9847,3048,16,
14:52:42,18100,9906,3067,16,
14:52:42,18200,9961,3078,16,
14:52:43,18300,10034,3098,16,
14:52:43,18400,10097,3113,16,
14:52:44,18500,10156,3131,16,
14:52:44,18600,10211,3153,16,
14:52:45,18700,10260,3167,16,
14:52:46,18800,10324,3186,16,
14:52:46,18900,10370,3203,16,
14:52:46,19000,10432,3220,16,
14:52:47,19100,10481,3238,16,
14:52:47,19200,10527,3263,16,
14:52:48,19300,10598,3279,16,
14:52:48,19400,10655,3291,16,
14:52:49,19500,10720,3307,18,
14:52:49,19600,10775,3329,18,
14:52:50,19700,10841,3344,18,
14:52:50,19800,10890,3354,18,
14:52:50,19900,10941,3367,18,
14:52:51,20000,10995,3382,18,
14:52:51,20100,11042,3400,18,
14:52:52,20200,11097,3419,18,
14:52:52,20300,11134,3427,18,
14:52:52,20400,11189,3453,18,
14:52:53,20500,11232,3466,18,
14:52:53,20600,11279,3485,18,
14:52:53,20700,11343,3501,20,
14:52:54,20800,11387,3517,20,
14:52:54,20900,11451,3538,20,
14:52:55,21000,11512,3550,20,
14:52:55,21100,11572,3571,20,
14:52:56,21200,11628,3588,20,
14:52:56,21300,11680,3608,20,
14:52:57,21400,11733,3626,20,
14:52:57,21500,11775,3642,20,
14:52:58,21600,11836,3657,20,
14:52:58,21700,11891,3677,20,
14:52:59,21800,11935,3701,20,
14:52:59,21900,12000,3720,20,
14:53:0,22000,12062,3737,20,
14:53:0,22100,12126,3752,20,
14:53:1,22200,12168,3763,20,
14:53:1,22300,12223,3788,20,
14:53:2,22400,12270,3804,20,
14:53:2,22500,12334,3825,20,
14:53:3,22600,12387,3845,20,
14:53:3,22700,12437,3857,20,
14:53:3,22800,12490,3872,20,
14:53:4,22900,12547,3891,20,
14:53:4,23000,12606,3909,20,
14:53:4,23100,12650,3920,20,
14:53:5,23200,12714,3938,20,
14:53:6,23300,12784,3952,20,
14:53:6,23400,12846,3967,22,
14:53:6,23500,12905,3982,24,
14:53:7,23600,12943,4000,24,
14:53:7,23700,13009,4015,24,
14:53:8,23800,13052,4030,24,
14:53:8,23900,13110,4055,24,
14:53:8,24000,13162,4070,24,
14:53:9,24100,13202,4087,26,
14:53:9,24200,13255,4104,26,
14:53:10,24300,13311,4123,26,
14:53:10,24400,13364,4144,26,
14:53:10,24500,13408,4161,26,
14:53:11,24600,13462,4177,26,
14:53:11,24700,13508,4194,26,
14:53:12,24800,13568,4209,26,
14:53:12,24900,13616,4223,26,
14:53:12,25000,13657,4242,26,
14:53:13,25100,13726,4258,26,
14:53:13,25200,13780,4269,26,
14:53:13,25300,13843,4280,26,
14:53:14,25400,13888,4299,26,
14:53:14,25500,13934,4315,26,
14:53:14,25600,13983,4336,28,
14:53:15,25700,14032,4349,28,
14:53:15,25800,14097,4362,28,
14:53:16,25900,14137,4385,28,
14:53:16,26000,14196,4407,28,
14:53:17,26100,14248,4423,28,
14:53:17,26200,14308,4446,28,
14:53:18,26300,14367,4457,28,
14:53:18,26400,14420,4467,28,
14:53:19,26500,14488,4491,30,
14:53:20,26600,14542,4510,30,
14:53:20,26700,14618,4521,30,
14:53:21,26800,14677,4542,30,
14:53:21,26900,14745,4557,30,
14:53:21,27000,14797,4568,30,
14:53:22,27100,14840,4578,30,
14:53:22,27200,14895,4593,30,
14:53:23,27300,14936,4607,30,
14:53:23,27400,14998,4629,30,
14:53:24,27500,15055,4644,30,
14:53:24,27600,15109,4655,32,
14:53:24,27700,15169,4668,32,
14:53:25,27800,15204,4686,32,
14:53:25,27900,15255,4707,32,
14:53:25,28000,15301,4719,32,
14:53:26,28100,15360,4731,32,
14:53:26,28200,15418,4744,32,
14:53:27,28300,15482,4751,34,
14:53:27,28400,15540,4769,34,
14:53:28,28500,15592,4782,34,
14:53:28,28600,15645,4808,34,
14:53:29,28700,15693,4822,34,
14:53:29,28800,15753,4847,34,
14:53:29,28900,15801,4865,34,
14:53:30,29000,15862,4879,34,
14:53:30,29100,15919,4894,34,
14:53:31,29200,15968,4907,34,
14:53:31,29300,16042,4921,34,
14:53:32,29400,16104,4937,34,
14:53:32,29500,16175,4960,34,
14:53:33,29600,16228,4980,34,
14:53:33,29700,16287,4993,34,
14:53:33,29800,16335,5011,34,
14:53:34,29900,16386,5029,34,
14:53:34,30000,16451,5044,36,
14:53:35,30100,16499,5060,36,
14:53:36,30200,16555,5078,36,
14:53:36,30300,16617,5101,36,
14:53:36,30400,16672,5113,36,
14:53:37,30500,16717,5133,36,
14:53:37,30600,16768,5147,36,
14:53:38,30700,16826,5166,36,
14:53:38,30800,16880,5177,36,
14:53:39,30900,16949,5191,36,
14:53:39,31000,16996,5212,36,
14:53:39,31100,17047,5229,36,
14:53:40,31200,17102,5244,36,
14:53:40,31300,17148,5257,36,
14:53:41,31400,17205,5274,36,
14:53:41,31500,17252,5286,36,
14:53:41,31600,17313,5306,36,
14:53:42,31700,17369,5323,36,
14:53:42,31800,17422,5345,36,
14:53:42,31900,17471,5365,36,
14:53:43,32000,17523,5380,36,
14:53:43,32100,17587,5399,36,
14:53:44,32200,17636,5412,36,
14:53:44,32300,17693,5429,36,
14:53:45,32400,17757,5438,38,
14:53:45,32500,17807,5459,38,
14:53:46,32600,17870,5476,38,
14:53:46,32700,17928,5491,38,
14:53:46,32800,17988,5507,38,
14:53:47,32900,18029,5527,38,
14:53:47,33000,18101,5545,38,
14:53:48,33100,18151,5559,38,
14:53:48,33200,18212,5573,38,
14:53:49,33300,18272,5587,38,
14:53:49,33400,18331,5602,38,
14:53:50,33500,18383,5626,38,
14:53:50,33600,18434,5637,38,
14:53:51,33700,18490,5653,38,
14:53:51,33800,18552,5662,38,
14:53:51,33900,18602,5680,38,
14:53:52,34000,18659,5693,38,
14:53:52,34100,18712,5703,38,
14:53:53,34200,18774,5716,38,
14:53:53,34300,18814,5736,38,
14:53:53,34400,18872,5757,38,
14:53:54,34500,18937,5771,38,
14:53:55,34600,19005,5787,38,
14:53:55,34700,19066,5815,38,
14:53:56,34800,19121,5829,38,
14:53:56,34900,19185,5849,38,
14:53:56,35000,19234,5859,38,
14:53:57,35100,19296,5873,38,
14:53:57,35200,19343,5888,38,
14:53:58,35300,19396,5897,38,
14:53:58,35400,19456,5916,38,
14:53:59,35500,19521,5931,38,
14:53:59,35600,19583,5954,38,
14:54:0,35700,19635,5967,38,
14:54:0,35800,19703,5990,38,
14:54:1,35900,19757,6006,38,
14:54:1,36000,19820,6024,38,
14:54:2,36100,19881,6037,38,
14:54:2,36200,19930,6050,38,
14:54:3,36300,19993,6075,38,
14:54:3,36400,20052,6092,38,
14:54:3,36500,20104,6106,38,
14:54:4,36600,20152,6124,38,
14:54:4,36700,20221,6138,38,
14:54:5,36800,20276,6155,38,
14:54:5,36900,20333,6173,38,
14:54:6,37000,20394,6185,38,
14:54:6,37100,20437,6203,38,
14:54:7,37200,20501,6224,38,
14:54:7,37300,20556,6239,38,
14:54:8,37400,20613,6258,38,
14:54:8,37500,20680,6280,38,
14:54:8,37600,20723,6287,38,
14:54:9,37700,20778,6306,38,
14:54:9,37800,20841,6319,38,
14:54:9,37900,20888,6339,38,
14:54:10,38000,20930,6358,38,
14:54:10,38100,20989,6373,38,
14:54:11,38200,21040,6386,38,
14:54:11,38300,21090,6400,38,
14:54:12,38400,21166,6417,38,
14:54:13,38500,21218,6427,38,
14:54:13,38600,21291,6447,38,
14:54:14,38700,21348,6468,38,
14:54:14,38800,21403,6489,38,
14:54:15,38900,21459,6505,38,
14:54:15,39000,21508,6521,38,
14:54:16,39100,21576,6533,38,
14:54:16,39200,21620,6543,38,
14:54:16,39300,21674,6564,38,
14:54:17,39400,21724,6585,38,
14:54:17,39500,21782,6604,38,
14:54:17,39600,21828,6624,38,
14:54:18,39700,21871,6639,38,
14:54:18,39800,21921,6655,38,
14:54:19,39900,21971,6679,38,
14:54:19,40000,22022,6706,38,
14:54:20,40100,22072,6719,38,
14:54:20,40200,22128,6726,38,
14:54:20,40300,22184,6742,38,
14:54:21,40400,22242,6760,38,
14:54:21,40500,22296,6779,38,
14:54:21,40600,22333,6793,38,
14:54:22,40700,22399,6808,38,
14:54:22,40800,22444,6831,38,
14:54:23,40900,22498,6849,38,
14:54:23,41000,22560,6871,38,
14:54:23,41100,22605,6882,38,
14:54:24,41200,22655,6908,38,
14:54:24,41300,22703,6925,38,
14:54:25,41400,22772,6937,38,
14:54:25,41500,22818,6954,38,
14:54:26,41600,22874,6972,38,
14:54:26,41700,22931,6985,40,
14:54:27,41800,22974,7006,40,
14:54:27,41900,23045,7031,40,
14:54:28,42000,23096,7045,40,
14:54:28,42100,23165,7060,40,
14:54:29,42200,23206,7077,40,
14:54:29,42300,23261,7091,40,
14:54:29,42400,23311,7114,40,
14:54:30,42500,23357,7128,40,
14:54:30,42600,23404,7149,40,
14:54:30,42700,23439,7167,40,
14:54:31,42800,23498,7187,40,
14:54:31,42900,23548,7208,40,
14:54:32,43000,23606,7224,40,
14:54:33,43100,23670,7240,40,
14:54:33,43200,23713,7262,40,
14:54:33,43300,23768,7281,40,
14:54:34,43400,23818,7295,40,
14:54:34,43500,23873,7309,40,
14:54:35,43600,23928,7327,40,
14:54:35,43700,23995,7343,40,
14:54:36,43800,24052,7361,40,
14:54:36,43900,24099,7377,40,
14:54:36,44000,24154,7401,40,
14:54:37,44100,24208,7423,40,
14:54:38,44200,24281,7443,40,
14:54:38,44300,24329,7456,40,
14:54:38,44400,24388,7472,40,
14:54:39,44500,24444,7491,40,
14:54:39,44600,24490,7506,40,
14:54:40,44700,24545,7519,40,
14:54:40,44800,24591,7532,42,
14:54:40,44900,24642,7549,42,
14:54:41,45000,24689,7566,42,
14:54:41,45100,24739,7577,42,
14:54:41,45200,24794,7595,42,
14:54:42,45300,24840,7616,42,
14:54:42,45400,24907,7631,42,
14:54:43,45500,24965,7654,42,
14:54:43,45600,25027,7674,42,
14:54:44,45700,25077,7689,42,
14:54:44,45800,25144,7702,42,
14:54:44,45900,25208,7720,42,
14:54:45,46000,25267,7731,42,
14:54:45,46100,25329,7744,42,
14:54:46,46200,25373,7749,42,
14:54:46,46300,25440,7766,42,
14:54:46,46400,25486,7784,42,
14:54:47,46500,25545,7800,42,
14:54:47,46600,25598,7819,42,
14:54:47,46700,25654,7831,42,
14:54:48,46800,25704,7849,42,
14:54:48,46900,25746,7867,42,
14:54:48,47000,25818,7882,42,
14:54:49,47100,25869,7893,42,
14:54:50,47200,25942,7903,42,
14:54:50,47300,25997,7920,42,
14:54:50,47400,26056,7931,42,
14:54:51,47500,26109,7947,42,
14:54:51,47600,26172,7961,42,
14:54:52,47700,26230,7980,42,
14:54:52,47800,26277,7998,42,
14:54:53,47900,26331,8021,42,
14:54:53,48000,26393,8035,42,
14:54:53,48100,26435,8059,42,
14:54:54,48200,26490,8075,42,
14:54:54,48300,26525,8089,42,
14:54:55,48400,26589,8100,42,
14:54:55,48500,26647,8115,42,
14:54:55,48600,26705,8131,42,
14:54:56,48700,26750,8142,42,
14:54:56,48800,26788,8156,44,
14:54:56,48900,26848,8169,44,
14:54:57,49000,26914,8177,44,
14:54:57,49100,26975,8194,44,
14:54:57,49200,27023,8203,44,
14:54:58,49300,27078,8224,44,
14:54:58,49400,27134,8237,44,
14:54:59,49500,27183,8249,44,
14:54:59,49600,27236,8263,44,
14:54:59,49700,27288,8271,44,
14:55:0,49800,27353,8296,46,
14:55:0,49900,27399,8306,46,
14:55:1,50000,27457,8325,46,
14:55:1,50100,27507,8338,46,
14:55:1,50200,27559,8348,46,
14:55:2,50300,27628,8367,46,
14:55:2,50400,27676,8380,46,
14:55:3,50500,27739,8403,46,
14:55:4,50600,27796,8415,46,
14:55:4,50700,27859,8429,46,
14:55:4,50800,27917,8444,46,
14:55:5,50900,27966,8456,46,
14:55:5,51000,28024,8478,48,
14:55:6,51100,28080,8492,48,
14:55:6,51200,28143,8505,50,
14:55:6,51300,28192,8518,50,
14:55:7,51400,28252,8524,50,
14:55:7,51500,28306,8537,50,
14:55:7,51600,28353,8552,50,
14:55:8,51700,28400,8569,50,
14:55:8,51800,28434,8578,50,
14:55:8,51900,28501,8596,50,
14:55:9,52000,28544,8612,50,
14:55:9,52100,28611,8629,50,
14:55:10,52200,28666,8642,50,
14:55:10,52300,28710,8651,50,
14:55:10,52400,28775,8665,50,
14:55:11,52500,28829,8679,50,
14:55:11,52600,28891,8695,50,
14:55:12,52700,28941,8718,50,
14:55:12,52800,29002,8740,52,
14:55:13,52900,29055,8762,52,
14:55:13,53000,29107,8781,52,
14:55:14,53100,29165,8798,52,
14:55:14,53200,29212,8808,52,
14:55:15,53300,29273,8827,52,
14:55:15,53400,29334,8842,52,
14:55:16,53500,29387,8858,54,
14:55:16,53600,29441,8874,54,
14:55:17,53700,29498,8891,54,
14:55:17,53800,29566,8908,56,
14:55:17,53900,29612,8920,56,
14:55:18,54000,29675,8942,58,
14:55:18,54100,29737,8962,58,
14:55:19,54200,29793,8979,58,
14:55:19,54300,29849,8990,58,
14:55:20,54400,29888,9006,58,
14:55:20,54500,29959,9018,60,
14:55:20,54600,30010,9027,60,
14:55:20,54700,30064,9035,60,
14:55:21,54800,30114,9051,60,
14:55:21,54900,30173,9068,60,
14:55:22,55000,30224,9087,60,
14:55:22,55100,30274,9099,60,
14:55:23,55200,30345,9112,60,
14:55:23,55300,30394,9131,60,
14:55:23,55400,30456,9151,60,
14:55:24,55500,30513,9159,60,
14:55:25,55600,30577,9176,60,
14:55:25,55700,30634,9184,60,
14:55:25,55800,30682,9196,60,
14:55:26,55900,30744,9211,60,
14:55:26,56000,30782,9234,60,
14:55:27,56100,30850,9247,60,
14:55:27,56200,30908,9268,60,
14:55:28,56300,30965,9283,60,
14:55:28,56400,31029,9301,60,
14:55:29,56500,31073,9317,60,
14:55:29,56600,31127,9332,60,
14:55:30,56700,31188,9346,60,
14:55:30,56800,31253,9359,60,
14:55:31,56900,31306,9369,60,
14:55:31,57000,31354,9385,60,
14:55:31,57100,31409,9403,60,
14:55:32,57200,31454,9419,60,
14:55:32,57300,31505,9433,60,
14:55:32,57400,31550,9455,60,
14:55:33,57500,31604,9470,60,
14:55:33,57600,31657,9485,60,
14:55:34,57700,31718,9500,60,
14:55:34,57800,31783,9518,60,
14:55:35,57900,31845,9536,60,
14:55:35,58000,31899,9551,60,
14:55:35,58100,31945,9570,60,
14:55:36,58200,32009,9590,60,
14:55:36,58300,32081,9599,60,
14:55:37,58400,32131,9616,60,
14:55:38,58500,32206,9628,60,
14:55:38,58600,32251,9651,60,
14:55:38,58700,32299,9673,60,
14:55:39,58800,32341,9691,60,
14:55:39,58900,32402,9706,60,
14:55:39,59000,32438,9720,60,
14:55:40,59100,32492,9740,60,
14:55:40,59200,32542,9756,60,
14:55:40,59300,32586,9777,60,
14:55:41,59400,32649,9791,60,
14:55:41,59500,32689,9803,62,
14:55:42,59600,32756,9825,64,
14:55:42,59700,32806,9847,64,
14:55:43,59800,32864,9864,64,
14:55:43,59900,32921,9884,64,
14:55:44,60000,32974,9903,64,
14:55:44,60100,33035,9918,66,
14:55:44,60200,33074,9931,66,
14:55:45,60300,33129,9947,66,
14:55:45,60400,33172,9962,66,
14:55:46,60500,33232,9980,66,
14:55:46,60600,33283,10004,66,
14:55:47,60700,33334,10019,66,
14:55:47,60800,33391,10037,66,
14:55:47,60900,33432,10056,66,
14:55:48,61000,33487,10077,66,
14:55:48,61100,33536,10091,66,
14:55:49,61200,33607,10110,66,
14:55:49,61300,33656,10125,66,
14:55:49,61400,33695,10145,66,
14:55:50,61500,33751,10159,66,
14:55:50,61600,33795,10175,66,
14:55:51,61700,33867,10192,66,
14:55:51,61800,33924,10205,66,
14:55:52,61900,33983,10221,66,
14:55:52,62000,34039,10242,68,
14:55:52,62100,34091,10260,68,
14:55:53,62200,34143,10282,68,
14:55:53,62300,34196,10298,68,
14:55:54,62400,34270,10319,68,
14:55:55,62500,34328,10340,68,
14:55:55,62600,34392,10350,68,
14:55:56,62700,34438,10382,68,
14:55:56,62800,34484,10395,68,
14:55:56,62900,34536,10418,68,
14:55:57,63000,34577,10432,68,
14:55:57,63100,34640,10454,68,
14:55:57,63200,34699,10464,68,
14:55:58,63300,34755,10479,68,
14:55:59,63400,34828,10490,68,
14:55:59,63500,34880,10510,68,
14:56:0,63600,34945,10523,68,
14:56:0,63700,34995,10535,68,
14:56:0,63800,35051,10553,68,
14:56:1,63900,35115,10569,68,
14:56:1,64000,35173,10591,68,
14:56:2,64100,35227,10606,68,
14:56:2,64200,35277,10618,68,
14:56:3,64300,35337,10640,68,
14:56:3,64400,35388,10654,68,
14:56:4,64500,35447,10676,68,
14:56:4,64600,35510,10689,68,
14:56:5,64700,35574,10706,68,
14:56:6,64800,35632,10727,68,
14:56:6,64900,35690,10750,68,
14:56:7,65000,35752,10762,68,
14:56:7,65100,35795,10777,68,
14:56:8,65200,35853,10804,68,
14:56:8,65300,35910,10813,68,
14:56:9,65400,35977,10828,68,
14:56:9,65500,36035,10847,68,
14:56:10,65600,36085,10855,68,
14:56:10,65700,36151,10873,68,
14:56:11,65800,36210,10891,68,
14:56:11,65900,36272,10919,68,
14:56:12,66000,36321,10935,70,
14:56:12,66100,36385,10941,70,
14:56:13,66200,36438,10963,70,
14:56:13,66300,36496,10981,70,
14:56:14,66400,36557,10994,70,
14:56:14,66500,36604,11008,70,
14:56:15,66600,36668,11027,70,
14:56:15,66700,36721,11039,70,
14:56:16,66800,36774,11059,70,
14:56:16,66900,36843,11072,70,
14:56:16,67000,36890,11089,70,
14:56:17,67100,36951,11112,70,
14:56:17,67200,36991,11127,70,
14:56:18,67300,37053,11149,70,
14:56:18,67400,37103,11164,70,
14:56:19,67500,37159,11179,70,
14:56:19,67600,37223,11201,70,
14:56:19,67700,37279,11214,70,
14:56:20,67800,37340,11228,72,
14:56:20,67900,37388,11240,72,
14:56:21,68000,37443,11262,72,
14:56:21,68100,37488,11280,72,
14:56:21,68200,37547,11290,72,
14:56:22,68300,37602,11301,72,
14:56:22,68400,37646,11314,72,
14:56:23,68500,37703,11330,72,
14:56:23,68600,37758,11341,72,
14:56:23,68700,37812,11362,74,
14:56:24,68800,37864,11376,74,
14:56:24,68900,37925,11393,74,
14:56:25,69000,37975,11411,74,
14:56:25,69100,38022,11427,74,
14:56:26,69200,38079,11444,74,
14:56:26,69300,38125,11453,74,
14:56:26,69400,38194,11466,74,
14:56:27,69500,38245,11488,74,
14:56:27,69600,38296,11508,74,
14:56:28,69700,38353,11518,74,
14:56:28,69800,38411,11534,74,
14:56:29,69900,38479,11555,74,
14:56:29,70000,38536,11580,74,
14:56:30,70100,38593,11598,74,
14:56:31,70200,38646,11616,74,
14:56:31,70300,38711,11634,74,
14:56:32,70400,38769,11650,74,
14:56:32,70500,38822,11664,74,
14:56:32,70600,38884,11680,74,
14:56:33,70700,38925,11698,74,
14:56:33,70800,38991,11717,74,
14:56:33,70900,39040,11726,74,
14:56:34,71000,39078,11741,74,
14:56:34,71100,39132,11761,74,
14:56:35,71200,39185,11773,74,
14:56:35,71300,39255,11788,74,
14:56:35,71400,39300,11803,74,
14:56:36,71500,39374,11820,74,
14:56:36,71600,39421,11837,74,
14:56:37,71700,39470,11851,74,
14:56:37,71800,39524,11870,74,
14:56:38,71900,39573,11886,74,
14:56:38,72000,39637,11906,74,
14:56:39,72100,39687,11930,74,
14:56:40,72200,39772,11949,74,
14:56:40,72300,39835,11959,74,
14:56:40,72400,39902,11968,74,
14:56:41,72500,39974,11981,74,
14:56:41,72600,40028,11998,74,
14:56:42,72700,40079,12023,74,
14:56:42,72800,40122,12038,74,
14:56:43,72900,40178,12055,74,
14:56:43,73000,40225,12067,74,
14:56:43,73100,40273,12088,74,
14:56:44,73200,40327,12100,74,
14:56:44,73300,40384,12119,74,
14:56:44,73400,40450,12134,74,
14:56:45,73500,40498,12147,74,
14:56:45,73600,40561,12163,74,
14:56:46,73700,40614,12176,76,
14:56:46,73800,40667,12188,76,
14:56:47,73900,40718,12205,76,
14:56:47,74000,40771,12219,76,
14:56:47,74100,40830,12237,76,
14:56:48,74200,40870,12249,76,
14:56:48,74300,40931,12265,76,
14:56:49,74400,40988,12277,76,
14:56:49,74500,41046,12295,76,
14:56:49,74600,41094,12313,76,
14:56:50,74700,41141,12329,76,
14:56:50,74800,41195,12348,76,
14:56:51,74900,41241,12368,76,
14:56:51,75000,41302,12380,76,
14:56:51,75100,41359,12406,76,
14:56:52,75200,41416,12422,76,
14:56:52,75300,41478,12435,76,
14:56:53,75400,41528,12454,76,
14:56:53,75500,41591,12482,76,
14:56:54,75600,41644,12498,76,
14:56:54,75700,41705,12512,76,
14:56:55,75800,41743,12523,78,
14:56:55,75900,41798,12540,78,
14:56:55,76000,41845,12557,78,
14:56:56,76100,41903,12569,78,
14:56:56,76200,41972,12588,78,
14:56:57,76300,42019,12600,78,
14:56:57,76400,42072,12624,78,
14:56:58,76500,42126,12642,78,
14:56:58,76600,42178,12658,78,
14:56:58,76700,42224,12673,78,
14:56:59,76800,42285,12692,78,
14:56:59,76900,42352,12708,78,
14:57:0,77000,42402,12722,78,
14:57:0,77100,42471,12742,78,
14:57:1,77200,42531,12752,78,
14:57:1,77300,42597,12770,78,
14:57:2,77400,42650,12789,78,
14:57:2,77500,42710,12803,78,
14:57:3,77600,42767,12827,78,
14:57:3,77700,42822,12845,78,
14:57:4,77800,42892,12866,78,
14:57:4,77900,42930,12884,78,
14:57:4,78000,42981,12899,80,
14:57:5,78100,43037,12912,80,
14:57:5,78200,43097,12934,80,
14:57:6,78300,43160,12948,80,
14:57:6,78400,43216,12959,80,
14:57:7,78500,43271,12978,80,
14:57:7,78600,43316,13001,80,
14:57:7,78700,43366,13014,80,
14:57:8,78800,43420,13031,80,
14:57:8,78900,43479,13047,80,
14:57:8,79000,43536,13063,82,
14:57:9,79100,43583,13074,82,
14:57:9,79200,43649,13091,82,
14:57:10,79300,43704,13114,82,
14:57:10,79400,43763,13126,82,
14:57:11,79500,43818,13146,82,
14:57:11,79600,43866,13165,82,
14:57:11,79700,43925,13177,82,
14:57:12,79800,43964,13193,82,
14:57:12,79900,44020,13207,82,
14:57:12,80000,44065,13214,82,
14:57:13,80100,44124,13231,82,
14:57:13,80200,44178,13247,82,
14:57:14,80300,44235,13264,82,
14:57:14,80400,44298,13283,82,
14:57:15,80500,44349,13294,82,
14:57:15,80600,44405,13316,82,
14:57:16,80700,44461,13333,82,
14:57:16,80800,44523,13348,82,
14:57:17,80900,44576,13367,82,
14:57:17,81000,44617,13379,82,
14:57:17,81100,44666,13407,82,
14:57:18,81200,44723,13419,82,
14:57:19,81300,44789,13436,82,
14:57:19,81400,44849,13448,82,
14:57:20,81500,44906,13465,82,
14:57:20,81600,44963,13480,82,
14:57:21,81700,45007,13499,82,
14:57:22,81800,45071,13527,82,
14:57:22,81900,45131,13542,82,
14:57:23,82000,45194,13565,82,
14:57:24,82100,45251,13588,82,
14:57:24,82200,45314,13606,82,
14:57:24,82300,45366,13621,82,
14:57:25,82400,45422,13639,82,
14:57:25,82500,45479,13661,82,
14:57:26,82600,45531,13674,82,
14:57:26,82700,45598,13692,82,
14:57:27,82800,45661,13702,82,
14:57:27,82900,45722,13717,82,
14:57:27,83000,45775,13725,82,
14:57:28,83100,45816,13744,82,
14:57:28,83200,45889,13757,82,
14:57:29,83300,45945,13768,82,
14:57:29,83400,46014,13784,82,
14:57:30,83500,46064,13806,82,
14:57:30,83600,46124,13819,82,
14:57:31,83700,46194,13834,82,
14:57:31,83800,46246,13848,82,
14:57:32,83900,46294,13873,82,
14:57:32,84000,46342,13883,82,
14:57:32,84100,46407,13900,82,
14:57:33,84200,46445,13920,82,
14:57:33,84300,46503,13936,82,
14:57:33,84400,46562,13948,82,
14:57:34,84500,46609,13964,82,
14:57:34,84600,46663,13988,84,
14:57:35,84700,46711,14001,84,
14:57:35,84800,46770,14020,84,
14:57:36,84900,46819,14037,84,
14:57:36,85000,46878,14053,84,
14:57:37,85100,46935,14079,84,
14:57:37,85200,46986,14097,84,
14:57:38,85300,47053,14117,84,
14:57:38,85400,47096,14126,84,
14:57:38,85500,47158,14149,84,
14:57:39,85600,47208,14162,84,
14:57:39,85700,47269,14176,84,
14:57:39,85800,47323,14187,84,
14:57:40,85900,47371,14202,84,
14:57:40,86000,47435,14213,84,
14:57:41,86100,47484,14223,84,
14:57:41,86200,47548,14235,86,
14:57:41,86300,47598,14253,86,
14:57:42,86400,47660,14272,86,
14:57:42,86500,47730,14287,86,
14:57:43,86600,47780,14300,86,
14:57:43,86700,47848,14322,86,
14:57:43,86800,47898,14333,86,
14:57:44,86900,47959,14352,86,
14:57:45,87000,48021,14368,86,
14:57:45,87100,48077,14380,86,
14:57:45,87200,48137,14403,86,
14:57:46,87300,48192,14411,86,
14:57:46,87400,48248,14427,86,
14:57:46,87500,48285,14442,86,
14:57:47,87600,48349,14460,86,
14:57:47,87700,48400,14475,86,
14:57:48,87800,48462,14484,86,
14:57:49,87900,48529,14503,86,
14:57:49,88000,48587,14517,86,
14:57:50,88100,48646,14531,86,
14:57:50,88200,48694,14543,88,
14:57:51,88300,48754,14562,88,
14:57:51,88400,48807,14576,88,
14:57:51,88500,48853,14592,88,
14:57:52,88600,48906,14610,88,
14:57:52,88700,48961,14625,88,
14:57:53,88800,49025,14643,88,
14:57:53,88900,49070,14651,88,
14:57:54,89000,49114,14675,88,
14:57:54,89100,49171,14695,88,
14:57:55,89200,49236,14708,88,
14:57:55,89300,49289,14720,88,
14:57:56,89400,49347,14737,88,
14:57:56,89500,49411,14753,88,
14:57:56,89600,49459,14771,90,
14:57:57,89700,49534,14795,90,
14:57:57,89800,49587,14804,90,
14:57:58,89900,49647,14819,90,
14:57:58,90000,49711,14837,90,
14:57:59,90100,49766,14851,90,
14:57:59,90200,49824,14864,90,
14:58:0,90300,49863,14877,90,
14:58:0,90400,49920,14891,90,
14:58:0,90500,49967,14913,90,
14:58:1,90600,50020,14932,90,
14:58:1,90700,50072,14945,90,
14:58:1,90800,50124,14964,90,
14:58:2,90900,50176,14980,90,
14:58:2,91000,50228,14989,90,
14:58:3,91100,50285,15005,92,
14:58:3,91200,50338,15025,92,
14:58:4,91300,50392,15049,92,
14:58:5,91400,50446,15069,92,
14:58:6,91500,50506,15089,92,
14:58:6,91600,50552,15105,92,
14:58:7,91700,50593,15123,92,
14:58:7,91800,50651,15139,92,
14:58:7,91900,50705,15162,92,
14:58:8,92000,50760,15176,92,
14:58:8,92100,50812,15193,92,
14:58:9,92200,50860,15202,92,
14:58:9,92300,50922,15218,92,
14:58:9,92400,50968,15230,92,
14:58:10,92500,51036,15252,92,
14:58:10,92600,51079,15271,92,
14:58:10,92700,51130,15294,94,
14:58:11,92800,51177,15320,94,
14:58:11,92900,51233,15335,94,
14:58:12,93000,51294,15348,94,
14:58:12,93100,51349,15367,94,
14:58:13,93200,51405,15386,94,
14:58:13,93300,51455,15398,94,
14:58:14,93400,51522,15407,94,
14:58:14,93500,51584,15431,94,
14:58:15,93600,51634,15448,94,
14:58:15,93700,51694,15467,94,
14:58:16,93800,51749,15483,94,
14:58:16,93900,51812,15503,94,
14:58:17,94000,51862,15516,94,
14:58:17,94100,51908,15530,94,
14:58:17,94200,51962,15548,94,
14:58:18,94300,52017,15562,94,
14:58:18,94400,52071,15578,94,
14:58:18,94500,52121,15589,94,
14:58:19,94600,52192,15607,94,
14:58:19,94700,52251,15622,94,
14:58:20,94800,52305,15637,94,
14:58:20,94900,52367,15652,94,
14:58:21,95000,52413,15663,94,
14:58:21,95100,52464,15677,94,
14:58:21,95200,52519,15690,94,
14:58:22,95300,52578,15705,94,
14:58:22,95400,52628,15725,94,
14:58:22,95500,52678,15741,94,
14:58:23,95600,52737,15758,94,
14:58:23,95700,52795,15780,94,
14:58:24,95800,52866,15795,94,
14:58:25,95900,52924,15815,94,
14:58:25,96000,52976,15841,94,
14:58:26,96100,53035,15853,94,
14:58:26,96200,53083,15868,94,
14:58:26,96300,53149,15885,94,
14:58:27,96400,53204,15899,94,
14:58:27,96500,53259,15921,94,
14:58:28,96600,53309,15932,94,
14:58:28,96700,53383,15953,94,
14:58:29,96800,53447,15967,94,
14:58:29,96900,53513,15980,94,
14:58:30,97000,53573,15995,94,
14:58:31,97100,53634,16017,94,
14:58:31,97200,53694,16040,94,
14:58:31,97300,53738,16048,94,
14:58:32,97400,53797,16059,94,
14:58:32,97500,53845,16079,94,
14:58:33,97600,53909,16090,94,
14:58:33,97700,53965,16109,94,
14:58:33,97800,54016,16123,94,
14:58:34,97900,54074,16147,94,
14:58:35,98000,54136,16163,94,
14:58:35,98100,54199,16181,94,
14:58:35,98200,54248,16195,94,
14:58:36,98300,54301,16211,94,
14:58:36,98400,54358,16231,94,
14:58:37,98500,54405,16247,94,
14:58:37,98600,54472,16267,94,
14:58:38,98700,54519,16283,94,
14:58:38,98800,54596,16294,94,
14:58:39,98900,54645,16316,94,
14:58:39,99000,54699,16335,94,
14:58:40,99100,54751,16355,94,
14:58:40,99200,54814,16369,94,
14:58:41,99300,54869,16386,94,
14:58:41,99400,54915,16400,94,
14:58:41,99500,54974,16418,94,
14:58:42,99600,55022,16439,94,
14:58:42,99700,55085,16455,94,
14:58:43,99800,55151,16465,94,
14:58:43,99900,55197,16478,94,
14:58:44,100000,55254,16499,94,
14:58:44,100100,55304,16516,94,
14:58:44,100200,55359,16536,94,
14:58:45,100300,55402,16551,94,
14:58:45,100400,55462,16565,94,
14:58:45,100500,55513,16581,94,
14:58:46,100600,55567,16597,94,
14:58:46,100700,55616,16609,94,
14:58:46,100800,55662,16627,94,
14:58:47,100900,55724,16646,94,
14:58:48,101000,55787,16664,94,
14:58:48,101100,55846,16680,94,
14:58:48,101200,55902,16695,94,
14:58:49,101300,55955,16709,94,
14:58:49,101400,56009,16724,94,
14:58:49,101500,56047,16739,94,
14:58:50,101600,56111,16755,94,
14:58:50,101700,56163,16763,94,
14:58:51,101800,56218,16779,94,
14:58:51,101900,56269,16797,94,
14:58:52,102000,56324,16812,94,
14:58:52,102100,56385,16833,96,
14:58:53,102200,56442,16845,96,
14:58:53,102300,56511,16860,96,
14:58:53,102400,56556,16875,96,
14:58:54,102500,56612,16895,96,
14:58:54,102600,56670,16912,96,
14:58:55,102700,56733,16919,96,
14:58:55,102800,56789,16933,96,
14:58:55,102900,56833,16946,96,
14:58:56,103000,56893,16966,96,
14:58:56,103100,56957,16982,96,
14:58:56,103200,57014,17000,96,
14:58:57,103300,57066,17010,98,
14:58:57,103400,57118,17023,98,
14:58:58,103500,57169,17039,100,
14:58:58,103600,57222,17057,100,
14:58:59,103700,57280,17081,100,
14:58:59,103800,57328,17090,100,
14:58:59,103900,57383,17102,100,
14:59:0,104000,57436,17114,100,
14:59:0,104100,57474,17139,100,
14:59:1,104200,57528,17164,102,
