14:9:22,100,18,3,0,
14:9:22,200,39,8,0,
14:9:22,300,50,11,0,
14:9:22,400,57,14,0,
14:9:22,500,71,18,0,
14:9:22,600,85,23,0,
14:9:22,700,93,27,0,
14:9:22,800,97,30,0,
14:9:22,900,109,32,0,
14:9:22,1000,120,38,0,
14:9:22,1100,135,41,0,
14:9:22,1200,149,44,0,
14:9:22,1300,174,50,0,
14:9:22,1400,185,55,0,
14:9:22,1500,195,57,0,
14:9:22,1600,204,60,0,
14:9:22,1700,226,62,0,
14:9:22,1800,238,63,0,
14:9:23,1900,262,65,0,
14:9:23,2000,274,66,0,
14:9:23,2100,294,69,0,
14:9:23,2200,307,70,0,
14:9:23,2300,322,72,0,
14:9:23,2400,338,79,0,
14:9:23,2500,348,89,0,
14:9:23,2600,362,91,0,
14:9:23,2700,370,92,0,
14:9:23,2800,379,97,0,
14:9:23,2900,402,102,0,
14:9:23,3000,417,103,0,
14:9:23,3100,429,104,0,
14:9:23,3200,440,106,0,
14:9:23,3300,453,110,0,
14:9:23,3400,470,114,0,
14:9:23,3500,484,118,0,
14:9:23,3600,499,123,2,
14:9:23,3700,514,130,2,
14:9:23,3800,529,134,2,
14:9:24,3900,541,138,2,
14:9:24,4000,553,144,4,
14:9:24,4100,569,148,4,
14:9:24,4200,585,155,4,
14:9:24,4300,600,156,4,
14:9:24,4400,609,162,4,
14:9:24,4500,628,170,4,
14:9:24,4600,639,177,4,
14:9:24,4700,652,183,4,
14:9:24,4800,660,186,4,
14:9:24,4900,681,190,4,
14:9:24,5000,693,191,4,
14:9:24,5100,709,193,4,
14:9:24,5200,717,196,4,
14:9:24,5300,737,202,4,
14:9:24,5400,749,208,4,
14:9:24,5500,760,210,4,
14:9:24,5600,769,216,4,
14:9:24,5700,787,220,4,
14:9:24,5800,806,223,4,
14:9:24,5900,818,227,4,
14:9:25,6000,833,233,4,
14:9:25,6100,856,236,4,
14:9:25,6200,869,239,4,
14:9:25,6300,882,240,4,
14:9:25,6400,889,244,4,
14:9:25,6500,911,246,4,
14:9:25,6600,921,250,4,
14:9:25,6700,940,250,4,
14:9:25,6800,959,254,4,
14:9:25,6900,972,262,4,
14:9:25,7000,985,264,4,
14:9:25,7100,1000,266,4,
14:9:25,7200,1015,272,6,
14:9:25,7300,1036,276,6,
14:9:25,7400,1050,284,6,
14:9:25,7500,1069,290,6,
14:9:25,7600,1075,295,6,
14:9:25,7700,1093,300,6,
14:9:25,7800,1107,304,6,
14:9:25,7900,1123,306,6,
14:9:26,8000,1137,312,6,
14:9:26,8100,1155,315,6,
14:9:26,8200,1161,319,6,
14:9:26,8300,1173,326,6,
14:9:26,8400,1180,326,6,
14:9:26,8500,1205,332,6,
14:9:26,8600,1218,335,6,
14:9:26,8700,1229,338,6,
14:9:26,8800,1239,341,6,
14:9:26,8900,1253,347,6,
14:9:26,9000,1270,349,6,
14:9:26,9100,1282,350,6,
14:9:26,9200,1295,354,6,
14:9:26,9300,1314,358,6,
14:9:26,9400,1325,365,6,
14:9:26,9500,1345,366,6,
14:9:26,9600,1352,368,6,
14:9:26,9700,1379,374,6,
14:9:26,9800,1390,377,6,
14:9:26,9900,1408,380,6,
14:9:27,10000,1418,384,6,
14:9:27,10100,1439,391,6,
14:9:27,10200,1449,395,6,
14:9:27,10300,1457,399,6,
14:9:27,10400,1470,402,6,
14:9:27,10500,1487,409,6,
14:9:27,10600,1501,411,6,
14:9:27,10700,1515,413,6,
14:9:27,10800,1526,415,6,
14:9:27,10900,1548,424,6,
14:9:27,11000,1559,430,6,
14:9:27,11100,1565,435,6,
14:9:27,11200,1574,439,6,
14:9:27,11300,1584,441,6,
14:9:27,11400,1596,445,6,
14:9:27,11500,1614,448,6,
14:9:27,11600,1625,450,6,
14:9:27,11700,1638,458,6,
14:9:27,11800,1652,462,6,
14:9:27,11900,1662,464,6,
14:9:27,12000,1666,468,8,
14:9:27,12100,1686,472,8,
14:9:28,12200,1699,479,8,
14:9:28,12300,1705,481,8,
14:9:28,12400,1713,484,8,
14:9:28,12500,1730,488,8,
14:9:28,12600,1742,490,8,
14:9:28,12700,1757,498,8,
14:9:28,12800,1767,499,8,
14:9:28,12900,1780,503,8,
14:9:28,13000,1792,507,8,
14:9:28,13100,1800,514,8,
14:9:28,13200,1812,517,8,
14:9:28,13300,1828,522,8,
14:9:28,13400,1844,527,8,
14:9:28,13500,1854,528,8,
14:9:28,13600,1864,530,8,
14:9:28,13700,1880,537,8,
14:9:28,13800,1893,539,8,
14:9:28,13900,1902,544,8,
14:9:28,14000,1913,546,8,
14:9:28,14100,1930,551,8,
14:9:28,14200,1939,553,8,
14:9:29,14300,1950,557,8,
14:9:29,14400,1966,561,8,
14:9:29,14500,1981,562,8,
14:9:29,14600,1993,568,8,
14:9:29,14700,2004,572,8,
14:9:29,14800,2013,579,8,
14:9:29,14900,2031,587,8,
14:9:29,15000,2047,590,8,
14:9:29,15100,2061,592,8,
14:9:29,15200,2073,594,8,
14:9:29,15300,2087,600,8,
14:9:29,15400,2096,604,8,
14:9:29,15500,2105,608,8,
14:9:29,15600,2120,611,8,
14:9:29,15700,2139,617,8,
14:9:29,15800,2157,619,8,
14:9:29,15900,2169,621,8,
14:9:29,16000,2181,625,8,
14:9:29,16100,2198,632,8,
14:9:29,16200,2215,633,8,
14:9:29,16300,2226,635,8,
14:9:30,16400,2239,639,8,
14:9:30,16500,2259,640,8,
14:9:30,16600,2274,646,8,
14:9:30,16700,2283,648,8,
14:9:30,16800,2293,652,8,
14:9:30,16900,2314,658,8,
14:9:30,17000,2328,661,8,
14:9:30,17100,2339,661,8,
14:9:30,17200,2352,664,8,
14:9:30,17300,2372,666,8,
14:9:30,17400,2396,671,8,
14:9:30,17500,2407,675,8,
14:9:30,17600,2416,676,8,
14:9:30,17700,2429,682,8,
14:9:30,17800,2441,686,8,
14:9:30,17900,2466,692,8,
14:9:30,18000,2479,693,8,
14:9:30,18100,2491,698,8,
14:9:30,18200,2506,709,8,
14:9:30,18300,2520,710,10,
14:9:30,18400,2532,714,10,
14:9:31,18500,2554,718,10,
14:9:31,18600,2567,719,10,
14:9:31,18700,2580,722,10,
14:9:31,18800,2592,724,10,
14:9:31,18900,2612,736,10,
14:9:31,19000,2624,741,10,
14:9:31,19100,2639,747,10,
14:9:31,19200,2645,750,10,
14:9:31,19300,2662,755,10,
14:9:31,19400,2673,757,10,
14:9:31,19500,2685,762,10,
14:9:31,19600,2694,762,10,
14:9:31,19700,2708,767,10,
14:9:31,19800,2723,768,10,
14:9:31,19900,2741,770,10,
14:9:31,20000,2754,772,10,
14:9:31,20100,2770,774,10,
14:9:31,20200,2778,778,10,
14:9:31,20300,2784,781,10,
14:9:31,20400,2799,782,10,
14:9:31,20500,2814,789,10,
14:9:32,20600,2825,793,10,
14:9:32,20700,2843,796,10,
14:9:32,20800,2852,800,10,
14:9:32,20900,2865,807,10,
14:9:32,21000,2888,810,10,
14:9:32,21100,2898,813,10,
14:9:32,21200,2907,815,10,
14:9:32,21300,2927,819,10,
14:9:32,21400,2941,821,10,
14:9:32,21500,2956,826,10,
14:9:32,21600,2963,829,10,
14:9:32,21700,2980,838,10,
14:9:32,21800,2989,844,10,
14:9:32,21900,3000,849,10,
14:9:32,22000,3005,851,10,
14:9:32,22100,3020,858,10,
14:9:32,22200,3031,863,10,
14:9:32,22300,3041,868,10,
