14:0:16,100,41,19,0,
14:0:16,200,100,30,0,
14:0:17,300,149,48,0,
14:0:17,400,213,62,0,
14:0:18,500,259,76,0,
14:0:18,600,323,88,0,
14:0:18,700,368,100,0,
14:0:19,800,427,117,0,
14:0:19,900,480,132,0,
14:0:20,1000,550,154,0,
14:0:20,1100,604,169,0,
14:0:20,1200,642,188,0,
14:0:21,1300,709,206,0,
14:0:21,1400,757,222,0,
14:0:22,1500,833,232,0,
14:0:23,1600,897,253,0,
14:0:23,1700,966,274,0,
14:0:24,1800,1029,293,0,
14:0:25,1900,1087,316,0,
14:0:25,2000,1145,331,0,
14:0:25,2100,1184,350,0,
14:0:26,2200,1252,367,0,
14:0:26,2300,1313,385,0,
14:0:27,2400,1364,400,0,
14:0:27,2500,1412,426,0,
14:0:28,2600,1460,440,0,
14:0:28,2700,1519,466,0,
14:0:29,2800,1561,478,0,
14:0:29,2900,1637,496,0,
14:0:30,3000,1690,510,0,
14:0:30,3100,1755,526,0,
14:0:31,3200,1808,546,0,
14:0:31,3300,1855,555,0,
14:0:31,3400,1920,571,0,
14:0:32,3500,1964,593,0,
14:0:33,3600,2034,616,0,
14:0:33,3700,2077,635,0,
14:0:34,3800,2142,654,0,
14:0:34,3900,2203,677,0,
14:0:35,4000,2260,694,0,
14:0:35,4100,2323,709,0,
14:0:35,4200,2376,719,0,
14:0:36,4300,2442,741,0,
14:0:36,4400,2492,767,0,
14:0:37,4500,2542,783,0,
14:0:37,4600,2606,800,0,
14:0:38,4700,2660,810,0,
14:0:38,4800,2726,828,0,
14:0:39,4900,2770,843,0,
14:0:39,5000,2826,861,0,
14:0:39,5100,2874,879,0,
14:0:40,5200,2931,898,0,
14:0:40,5300,2984,915,0,
14:0:40,5400,3030,925,0,
14:0:41,5500,3087,945,0,
14:0:41,5600,3145,962,0,
14:0:42,5700,3211,979,0,
14:0:42,5800,3259,993,0,
14:0:43,5900,3327,1007,0,
14:0:43,6000,3379,1028,0,
14:0:43,6100,3439,1041,0,
14:0:44,6200,3484,1061,0,
14:0:44,6300,3524,1071,0,
14:0:44,6400,3587,1090,0,
14:0:45,6500,3620,1111,0,
14:0:45,6600,3666,1132,0,
14:0:46,6700,3746,1139,0,
14:0:47,6800,3789,1158,0,
14:0:47,6900,3855,1183,0,
14:0:48,7000,3911,1193,0,
14:0:48,7100,3976,1209,0,
14:0:49,7200,4035,1233,0,
14:0:49,7300,4101,1253,0,
14:0:50,7400,4166,1269,0,
14:0:50,7500,4215,1289,0,
14:0:51,7600,4261,1311,0,
14:0:51,7700,4305,1326,0,
14:0:51,7800,4370,1337,0,
14:0:52,7900,4414,1351,0,
14:0:52,8000,4460,1365,0,
14:0:52,8100,4511,1386,0,
14:0:53,8200,4569,1404,0,
14:0:54,8300,4629,1423,0,
14:0:54,8400,4664,1439,0,
14:0:54,8500,4732,1456,0,
14:0:55,8600,4801,1472,0,
14:0:55,8700,4855,1491,0,
14:0:56,8800,4917,1510,0,
14:0:56,8900,4973,1517,0,
14:0:57,9000,5032,1547,0,
14:0:57,9100,5076,1558,0,
14:0:57,9200,5134,1577,0,
14:0:58,9300,5192,1587,0,
14:0:58,9400,5240,1610,0,
14:0:59,9500,5298,1622,0,
14:0:59,9600,5342,1639,0,
14:1:0,9700,5395,1666,0,
14:1:0,9800,5446,1682,0,
14:1:0,9900,5501,1701,0,
14:1:1,10000,5555,1714,0,
14:1:1,10100,5615,1729,0,
14:1:2,10200,5671,1750,0,
14:1:2,10300,5711,1762,0,
14:1:2,10400,5770,1778,0,
14:1:3,10500,5818,1792,0,
14:1:3,10600,5868,1809,0,
14:1:3,10700,5919,1824,0,
14:1:4,10800,5975,1841,0,
14:1:4,10900,6049,1853,0,
14:1:5,11000,6098,1870,0,
14:1:5,11100,6155,1891,0,
14:1:5,11200,6206,1902,0,
14:1:6,11300,6263,1924,0,
14:1:6,11400,6314,1944,0,
14:1:7,11500,6370,1959,0,
14:1:7,11600,6419,1973,0,
14:1:7,11700,6479,1982,0,
14:1:8,11800,6543,1995,0,
14:1:8,11900,6590,2005,0,
14:1:9,12000,6656,2020,0,
14:1:9,12100,6712,2038,0,
14:1:10,12200,6771,2063,0,
14:1:10,12300,6821,2082,0,
14:1:10,12400,6872,2101,0,
14:1:11,12500,6928,2118,0,
14:1:11,12600,6985,2137,0,
14:1:12,12700,7045,2156,0,
14:1:12,12800,7102,2168,0,
14:1:13,12900,7162,2188,0,
14:1:13,13000,7220,2207,0,
14:1:14,13100,7268,2229,0,
14:1:14,13200,7327,2245,0,
14:1:14,13300,7370,2265,0,
14:1:15,13400,7426,2281,0,
14:1:15,13500,7481,2299,0,
14:1:16,13600,7532,2315,0,
14:1:16,13700,7588,2339,0,
14:1:17,13800,7636,2354,0,
14:1:17,13900,7697,2369,0,
14:1:17,14000,7742,2382,0,
14:1:18,14100,7798,2402,0,
14:1:18,14200,7863,2412,0,
14:1:19,14300,7913,2436,0,
14:1:19,14400,7965,2449,0,
14:1:19,14500,8013,2462,0,
14:1:20,14600,8079,2487,0,
14:1:20,14700,8135,2501,0,
14:1:21,14800,8193,2517,0,
14:1:21,14900,8244,2532,0,
14:1:22,15000,8301,2547,0,
14:1:22,15100,8356,2560,0,
14:1:23,15200,8418,2573,0,
14:1:23,15300,8466,2597,0,
14:1:23,15400,8513,2615,0,
14:1:24,15500,8575,2630,0,
14:1:24,15600,8636,2643,0,
14:1:25,15700,8686,2665,0,
14:1:25,15800,8740,2686,0,
14:1:26,15900,8781,2702,0,
14:1:26,16000,8845,2726,0,
14:1:27,16100,8893,2740,0,
14:1:27,16200,8955,2760,0,
14:1:28,16300,9012,2775,0,
14:1:28,16400,9063,2799,0,
14:1:29,16500,9125,2819,0,
14:1:29,16600,9172,2832,0,
14:1:30,16700,9239,2845,0,
14:1:30,16800,9290,2862,0,
14:1:31,16900,9341,2889,0,
14:1:31,17000,9394,2903,2,
14:1:31,17100,9455,2919,2,
14:1:32,17200,9519,2935,2,
14:1:33,17300,9564,2956,2,
14:1:33,17400,9620,2973,2,
14:1:33,17500,9671,2989,2,
14:1:34,17600,9736,3012,2,
14:1:34,17700,9788,3031,2,
14:1:35,17800,9838,3049,2,
14:1:36,17900,9903,3061,2,
14:1:36,18000,9956,3074,2,
14:1:36,18100,10005,3096,2,
14:1:37,18200,10054,3109,2,
14:1:37,18300,10114,3131,2,
14:1:37,18400,10157,3141,2,
14:1:38,18500,10217,3158,2,
14:1:38,18600,10264,3176,2,
14:1:39,18700,10314,3189,2,
14:1:39,18800,10372,3206,2,
14:1:39,18900,10423,3218,2,
14:1:40,19000,10479,3232,2,
14:1:40,19100,10534,3245,2,
14:1:40,19200,10585,3257,2,
14:1:41,19300,10637,3268,2,
14:1:41,19400,10682,3283,2,
14:1:41,19500,10742,3302,2,
14:1:42,19600,10784,3317,2,
14:1:42,19700,10835,3333,2,
14:1:42,19800,10881,3348,2,
14:1:43,19900,10935,3364,2,
14:1:43,20000,10979,3378,2,
14:1:43,20100,11027,3392,2,
14:1:44,20200,11085,3415,2,
14:1:44,20300,11138,3423,2,
14:1:45,20400,11195,3447,2,
14:1:45,20500,11258,3461,2,
14:1:46,20600,11315,3470,2,
14:1:46,20700,11373,3494,2,
14:1:47,20800,11425,3508,2,
14:1:47,20900,11489,3524,2,
14:1:47,21000,11536,3537,2,
14:1:48,21100,11609,3556,2,
14:1:48,21200,11647,3573,2,
14:1:49,21300,11709,3587,2,
14:1:49,21400,11760,3608,2,
14:1:49,21500,11810,3623,2,
14:1:50,21600,11872,3644,2,
14:1:50,21700,11923,3662,2,
14:1:51,21800,11996,3680,2,
14:1:51,21900,12040,3700,2,
14:1:51,22000,12089,3713,2,
14:1:52,22100,12147,3733,2,
14:1:52,22200,12199,3751,2,
14:1:53,22300,12247,3776,2,
14:1:53,22400,12289,3797,2,
14:1:53,22500,12345,3811,2,
14:1:54,22600,12386,3825,2,
14:1:54,22700,12436,3840,2,
14:1:54,22800,12489,3855,2,
14:1:55,22900,12540,3871,2,
14:1:55,23000,12592,3887,2,
14:1:55,23100,12634,3898,2,
14:1:55,23200,12701,3909,2,
14:1:56,23300,12742,3924,2,
14:1:56,23400,12802,3940,2,
14:1:57,23500,12863,3957,2,
14:1:57,23600,12921,3973,2,
14:1:58,23700,12970,3997,2,
14:1:58,23800,13022,4012,2,
14:1:59,23900,13084,4034,2,
14:1:59,24000,13138,4050,2,
14:1:59,24100,13192,4065,2,
14:2:0,24200,13246,4081,2,
14:2:0,24300,13298,4096,2,
14:2:1,24400,13355,4121,2,
14:2:1,24500,13403,4136,2,
14:2:2,24600,13465,4153,2,
14:2:2,24700,13511,4172,2,
14:2:3,24800,13568,4185,2,
14:2:3,24900,13632,4205,2,
14:2:4,25000,13680,4220,2,
14:2:4,25100,13756,4238,2,
14:2:5,25200,13810,4252,2,
14:2:5,25300,13873,4269,2,
14:2:5,25400,13920,4284,2,
14:2:6,25500,13981,4295,2,
14:2:6,25600,14031,4316,2,
14:2:7,25700,14084,4327,2,
14:2:7,25800,14142,4347,2,
14:2:8,25900,14187,4368,2,
14:2:8,26000,14247,4389,2,
14:2:9,26100,14310,4403,2,
14:2:9,26200,14370,4417,2,
14:2:10,26300,14419,4427,2,
14:2:10,26400,14469,4445,2,
14:2:11,26500,14534,4463,2,
14:2:11,26600,14582,4479,2,
14:2:11,26700,14636,4490,2,
14:2:12,26800,14686,4504,2,
14:2:12,26900,14743,4519,2,
14:2:12,27000,14810,4531,2,
14:2:13,27100,14849,4551,2,
14:2:13,27200,14909,4572,2,
14:2:14,27300,14947,4586,2,
14:2:14,27400,15009,4598,2,
14:2:14,27500,15051,4607,2,
14:2:15,27600,15106,4615,2,
14:2:15,27700,15156,4636,2,
14:2:16,27800,15204,4658,2,
14:2:16,27900,15263,4680,2,
14:2:16,28000,15308,4695,2,
14:2:17,28100,15376,4705,2,
14:2:17,28200,15425,4723,2,
14:2:17,28300,15487,4747,2,
14:2:18,28400,15529,4757,2,
14:2:18,28500,15593,4770,2,
14:2:19,28600,15665,4786,2,
14:2:19,28700,15712,4803,2,
14:2:20,28800,15771,4819,2,
14:2:20,28900,15821,4841,2,
14:2:21,29000,15885,4852,2,
14:2:21,29100,15947,4865,2,
14:2:22,29200,15994,4887,2,
14:2:22,29300,16052,4906,2,
14:2:23,29400,16093,4922,2,
14:2:23,29500,16136,4945,2,
14:2:23,29600,16189,4956,2,
14:2:24,29700,16237,4971,2,
14:2:24,29800,16292,4990,2,
14:2:24,29900,16337,5012,2,
14:2:25,30000,16397,5030,2,
14:2:25,30100,16427,5047,2,
14:2:25,30200,16494,5063,2,
14:2:26,30300,16543,5084,2,
14:2:26,30400,16603,5100,2,
14:2:27,30500,16662,5111,2,
14:2:27,30600,16709,5130,2,
14:2:27,30700,16773,5146,2,
14:2:28,30800,16821,5163,2,
14:2:28,30900,16878,5180,2,
14:2:29,31000,16920,5192,2,
14:2:29,31100,16973,5211,2,
14:2:29,31200,17032,5232,2,
14:2:30,31300,17077,5254,2,
14:2:30,31400,17138,5273,2,
14:2:31,31500,17181,5292,2,
14:2:31,31600,17250,5306,2,
14:2:32,31700,17304,5315,2,
14:2:32,31800,17364,5331,2,
14:2:33,31900,17420,5352,2,
14:2:33,32000,17466,5365,2,
14:2:34,32100,17530,5389,2,
14:2:34,32200,17586,5403,2,
14:2:35,32300,17643,5418,2,
14:2:35,32400,17704,5433,2,
14:2:36,32500,17761,5453,2,
14:2:36,32600,17819,5470,2,
14:2:36,32700,17877,5484,2,
14:2:37,32800,17937,5506,2,
14:2:37,32900,17977,5520,2,
14:2:38,33000,18034,5544,2,
14:2:38,33100,18082,5565,2,
14:2:39,33200,18141,5577,2,
14:2:39,33300,18204,5598,2,
14:2:40,33400,18265,5617,2,
14:2:40,33500,18314,5632,2,
14:2:40,33600,18350,5644,2,
14:2:41,33700,18409,5662,2,
14:2:41,33800,18465,5674,2,
14:2:41,33900,18527,5697,2,
14:2:42,34000,18582,5710,2,
14:2:42,34100,18636,5727,2,
14:2:43,34200,18695,5745,2,
14:2:43,34300,18742,5764,2,
14:2:43,34400,18806,5776,2,
14:2:44,34500,18854,5788,2,
14:2:44,34600,18910,5806,2,
14:2:45,34700,18963,5821,2,
14:2:45,34800,19011,5831,2,
14:2:46,34900,19083,5849,2,
14:2:46,35000,19132,5871,2,
14:2:47,35100,19195,5890,2,
14:2:47,35200,19246,5911,2,
14:2:48,35300,19321,5927,2,
14:2:49,35400,19389,5939,2,
14:2:49,35500,19446,5956,2,
14:2:49,35600,19495,5974,2,
14:2:50,35700,19539,5987,2,
14:2:50,35800,19602,6003,2,
14:2:51,35900,19659,6012,2,
14:2:51,36000,19713,6033,2,
14:2:52,36100,19773,6051,2,
14:2:52,36200,19825,6063,2,
14:2:53,36300,19880,6083,2,
14:2:53,36400,19937,6097,2,
14:2:54,36500,20002,6115,2,
14:2:54,36600,20059,6138,2,
14:2:55,36700,20116,6154,2,
14:2:55,36800,20186,6172,2,
14:2:56,36900,20234,6184,2,
14:2:57,37000,20305,6204,2,
14:2:57,37100,20366,6217,2,
14:2:57,37200,20422,6238,2,
14:2:58,37300,20478,6252,2,
14:2:58,37400,20540,6271,2,
14:2:59,37500,20587,6281,2,
14:2:59,37600,20639,6296,2,
14:2:59,37700,20689,6315,2,
14:3:0,37800,20733,6326,2,
14:3:0,37900,20790,6338,2,
14:3:1,38000,20844,6351,2,
14:3:1,38100,20898,6368,2,
14:3:2,38200,20951,6385,2,
14:3:2,38300,21008,6397,2,
14:3:2,38400,21058,6417,2,
14:3:3,38500,21106,6434,2,
14:3:3,38600,21167,6452,2,
14:3:4,38700,21214,6469,2,
14:3:4,38800,21276,6490,2,
14:3:5,38900,21339,6507,2,
14:3:5,39000,21396,6526,2,
14:3:5,39100,21450,6546,2,
14:3:6,39200,21480,6572,2,
14:3:6,39300,21548,6587,2,
14:3:7,39400,21599,6604,2,
14:3:7,39500,21649,6616,2,
14:3:7,39600,21687,6629,2,
14:3:7,39700,21738,6642,2,
14:3:8,39800,21789,6658,2,
14:3:8,39900,21834,6675,2,
14:3:9,40000,21892,6704,2,
14:3:9,40100,21944,6713,2,
14:3:9,40200,22007,6731,2,
14:3:10,40300,22057,6743,2,
14:3:10,40400,22108,6763,2,
14:3:11,40500,22166,6783,2,
14:3:11,40600,22212,6803,2,
14:3:12,40700,22277,6826,2,
14:3:12,40800,22337,6840,2,
14:3:13,40900,22394,6857,2,
14:3:13,41000,22460,6871,2,
14:3:13,41100,22508,6885,2,
14:3:14,41200,22573,6902,2,
14:3:14,41300,22614,6913,2,
14:3:15,41400,22688,6927,4,
14:3:15,41500,22733,6946,4,
14:3:16,41600,22797,6964,4,
14:3:16,41700,22847,6982,4,
14:3:17,41800,22896,6997,4,
14:3:17,41900,22964,7020,4,
14:3:17,42000,23013,7029,4,
14:3:18,42100,23081,7046,4,
14:3:19,42200,23133,7060,4,
14:3:19,42300,23188,7080,4,
14:3:20,42400,23245,7102,4,
14:3:20,42500,23304,7112,4,
14:3:20,42600,23348,7131,4,
14:3:21,42700,23412,7140,4,
14:3:21,42800,23476,7156,4,
14:3:22,42900,23533,7176,4,
14:3:22,43000,23578,7201,4,
14:3:23,43100,23633,7223,4,
14:3:23,43200,23698,7236,4,
14:3:24,43300,23760,7256,4,
14:3:24,43400,23803,7273,4,
14:3:25,43500,23868,7292,4,
14:3:25,43600,23927,7307,4,
14:3:26,43700,23979,7328,4,
14:3:26,43800,24029,7347,4,
14:3:26,43900,24082,7357,4,
14:3:27,44000,24150,7374,4,
14:3:27,44100,24198,7394,4,
14:3:28,44200,24255,7404,4,
14:3:28,44300,24304,7415,4,
14:3:28,44400,24356,7425,4,
14:3:29,44500,24408,7445,4,
14:3:29,44600,24458,7458,4,
14:3:29,44700,24521,7476,4,
14:3:30,44800,24566,7487,4,
14:3:31,44900,24644,7501,4,
14:3:31,45000,24706,7517,4,
14:3:32,45100,24747,7536,4,
14:3:32,45200,24800,7539,4,
14:3:32,45300,24854,7553,4,
14:3:33,45400,24912,7577,4,
14:3:33,45500,24964,7587,4,
14:3:34,45600,25016,7609,4,
14:3:34,45700,25061,7627,4,
14:3:34,45800,25120,7639,4,
14:3:35,45900,25169,7654,4,
14:3:35,46000,25233,7666,4,
14:3:36,46100,25292,7683,4,
14:3:36,46200,25339,7698,4,
14:3:36,46300,25388,7712,4,
14:3:37,46400,25431,7726,4,
14:3:37,46500,25491,7735,4,
14:3:37,46600,25548,7757,4,
14:3:38,46700,25600,7775,4,
14:3:39,46800,25673,7799,4,
14:3:39,46900,25725,7812,4,
14:3:40,47000,25781,7834,4,
14:3:40,47100,25837,7848,4,
14:3:41,47200,25886,7859,4,
14:3:41,47300,25947,7874,4,
14:3:42,47400,26007,7886,4,
14:3:42,47500,26063,7908,4,
14:3:43,47600,26108,7926,4,
14:3:43,47700,26163,7948,4,
14:3:43,47800,26204,7964,4,
14:3:44,47900,26260,7982,4,
14:3:45,48000,26327,7998,4,
14:3:45,48100,26384,8012,4,
14:3:46,48200,26442,8034,4,
14:3:46,48300,26496,8050,4,
14:3:46,48400,26550,8068,4,
14:3:47,48500,26585,8091,4,
14:3:47,48600,26655,8108,4,
14:3:48,48700,26716,8129,4,
14:3:49,48800,26782,8140,4,
14:3:49,48900,26839,8158,4,
14:3:49,49000,26883,8169,4,
14:3:50,49100,26947,8192,4,
14:3:50,49200,26999,8202,4,
14:3:50,49300,27053,8214,4,
14:3:51,49400,27101,8236,4,
14:3:51,49500,27144,8252,4,
14:3:51,49600,27196,8270,4,
14:3:52,49700,27250,8287,4,
14:3:52,49800,27316,8307,4,
14:3:53,49900,27371,8320,4,
14:3:53,50000,27432,8339,4,
14:3:54,50100,27516,8353,4,
14:3:55,50200,27576,8367,4,
14:3:55,50300,27640,8379,4,
14:3:55,50400,27686,8393,4,
14:3:56,50500,27752,8406,4,
14:3:56,50600,27811,8426,4,
14:3:57,50700,27866,8450,4,
14:3:57,50800,27924,8465,4,
14:3:58,50900,27966,8475,4,
14:3:58,51000,28032,8483,4,
14:3:58,51100,28074,8498,4,
14:3:59,51200,28140,8514,4,
14:4:0,51300,28218,8525,4,
14:4:0,51400,28271,8542,4,
14:4:0,51500,28322,8548,4,
14:4:1,51600,28373,8562,4,
14:4:1,51700,28449,8579,4,
14:4:2,51800,28497,8595,4,
14:4:2,51900,28556,8619,4,
14:4:2,52000,28605,8634,4,
14:4:3,52100,28667,8646,4,
14:4:3,52200,28725,8670,4,
14:4:4,52300,28770,8687,4,
14:4:5,52400,28838,8702,4,
14:4:5,52500,28883,8722,4,
14:4:6,52600,28942,8740,4,
14:4:6,52700,29000,8755,4,
14:4:7,52800,29057,8774,4,
14:4:7,52900,29121,8792,4,
14:4:7,53000,29167,8804,4,
14:4:8,53100,29223,8819,4,
14:4:8,53200,29274,8831,4,
14:4:8,53300,29331,8845,4,
14:4:9,53400,29384,8859,4,
14:4:10,53500,29442,8881,4,
14:4:10,53600,29509,8900,4,
14:4:11,53700,29555,8919,4,
14:4:11,53800,29624,8935,4,
14:4:11,53900,29673,8952,4,
14:4:12,54000,29724,8970,4,
14:4:12,54100,29777,8981,4,
14:4:13,54200,29833,9006,4,
14:4:13,54300,29897,9023,4,
14:4:14,54400,29944,9041,4,
14:4:14,54500,30010,9059,4,
14:4:15,54600,30058,9071,4,
14:4:16,54700,30131,9091,4,
14:4:16,54800,30192,9108,4,
14:4:17,54900,30245,9129,4,
14:4:18,55000,30308,9142,4,
14:4:18,55100,30352,9161,4,
14:4:19,55200,30416,9179,4,
14:4:19,55300,30476,9193,4,
14:4:20,55400,30555,9214,4,
14:4:20,55500,30608,9228,4,
14:4:21,55600,30659,9251,4,
14:4:21,55700,30728,9268,4,
14:4:22,55800,30783,9288,4,
14:4:23,55900,30847,9310,4,
14:4:23,56000,30896,9324,4,
14:4:24,56100,30956,9348,4,
14:4:24,56200,31013,9373,4,
14:4:25,56300,31070,9401,4,
14:4:25,56400,31120,9418,4,
14:4:26,56500,31173,9436,4,
14:4:26,56600,31239,9448,4,
14:4:27,56700,31288,9465,4,
14:4:27,56800,31339,9492,4,
14:4:28,56900,31403,9506,4,
14:4:28,57000,31469,9518,4,
14:4:29,57100,31519,9532,4,
14:4:29,57200,31578,9549,4,
14:4:30,57300,31657,9564,4,
14:4:31,57400,31713,9578,4,
14:4:31,57500,31784,9592,4,
14:4:31,57600,31836,9608,4,
14:4:32,57700,31894,9622,4,
14:4:32,57800,31952,9636,4,
14:4:33,57900,32010,9653,4,
14:4:33,58000,32068,9671,4,
14:4:33,58100,32115,9680,4,
14:4:34,58200,32175,9697,4,
14:4:34,58300,32223,9713,4,
14:4:35,58400,32282,9729,4,
14:4:35,58500,32328,9753,4,
14:4:35,58600,32385,9769,4,
14:4:36,58700,32428,9786,4,
14:4:36,58800,32473,9803,4,
14:4:37,58900,32539,9820,4,
14:4:37,59000,32586,9838,4,
14:4:37,59100,32636,9855,4,
14:4:37,59200,32682,9876,4,
14:4:38,59300,32727,9891,4,
14:4:38,59400,32782,9908,4,
14:4:38,59500,32824,9918,4,
14:4:39,59600,32887,9935,4,
14:4:39,59700,32948,9952,4,
14:4:40,59800,32999,9975,4,
14:4:41,59900,33058,9986,4,
14:4:41,60000,33102,10003,4,
14:4:41,60100,33162,10018,4,
14:4:42,60200,33212,10033,4,
14:4:42,60300,33254,10057,4,
14:4:43,60400,33303,10070,4,
14:4:43,60500,33355,10092,4,
14:4:43,60600,33404,10110,4,
14:4:44,60700,33449,10124,4,
14:4:44,60800,33517,10136,4,
14:4:45,60900,33558,10151,4,
14:4:45,61000,33613,10175,4,
14:4:45,61100,33676,10187,4,
14:4:46,61200,33738,10198,4,
14:4:46,61300,33786,10212,4,
14:4:46,61400,33827,10229,4,
14:4:47,61500,33894,10241,4,
14:4:47,61600,33948,10262,4,
14:4:48,61700,34016,10278,4,
14:4:48,61800,34065,10291,4,
14:4:49,61900,34123,10305,4,
14:4:49,62000,34183,10326,4,
14:4:50,62100,34231,10340,4,
14:4:50,62200,34284,10356,4,
14:4:50,62300,34333,10370,4,
14:4:51,62400,34395,10393,4,
14:4:51,62500,34447,10411,4,
14:4:52,62600,34505,10424,4,
14:4:52,62700,34571,10440,4,
14:4:53,62800,34617,10462,4,
14:4:53,62900,34680,10479,4,
14:4:54,63000,34727,10497,4,
14:4:54,63100,34798,10512,4,
14:4:55,63200,34852,10529,4,
14:4:55,63300,34904,10547,4,
14:4:55,63400,34963,10554,4,
14:4:56,63500,35006,10569,4,
14:4:56,63600,35064,10578,4,
14:4:57,63700,35129,10591,4,
14:4:57,63800,35193,10612,4,
14:4:57,63900,35243,10624,4,
14:4:58,64000,35293,10643,4,
14:4:58,64100,35347,10666,4,
14:4:59,64200,35397,10679,4,
14:4:59,64300,35449,10700,4,
14:5:0,64400,35502,10717,4,
14:5:0,64500,35558,10732,4,
14:5:0,64600,35607,10755,4,
14:5:1,64700,35675,10766,4,
14:5:1,64800,35730,10787,4,
14:5:2,64900,35778,10800,4,
14:5:2,65000,35830,10819,4,
14:5:2,65100,35883,10835,4,
14:5:3,65200,35956,10849,4,
14:5:3,65300,36005,10870,4,
14:5:4,65400,36064,10884,4,
14:5:4,65500,36113,10903,4,
14:5:5,65600,36156,10921,4,
14:5:5,65700,36224,10936,4,
14:5:5,65800,36267,10955,4,
14:5:6,65900,36329,10974,4,
14:5:6,66000,36384,10991,4,
14:5:7,66100,36439,11015,4,
14:5:7,66200,36490,11037,4,
14:5:8,66300,36555,11052,4,
14:5:8,66400,36623,11071,4,
14:5:9,66500,36685,11087,4,
14:5:9,66600,36765,11098,4,
14:5:10,66700,36828,11116,4,
14:5:10,66800,36887,11137,4,
14:5:11,66900,36944,11147,4,
14:5:12,67000,36997,11170,4,
14:5:12,67100,37061,11193,4,
14:5:12,67200,37102,11209,4,
14:5:13,67300,37167,11231,4,
14:5:13,67400,37223,11249,4,
14:5:14,67500,37279,11272,4,
14:5:14,67600,37328,11296,4,
14:5:15,67700,37378,11308,4,
14:5:15,67800,37433,11338,4,
14:5:15,67900,37477,11353,4,
14:5:16,68000,37536,11375,4,
14:5:16,68100,37576,11395,4,
14:5:17,68200,37637,11413,4,
14:5:17,68300,37692,11428,4,
14:5:18,68400,37746,11445,4,
14:5:18,68500,37815,11457,4,
14:5:19,68600,37870,11463,4,
14:5:19,68700,37932,11472,4,
14:5:19,68800,37981,11485,4,
14:5:20,68900,38037,11503,4,
14:5:20,69000,38093,11519,4,
14:5:20,69100,38154,11529,4,
14:5:21,69200,38209,11541,4,
14:5:21,69300,38243,11555,4,
14:5:21,69400,38308,11573,4,
14:5:22,69500,38357,11588,4,
14:5:22,69600,38417,11604,4,
14:5:23,69700,38490,11615,4,
14:5:23,69800,38533,11635,4,
14:5:23,69900,38589,11653,4,
14:5:24,70000,38633,11675,4,
14:5:24,70100,38693,11691,4,
14:5:24,70200,38738,11707,4,
14:5:25,70300,38792,11725,4,
14:5:25,70400,38846,11742,4,
14:5:25,70500,38890,11764,4,
14:5:26,70600,38943,11785,4,
14:5:26,70700,38979,11800,4,
14:5:26,70800,39028,11826,4,
14:5:27,70900,39073,11836,4,
14:5:27,71000,39140,11850,4,
14:5:28,71100,39196,11872,4,
14:5:28,71200,39248,11890,4,
14:5:29,71300,39307,11904,4,
14:5:29,71400,39352,11916,4,
14:5:30,71500,39411,11938,4,
14:5:31,71600,39467,11960,4,
14:5:31,71700,39542,11977,4,
14:5:31,71800,39592,12002,4,
14:5:32,71900,39642,12020,4,
14:5:33,72000,39704,12041,4,
14:5:33,72100,39744,12059,4,
14:5:33,72200,39808,12074,4,
14:5:34,72300,39861,12084,4,
14:5:34,72400,39933,12099,4,
14:5:35,72500,39986,12116,4,
14:5:36,72600,40042,12139,4,
14:5:36,72700,40108,12159,4,
14:5:37,72800,40156,12177,4,
14:5:37,72900,40216,12191,4,
14:5:37,73000,40262,12203,6,
14:5:38,73100,40324,12218,6,
14:5:38,73200,40372,12241,6,
14:5:39,73300,40421,12254,6,
14:5:39,73400,40479,12282,6,
14:5:40,73500,40527,12292,6,
14:5:40,73600,40590,12311,6,
14:5:41,73700,40634,12333,6,
14:5:41,73800,40703,12349,6,
14:5:42,73900,40762,12367,6,
14:5:42,74000,40822,12377,6,
14:5:43,74100,40875,12396,6,
14:5:43,74200,40913,12413,6,
14:5:44,74300,40972,12429,6,
14:5:44,74400,41039,12446,6,
14:5:45,74500,41098,12458,6,
14:5:45,74600,41152,12474,6,
14:5:45,74700,41193,12489,6,
14:5:46,74800,41255,12507,6,
14:5:46,74900,41298,12520,6,
14:5:46,75000,41361,12542,6,
14:5:47,75100,41409,12559,6,
14:5:47,75200,41469,12578,6,
14:5:48,75300,41518,12602,6,
14:5:48,75400,41564,12623,6,
14:5:49,75500,41633,12644,6,
14:5:49,75600,41674,12657,6,
14:5:50,75700,41744,12678,6,
14:5:50,75800,41808,12688,6,
14:5:51,75900,41866,12711,6,
14:5:51,76000,41901,12733,6,
14:5:51,76100,41952,12745,6,
14:5:52,76200,42008,12768,6,
14:5:52,76300,42070,12779,6,
14:5:53,76400,42134,12800,6,
14:5:53,76500,42201,12819,6,
14:5:54,76600,42263,12833,6,
14:5:54,76700,42317,12850,6,
14:5:55,76800,42367,12869,6,
14:5:55,76900,42421,12887,6,
14:5:56,77000,42470,12904,6,
14:5:56,77100,42538,12922,6,
14:5:57,77200,42593,12945,6,
14:5:57,77300,42648,12963,6,
14:5:58,77400,42706,12988,6,
14:5:58,77500,42754,13001,6,
14:5:59,77600,42809,13017,6,
14:5:59,77700,42853,13030,6,
14:6:0,77800,42923,13050,6,
14:6:0,77900,42967,13066,6,
14:6:0,78000,43025,13081,6,
14:6:1,78100,43084,13105,6,
14:6:1,78200,43143,13123,6,
14:6:2,78300,43202,13142,6,
14:6:2,78400,43257,13150,6,
14:6:3,78500,43328,13169,6,
14:6:3,78600,43381,13186,6,
14:6:4,78700,43434,13200,6,
14:6:5,78800,43498,13218,6,
14:6:5,78900,43569,13232,6,
14:6:6,79000,43630,13257,6,
14:6:6,79100,43671,13267,6,
14:6:7,79200,43726,13286,6,
14:6:7,79300,43791,13302,6,
14:6:8,79400,43837,13315,6,
14:6:8,79500,43895,13329,6,
14:6:9,79600,43940,13339,6,
14:6:9,79700,44006,13359,6,
14:6:9,79800,44048,13378,6,
14:6:10,79900,44102,13395,6,
14:6:10,80000,44150,13417,6,
14:6:11,80100,44208,13430,6,
14:6:11,80200,44278,13440,6,
14:6:11,80300,44320,13453,6,
14:6:12,80400,44362,13472,6,
14:6:12,80500,44410,13488,6,
14:6:12,80600,44473,13502,6,
14:6:13,80700,44534,13512,6,
14:6:13,80800,44589,13527,6,
14:6:14,80900,44660,13541,6,
14:6:14,81000,44701,13556,6,
14:6:15,81100,44757,13577,6,
14:6:15,81200,44807,13589,6,
14:6:16,81300,44871,13606,6,
14:6:16,81400,44926,13621,6,
14:6:16,81500,44980,13637,6,
14:6:17,81600,45042,13655,6,
14:6:17,81700,45092,13668,6,
14:6:18,81800,45153,13685,6,
14:6:18,81900,45197,13696,6,
14:6:19,82000,45268,13713,6,
14:6:19,82100,45324,13731,6,
14:6:19,82200,45383,13742,6,
14:6:20,82300,45431,13766,6,
14:6:20,82400,45491,13782,6,
14:6:21,82500,45549,13802,6,
14:6:21,82600,45590,13811,6,
14:6:22,82700,45656,13822,6,
14:6:22,82800,45717,13836,6,
14:6:22,82900,45773,13861,6,
14:6:23,83000,45825,13876,6,
14:6:23,83100,45863,13891,6,
14:6:24,83200,45921,13909,6,
14:6:24,83300,45967,13929,6,
14:6:25,83400,46038,13952,6,
14:6:25,83500,46091,13972,6,
14:6:26,83600,46153,13993,6,
14:6:26,83700,46207,14013,6,
14:6:27,83800,46254,14033,6,
14:6:27,83900,46316,14047,6,
14:6:28,84000,46373,14063,6,
14:6:28,84100,46438,14082,6,
14:6:28,84200,46487,14095,6,
14:6:29,84300,46544,14111,6,
14:6:29,84400,46587,14131,6,
14:6:30,84500,46635,14145,6,
14:6:30,84600,46697,14160,6,
14:6:30,84700,46731,14174,6,
14:6:31,84800,46787,14197,6,
14:6:31,84900,46838,14210,6,
14:6:32,85000,46892,14228,6,
14:6:32,85100,46942,14254,6,
14:6:33,85200,47004,14270,6,
14:6:33,85300,47079,14287,6,
14:6:34,85400,47126,14303,8,
14:6:34,85500,47182,14324,8,
14:6:35,85600,47243,14338,8,
14:6:35,85700,47296,14354,8,
14:6:35,85800,47361,14369,8,
14:6:36,85900,47412,14389,8,
14:6:37,86000,47474,14412,8,
14:6:37,86100,47525,14424,8,
14:6:37,86200,47575,14445,8,
14:6:38,86300,47634,14465,8,
14:6:38,86400,47686,14484,8,
14:6:38,86500,47737,14499,8,
14:6:39,86600,47777,14520,8,
14:6:39,86700,47834,14537,8,
14:6:40,86800,47873,14552,8,
14:6:40,86900,47942,14570,8,
14:6:40,87000,47991,14591,8,
14:6:41,87100,48039,14609,8,
14:6:41,87200,48093,14626,8,
14:6:42,87300,48143,14639,8,
14:6:42,87400,48201,14660,8,
14:6:43,87500,48247,14669,8,
14:6:43,87600,48309,14688,8,
14:6:43,87700,48350,14703,8,
14:6:44,87800,48415,14718,8,
14:6:44,87900,48477,14734,8,
14:6:45,88000,48526,14749,8,
14:6:45,88100,48581,14764,8,
14:6:46,88200,48632,14779,8,
14:6:46,88300,48698,14793,8,
14:6:46,88400,48756,14807,8,
14:6:47,88500,48814,14827,8,
14:6:47,88600,48876,14844,8,
14:6:48,88700,48920,14862,8,
14:6:48,88800,48981,14883,8,
14:6:48,88900,49026,14899,8,
14:6:49,89000,49080,14918,8,
14:6:49,89100,49121,14934,8,
14:6:49,89200,49173,14951,8,
14:6:50,89300,49236,14972,8,
14:6:51,89400,49295,14993,8,
14:6:52,89500,49369,15012,8,
14:6:52,89600,49415,15024,8,
14:6:53,89700,49468,15046,8,
14:6:53,89800,49529,15060,8,
14:6:54,89900,49581,15080,8,
14:6:54,90000,49614,15105,8,
14:6:54,90100,49661,15121,8,
14:6:55,90200,49722,15139,8,
14:6:55,90300,49780,15153,8,
14:6:56,90400,49836,15175,8,
14:6:56,90500,49883,15192,8,
14:6:56,90600,49935,15205,8,
14:6:57,90700,49985,15221,8,
14:6:57,90800,50036,15232,8,
14:6:57,90900,50109,15252,8,
14:6:58,91000,50141,15269,8,
14:6:58,91100,50198,15288,8,
14:6:59,91200,50247,15308,8,
14:6:59,91300,50313,15326,8,
14:7:0,91400,50362,15344,8,
14:7:0,91500,50410,15364,8,
14:7:0,91600,50476,15377,8,
14:7:1,91700,50528,15394,8,
14:7:2,91800,50594,15421,8,
14:7:2,91900,50654,15437,8,
14:7:3,92000,50728,15450,8,
14:7:3,92100,50780,15472,8,
14:7:3,92200,50837,15480,8,
14:7:4,92300,50899,15492,10,
14:7:4,92400,50943,15503,10,
14:7:5,92500,51016,15513,10,
14:7:5,92600,51060,15528,10,
14:7:5,92700,51110,15542,10,
14:7:6,92800,51154,15566,10,
14:7:6,92900,51205,15576,10,
14:7:7,93000,51263,15597,10,
14:7:7,93100,51310,15615,10,
14:7:8,93200,51369,15625,10,
14:7:8,93300,51423,15637,10,
14:7:8,93400,51486,15649,10,
14:7:9,93500,51541,15666,10,
14:7:9,93600,51588,15681,10,
14:7:10,93700,51660,15703,10,
14:7:10,93800,51711,15715,10,
14:7:11,93900,51765,15740,10,
14:7:11,94000,51824,15758,10,
14:7:12,94100,51891,15779,10,
14:7:12,94200,51943,15792,10,
14:7:13,94300,51998,15810,10,
14:7:13,94400,52058,15827,10,
14:7:14,94500,52103,15845,10,
14:7:14,94600,52161,15864,10,
14:7:15,94700,52219,15882,10,
14:7:15,94800,52276,15898,10,
14:7:16,94900,52341,15910,10,
14:7:16,95000,52396,15921,10,
14:7:17,95100,52461,15945,10,
14:7:17,95200,52499,15959,10,
14:7:17,95300,52565,15979,10,
14:7:18,95400,52619,15992,10,
14:7:19,95500,52688,16011,10,
14:7:19,95600,52757,16026,10,
14:7:19,95700,52808,16033,10,
14:7:20,95800,52867,16061,10,
14:7:20,95900,52911,16082,10,
14:7:21,96000,52971,16109,10,
14:7:21,96100,53023,16124,10,
14:7:22,96200,53082,16139,10,
14:7:23,96300,53151,16159,10,
14:7:23,96400,53218,16177,10,
14:7:24,96500,53287,16188,10,
14:7:24,96600,53341,16201,10,
14:7:25,96700,53408,16216,10,
14:7:25,96800,53454,16237,10,
14:7:26,96900,53516,16246,10,
14:7:26,97000,53574,16264,10,
14:7:27,97100,53625,16278,10,
14:7:27,97200,53686,16305,10,
14:7:28,97300,53731,16317,10,
14:7:28,97400,53780,16334,10,
14:7:28,97500,53836,16355,10,
14:7:29,97600,53893,16371,10,
14:7:29,97700,53953,16385,10,
14:7:30,97800,54002,16402,10,
14:7:30,97900,54065,16422,10,
14:7:30,98000,54117,16439,10,
14:7:31,98100,54166,16456,10,
14:7:31,98200,54218,16473,10,
14:7:32,98300,54278,16482,10,
14:7:32,98400,54340,16499,10,
14:7:33,98500,54393,16515,10,
14:7:33,98600,54456,16533,10,
14:7:33,98700,54509,16545,10,
14:7:34,98800,54565,16571,10,
14:7:34,98900,54620,16582,10,
14:7:35,99000,54671,16599,10,
14:7:35,99100,54730,16618,10,
14:7:36,99200,54778,16636,10,
14:7:36,99300,54838,16656,10,
14:7:36,99400,54884,16666,10,
14:7:37,99500,54945,16688,10,
14:7:37,99600,55004,16700,10,
14:7:38,99700,55047,16714,10,
14:7:38,99800,55110,16730,10,
14:7:39,99900,55161,16745,10,
14:7:39,100000,55228,16765,10,
14:7:40,100100,55272,16786,10,
14:7:40,100200,55333,16800,10,
14:7:41,100300,55393,16821,10,
14:7:41,100400,55447,16837,10,
14:7:41,100500,55492,16853,10,
14:7:42,100600,55532,16868,10,
14:7:42,100700,55581,16882,10,
14:7:42,100800,55623,16900,10,
14:7:43,100900,55699,16915,10,
14:7:43,101000,55757,16935,10,
14:7:44,101100,55804,16952,10,
14:7:44,101200,55855,16970,10,
14:7:44,101300,55903,16985,10,
14:7:45,101400,55959,16996,10,
14:7:45,101500,56007,17007,10,
14:7:46,101600,56070,17029,10,
14:7:46,101700,56123,17044,10,
14:7:47,101800,56179,17063,10,
14:7:47,101900,56229,17082,10,
14:7:47,102000,56283,17095,10,
14:7:48,102100,56348,17105,10,
14:7:48,102200,56402,17112,10,
14:7:49,102300,56474,17127,10,
14:7:50,102400,56532,17140,10,
14:7:50,102500,56598,17159,10,
14:7:50,102600,56651,17178,10,
14:7:51,102700,56697,17190,10,
14:7:51,102800,56757,17203,10,
14:7:52,102900,56804,17214,10,
14:7:52,103000,56865,17234,10,
14:7:52,103100,56914,17246,10,
14:7:53,103200,56967,17258,10,
14:7:53,103300,57028,17280,10,
14:7:54,103400,57075,17303,10,
14:7:54,103500,57136,17334,10,
14:7:55,103600,57186,17350,10,
14:7:55,103700,57246,17367,10,
14:7:56,103800,57295,17383,10,
14:7:56,103900,57347,17397,10,
14:7:57,104000,57411,17418,10,
14:7:57,104100,57449,17433,10,
14:7:57,104200,57514,17450,10,
14:7:58,104300,57562,17463,10,
14:7:58,104400,57623,17484,10,
14:7:59,104500,57686,17497,10,
14:7:59,104600,57744,17513,10,
14:8:0,104700,57800,17529,10,
14:8:0,104800,57843,17548,10,
14:8:1,104900,57909,17562,10,
14:8:1,105000,57950,17578,10,
14:8:1,105100,57999,17604,10,
14:8:2,105200,58052,17618,10,
14:8:2,105300,58113,17631,10,
14:8:3,105400,58174,17648,10,
14:8:3,105500,58226,17662,10,
14:8:4,105600,58294,17680,10,
14:8:4,105700,58344,17696,10,
14:8:5,105800,58400,17716,10,
14:8:5,105900,58445,17729,10,
14:8:5,106000,58492,17749,10,
14:8:6,106100,58547,17773,10,
14:8:6,106200,58592,17787,10,
14:8:7,106300,58654,17802,10,
14:8:7,106400,58709,17819,10,
14:8:7,106500,58771,17833,10,
14:8:8,106600,58827,17846,10,
14:8:8,106700,58879,17858,10,
14:8:8,106800,58927,17872,10,
14:8:9,106900,58982,17886,10,
14:8:9,107000,59035,17902,10,
14:8:10,107100,59079,17913,10,
14:8:10,107200,59148,17930,10,
14:8:10,107300,59201,17944,10,
14:8:11,107400,59259,17959,10,
14:8:11,107500,59314,17974,10,
14:8:12,107600,59367,17996,10,
14:8:12,107700,59425,18015,10,
14:8:13,107800,59478,18030,10,
14:8:13,107900,59543,18051,10,
14:8:14,108000,59594,18069,10,
14:8:14,108100,59646,18084,10,
14:8:14,108200,59704,18101,10,
14:8:15,108300,59755,18119,10,
14:8:15,108400,59823,18131,10,
14:8:16,108500,59868,18148,10,
14:8:16,108600,59927,18166,10,
14:8:17,108700,59976,18186,10,
14:8:17,108800,60042,18198,10,
14:8:18,108900,60096,18220,10,
14:8:18,109000,60139,18241,10,
14:8:19,109100,60206,18261,10,
14:8:19,109200,60256,18277,10,
14:8:20,109300,60318,18295,10,
14:8:21,109400,60371,18312,10,
14:8:21,109500,60428,18328,10,
14:8:22,109600,60494,18340,10,
14:8:22,109700,60540,18359,10,
14:8:22,109800,60595,18375,10,
14:8:23,109900,60649,18383,10,
14:8:23,110000,60721,18405,10,
14:8:24,110100,60770,18421,10,
14:8:24,110200,60832,18436,10,
14:8:25,110300,60888,18459,10,
14:8:25,110400,60940,18472,10,
14:8:26,110500,60998,18491,10,
14:8:26,110600,61038,18511,10,
14:8:27,110700,61112,18528,10,
14:8:27,110800,61160,18552,10,
14:8:27,110900,61211,18568,10,
14:8:28,111000,61272,18582,10,
14:8:28,111100,61323,18594,10,
14:8:29,111200,61389,18616,10,
14:8:30,111300,61442,18626,10,
14:8:30,111400,61503,18647,10,
14:8:31,111500,61559,18658,10,
14:8:31,111600,61617,18671,10,
14:8:32,111700,61683,18696,10,
14:8:33,111800,61738,18716,10,
14:8:33,111900,61793,18743,10,
14:8:34,112000,61849,18758,10,
14:8:34,112100,61908,18780,10,
14:8:34,112200,61959,18794,10,
14:8:35,112300,62018,18806,10,
14:8:35,112400,62076,18824,10,
14:8:36,112500,62126,18841,10,
14:8:36,112600,62177,18863,10,
14:8:36,112700,62222,18876,10,
14:8:37,112800,62284,18891,10,
14:8:37,112900,62323,18907,10,
14:8:38,113000,62374,18921,10,
14:8:38,113100,62432,18945,12,
14:8:39,113200,62496,18961,12,
14:8:40,113300,62560,18982,12,
14:8:40,113400,62606,18994,12,
14:8:40,113500,62672,19017,12,
14:8:41,113600,62721,19028,12,
14:8:41,113700,62769,19039,12,
14:8:41,113800,62814,19057,12,
14:8:42,113900,62864,19070,12,
14:8:43,114000,62932,19086,12,
14:8:43,114100,62970,19103,12,
14:8:43,114200,63024,19125,12,
14:8:44,114300,63072,19145,12,
14:8:44,114400,63130,19158,12,
14:8:45,114500,63201,19173,12,
14:8:45,114600,63251,19183,12,
14:8:46,114700,63297,19202,12,
14:8:46,114800,63335,19221,12,
14:8:47,114900,63395,19240,12,
14:8:47,115000,63442,19256,12,
14:8:47,115100,63501,19269,12,
14:8:48,115200,63560,19284,12,
14:8:49,115300,63618,19305,12,
14:8:49,115400,63686,19318,12,
14:8:50,115500,63729,19335,12,
14:8:50,115600,63780,19353,12,
14:8:50,115700,63832,19372,12,
14:8:51,115800,63884,19387,12,
14:8:51,115900,63939,19408,12,
14:8:52,116000,63989,19418,12,
14:8:52,116100,64051,19435,12,
14:8:53,116200,64099,19451,12,
14:8:53,116300,64164,19471,12,
14:8:54,116400,64213,19481,12,
14:8:54,116500,64287,19499,12,
14:8:55,116600,64349,19519,14,
14:8:55,116700,64403,19542,14,
14:8:56,116800,64476,19551,14,
14:8:56,116900,64538,19569,14,
14:8:57,117000,64590,19597,14,
14:8:57,117100,64655,19609,14,
14:8:58,117200,64704,19624,14,
14:8:58,117300,64753,19647,14,
14:8:59,117400,64806,19661,14,
14:8:59,117500,64870,19680,14,
14:9:0,117600,64915,19690,14,
14:9:0,117700,64982,19710,14,
14:9:1,117800,65025,19725,14,
14:9:1,117900,65072,19748,14,
14:9:2,118000,65131,19769,14,
14:9:2,118100,65182,19787,14,
14:9:3,118200,65246,19809,14,
14:9:3,118300,65298,19831,14,
14:9:4,118400,65352,19853,14,
14:9:4,118500,65407,19863,14,
14:9:5,118600,65463,19886,14,
14:9:5,118700,65510,19910,14,
14:9:6,118800,65559,19923,14,
14:9:6,118900,65621,19940,14,
14:9:7,119000,65681,19954,14,
14:9:8,119100,65759,19970,14,
14:9:8,119200,65802,19990,14,
14:9:9,119300,65853,20009,14,
14:9:10,119400,65908,20029,14,
14:9:10,119500,65962,20046,14,
14:9:11,119600,66021,20067,14,
14:9:11,119700,66065,20076,14,
14:9:11,119800,66125,20099,14,
14:9:12,119900,66177,20115,14,
14:9:12,120000,66232,20136,14,
14:9:13,120100,66293,20149,14,
14:9:13,120200,66343,20163,16,
14:9:13,120300,66411,20178,16,
14:9:14,120400,66458,20197,16,
14:9:15,120500,66527,20218,16,
14:9:15,120600,66571,20240,16,
14:9:16,120700,66634,20254,16,
14:9:16,120800,66699,20271,16,
14:9:17,120900,66759,20283,16,
14:9:17,121000,66811,20299,16,
14:9:18,121100,66852,20320,16,
14:9:18,121200,66916,20337,16,
14:9:18,121300,66964,20348,16,
14:9:19,121400,67016,20364,16,
14:9:19,121500,67063,20378,16,
14:9:19,121600,67099,20399,16,
14:9:20,121700,67158,20420,16,
14:9:20,121800,67209,20429,16,
14:9:21,121900,67285,20446,16,
14:9:21,122000,67338,20457,16,
14:9:22,122100,67399,20476,16,
14:9:22,122200,67453,20495,16,
14:9:23,122300,67505,20506,16,
14:9:23,122400,67573,20522,16,
14:9:24,122500,67628,20530,16,
14:9:24,122600,67694,20555,16,
14:9:25,122700,67744,20570,16,
14:9:25,122800,67804,20584,16,
14:9:26,122900,67863,20605,16,
14:9:27,123000,67919,20622,16,
14:9:27,123100,67980,20636,16,
14:9:28,123200,68027,20655,16,
14:9:28,123300,68084,20672,16,
14:9:29,123400,68132,20697,16,
14:9:29,123500,68187,20723,16,
14:9:30,123600,68229,20737,16,
14:9:30,123700,68283,20746,16,
14:9:30,123800,68352,20758,16,
14:9:31,123900,68402,20769,16,
14:9:32,124000,68478,20789,16,
14:9:32,124100,68549,20804,16,
14:9:33,124200,68604,20821,16,
14:9:34,124300,68669,20844,16,
14:9:34,124400,68722,20860,16,
14:9:34,124500,68783,20882,16,
14:9:35,124600,68830,20896,16,
14:9:36,124700,68901,20911,16,
14:9:37,124800,68959,20934,16,
14:9:37,124900,69021,20958,16,
14:9:38,125000,69071,20976,16,
14:9:38,125100,69132,20990,16,
14:9:39,125200,69194,21005,16,
14:9:39,125300,69242,21014,16,
14:9:40,125400,69283,21038,16,
14:9:40,125500,69338,21058,16,
14:9:41,125600,69398,21077,16,
14:9:41,125700,69453,21091,16,
14:9:42,125800,69509,21110,16,
14:9:42,125900,69572,21133,16,
14:9:43,126000,69621,21142,16,
14:9:43,126100,69687,21152,16,
14:9:44,126200,69735,21162,16,
14:9:44,126300,69792,21182,16,
14:9:44,126400,69851,21198,16,
14:9:45,126500,69897,21213,16,
14:9:45,126600,69963,21231,16,
14:9:46,126700,70014,21244,16,
14:9:47,126800,70082,21263,16,
14:9:47,126900,70152,21274,16,
14:9:48,127000,70198,21291,16,
14:9:48,127100,70255,21311,16,
14:9:49,127200,70307,21333,16,
14:9:50,127300,70371,21354,16,
14:9:50,127400,70436,21367,16,
14:9:51,127500,70487,21394,16,
14:9:51,127600,70546,21415,16,
14:9:52,127700,70602,21436,16,
14:9:52,127800,70640,21463,16,
14:9:53,127900,70692,21482,16,
14:9:53,128000,70745,21498,16,
14:9:53,128100,70796,21515,16,
14:9:54,128200,70854,21539,16,
14:9:54,128300,70908,21550,16,
14:9:55,128400,70956,21569,16,
14:9:56,128500,71015,21589,16,
14:9:56,128600,71068,21599,16,
14:9:56,128700,71125,21617,16,
14:9:57,128800,71169,21627,16,
14:9:57,128900,71213,21645,16,
14:9:57,129000,71254,21662,16,
14:9:58,129100,71306,21681,16,
14:9:58,129200,71363,21698,16,
14:9:59,129300,71423,21714,16,
14:10:0,129400,71497,21728,16,
14:10:0,129500,71549,21741,16,
14:10:1,129600,71610,21764,16,
14:10:1,129700,71664,21784,16,
14:10:2,129800,71726,21803,16,
14:10:3,129900,71787,21823,16,
14:10:3,130000,71830,21845,16,
14:10:3,130100,71889,21864,16,
14:10:4,130200,71943,21874,16,
14:10:4,130300,72001,21895,16,
14:10:5,130400,72044,21912,16,
14:10:5,130500,72107,21929,16,
14:10:6,130600,72157,21949,16,
14:10:6,130700,72211,21961,16,
14:10:7,130800,72263,21986,16,
14:10:7,130900,72317,21998,16,
14:10:8,131000,72378,22014,16,
14:10:10,131100,72438,22035,16,
14:10:10,131200,72500,22049,16,
14:10:11,131300,72551,22065,16,
14:10:12,131400,72611,22082,16,
14:10:12,131500,72675,22101,16,
14:10:13,131600,72726,22119,16,
14:10:13,131700,72791,22139,16,
14:10:14,131800,72848,22152,16,
14:10:14,131900,72901,22171,16,
14:10:15,132000,72976,22186,16,
14:10:15,132100,73022,22197,16,
14:10:16,132200,73093,22212,16,
14:10:16,132300,73144,22227,16,
14:10:17,132400,73204,22243,16,
14:10:17,132500,73263,22260,16,
14:10:18,132600,73322,22277,16,
14:10:19,132700,73375,22299,16,
14:10:19,132800,73421,22316,16,
14:10:20,132900,73487,22331,16,
14:10:20,133000,73538,22343,16,
14:10:21,133100,73597,22368,16,
14:10:21,133200,73645,22380,16,
14:10:22,133300,73708,22394,16,
14:10:22,133400,73775,22420,16,
14:10:23,133500,73830,22436,16,
14:10:24,133600,73891,22459,16,
14:10:25,133700,73944,22474,16,
14:10:25,133800,74012,22491,16,
14:10:26,133900,74062,22508,16,
14:10:26,134000,74104,22524,16,
14:10:26,134100,74163,22537,16,
14:10:27,134200,74220,22544,16,
14:10:27,134300,74285,22562,16,
14:10:28,134400,74337,22571,16,
14:10:28,134500,74400,22592,16,
14:10:28,134600,74448,22606,16,
14:10:29,134700,74504,22621,16,
14:10:29,134800,74563,22631,16,
14:10:30,134900,74606,22650,16,
14:10:30,135000,74668,22669,16,
14:10:31,135100,74718,22683,16,
14:10:31,135200,74783,22702,16,
14:10:32,135300,74836,22716,16,
14:10:32,135400,74902,22725,16,
14:10:33,135500,74963,22745,16,
14:10:34,135600,75018,22760,16,
14:10:34,135700,75078,22776,16,
14:10:34,135800,75125,22796,16,
14:10:35,135900,75179,22813,16,
14:10:36,136000,75232,22830,16,
14:10:36,136100,75286,22853,16,
14:10:37,136200,75347,22876,16,
14:10:38,136300,75399,22892,16,
14:10:39,136400,75466,22916,16,
14:10:39,136500,75528,22926,16,
14:10:40,136600,75600,22943,16,
14:10:41,136700,75652,22965,16,
14:10:41,136800,75711,22984,16,
14:10:41,136900,75767,22990,16,
14:10:42,137000,75817,23005,16,
14:10:42,137100,75872,23020,16,
14:10:43,137200,75932,23036,16,
14:10:43,137300,75988,23057,16,
14:10:44,137400,76039,23079,16,
14:10:44,137500,76100,23103,16,
14:10:45,137600,76159,23125,16,
14:10:46,137700,76207,23144,16,
14:10:46,137800,76266,23167,16,
14:10:46,137900,76315,23180,16,
14:10:47,138000,76380,23198,16,
14:10:47,138100,76430,23217,16,
14:10:48,138200,76479,23235,16,
14:10:49,138300,76545,23251,16,
14:10:49,138400,76608,23261,16,
14:10:50,138500,76671,23279,16,
14:10:51,138600,76727,23293,16,
14:10:52,138700,76792,23310,16,
14:10:52,138800,76844,23330,16,
14:10:52,138900,76898,23343,16,
14:10:53,139000,76949,23357,16,
14:10:53,139100,77001,23371,16,
14:10:54,139200,77061,23386,16,
14:10:54,139300,77108,23400,16,
14:10:55,139400,77165,23414,16,
14:10:55,139500,77216,23421,16,
14:10:55,139600,77280,23441,16,
14:10:56,139700,77333,23456,16,
14:10:56,139800,77382,23474,16,
14:10:57,139900,77439,23490,16,
14:10:57,140000,77474,23506,16,
14:10:57,140100,77524,23524,16,
14:10:58,140200,77573,23539,16,
14:10:58,140300,77633,23550,16,
14:10:59,140400,77690,23561,16,
14:10:59,140500,77738,23574,16,
14:11:0,140600,77805,23593,16,
14:11:0,140700,77855,23602,16,
14:11:1,140800,77900,23621,16,
14:11:1,140900,77950,23641,16,
14:11:2,141000,78005,23658,16,
14:11:2,141100,78067,23672,16,
14:11:3,141200,78117,23682,16,
14:11:3,141300,78168,23695,16,
14:11:4,141400,78217,23713,16,
14:11:4,141500,78273,23729,16,
14:11:5,141600,78325,23748,16,
14:11:6,141700,78376,23763,16,
14:11:6,141800,78429,23780,16,
14:11:7,141900,78487,23802,16,
14:11:7,142000,78545,23820,16,
14:11:8,142100,78588,23826,16,
14:11:8,142200,78652,23843,16,
14:11:9,142300,78704,23857,16,
14:11:9,142400,78770,23877,16,
14:11:10,142500,78831,23886,16,
14:11:10,142600,78878,23902,16,
14:11:11,142700,78939,23921,16,
14:11:11,142800,78996,23927,16,
14:11:12,142900,79046,23942,16,
14:11:12,143000,79097,23962,16,
14:11:13,143100,79162,23977,16,
14:11:14,143200,79226,23994,16,
14:11:14,143300,79276,24006,16,
14:11:15,143400,79341,24026,16,
14:11:16,143500,79401,24046,16,
14:11:16,143600,79459,24062,16,
14:11:17,143700,79507,24078,16,
14:11:17,143800,79564,24091,16,
14:11:17,143900,79616,24104,16,
14:11:18,144000,79666,24121,16,
14:11:19,144100,79733,24137,16,
14:11:20,144200,79796,24150,16,
14:11:20,144300,79854,24170,16,
14:11:21,144400,79906,24187,16,
14:11:21,144500,79963,24201,16,
14:11:21,144600,80017,24219,16,
14:11:22,144700,80060,24236,16,
14:11:23,144800,80126,24256,16,
14:11:24,144900,80176,24282,16,
14:11:24,145000,80247,24304,16,
14:11:25,145100,80316,24314,16,
14:11:26,145200,80377,24330,16,
14:11:26,145300,80427,24346,16,
14:11:27,145400,80485,24362,16,
14:11:27,145500,80542,24387,16,
14:11:28,145600,80590,24406,16,
14:11:28,145700,80650,24424,16,
14:11:29,145800,80687,24442,16,
14:11:29,145900,80746,24463,16,
14:11:30,146000,80804,24480,16,
14:11:30,146100,80856,24493,16,
14:11:31,146200,80906,24507,16,
14:11:31,146300,80956,24521,16,
14:11:31,146400,81006,24542,16,
14:11:32,146500,81050,24557,16,
14:11:32,146600,81110,24569,16,
14:11:33,146700,81157,24587,16,
14:11:33,146800,81205,24605,16,
14:11:34,146900,81255,24631,16,
14:11:34,147000,81310,24642,16,
14:11:35,147100,81376,24663,16,
14:11:35,147200,81438,24673,16,
14:11:36,147300,81490,24697,16,
14:11:36,147400,81544,24721,16,
14:11:36,147500,81587,24739,16,
14:11:37,147600,81647,24757,16,
14:11:37,147700,81697,24776,16,
14:11:38,147800,81762,24786,16,
14:11:38,147900,81815,24796,16,
14:11:39,148000,81860,24816,16,
14:11:39,148100,81904,24842,16,
14:11:40,148200,81949,24858,16,
14:11:40,148300,82003,24874,16,
14:11:40,148400,82044,24886,16,
14:11:41,148500,82105,24905,16,
14:11:42,148600,82153,24918,16,
14:11:42,148700,82216,24929,16,
14:11:42,148800,82268,24943,16,
14:11:43,148900,82312,24956,16,
14:11:43,149000,82376,24974,16,
14:11:44,149100,82428,24989,16,
14:11:44,149200,82492,25009,16,
14:11:45,149300,82547,25029,16,
14:11:45,149400,82592,25043,16,
14:11:46,149500,82645,25064,16,
14:11:47,149600,82705,25083,16,
14:11:47,149700,82767,25107,16,
14:11:48,149800,82819,25121,16,
14:11:48,149900,82887,25135,16,
14:11:49,150000,82929,25151,16,
14:11:49,150100,82983,25168,16,
14:11:50,150200,83045,25179,16,
14:11:50,150300,83090,25195,16,
14:11:51,150400,83142,25218,16,
14:11:51,150500,83187,25235,16,
14:11:52,150600,83255,25255,16,
14:11:53,150700,83309,25274,16,
14:11:53,150800,83367,25292,16,
14:11:54,150900,83426,25305,16,
14:11:54,151000,83491,25328,16,
14:11:55,151100,83553,25350,16,
14:11:56,151200,83616,25360,16,
14:11:56,151300,83671,25378,16,
14:11:56,151400,83722,25390,16,
14:11:57,151500,83764,25408,16,
14:11:58,151600,83824,25429,16,
14:11:58,151700,83882,25443,16,
14:11:59,151800,83950,25463,16,
14:12:0,151900,84003,25483,16,
14:12:1,152000,84082,25500,16,
14:12:1,152100,84139,25516,16,
14:12:2,152200,84187,25531,16,
14:12:2,152300,84250,25559,16,
14:12:3,152400,84309,25576,16,
14:12:3,152500,84366,25593,16,
14:12:4,152600,84413,25603,16,
14:12:4,152700,84467,25629,16,
14:12:5,152800,84524,25641,16,
14:12:6,152900,84583,25658,16,
14:12:6,153000,84629,25680,16,
14:12:6,153100,84684,25687,16,
14:12:7,153200,84741,25702,16,
14:12:7,153300,84775,25717,16,
14:12:7,153400,84823,25739,16,
14:12:8,153500,84881,25757,16,
14:12:9,153600,84938,25771,16,
14:12:9,153700,84996,25792,16,
14:12:10,153800,85055,25813,16,
14:12:11,153900,85113,25834,16,
14:12:11,154000,85173,25844,16,
14:12:12,154100,85239,25856,16,
14:12:12,154200,85289,25867,16,
14:12:13,154300,85336,25890,16,
14:12:13,154400,85382,25907,16,
14:12:14,154500,85438,25926,16,
14:12:14,154600,85505,25950,16,
14:12:15,154700,85555,25960,16,
14:12:17,154800,85620,25986,16,
14:12:17,154900,85676,26009,16,
14:12:18,155000,85718,26026,16,
14:12:18,155100,85759,26035,16,
14:12:18,155200,85806,26045,16,
14:12:19,155300,85865,26062,16,
14:12:20,155400,85905,26084,16,
14:12:20,155500,85964,26107,16,
14:12:21,155600,86010,26124,16,
14:12:21,155700,86061,26142,16,
14:12:22,155800,86128,26158,16,
14:12:23,155900,86185,26173,16,
14:12:24,156000,86247,26194,16,
14:12:24,156100,86291,26209,16,
14:12:25,156200,86361,26229,16,
14:12:26,156300,86409,26248,16,
14:12:26,156400,86467,26272,16,
14:12:27,156500,86530,26283,16,
14:12:27,156600,86583,26297,18,
14:12:28,156700,86634,26318,18,
14:12:28,156800,86673,26337,18,
14:12:29,156900,86726,26354,18,
14:12:29,157000,86775,26367,18,
14:12:30,157100,86824,26390,18,
14:12:30,157200,86869,26408,18,
14:12:31,157300,86925,26424,18,
14:12:32,157400,86995,26450,18,
14:12:32,157500,87049,26462,18,
14:12:33,157600,87117,26470,18,
14:12:33,157700,87172,26490,18,
14:12:34,157800,87231,26506,18,
14:12:34,157900,87285,26524,18,
14:12:35,158000,87330,26542,18,
14:12:35,158100,87395,26558,18,
14:12:36,158200,87435,26572,18,
14:12:37,158300,87506,26592,18,
14:12:37,158400,87570,26608,18,
14:12:38,158500,87626,26616,18,
14:12:39,158600,87687,26632,18,
14:12:39,158700,87730,26653,18,
14:12:40,158800,87796,26676,18,
14:12:40,158900,87850,26690,18,
14:12:41,159000,87919,26713,18,
14:12:42,159100,87978,26738,18,
14:12:43,159200,88037,26756,18,
14:12:44,159300,88106,26777,18,
14:12:44,159400,88161,26793,18,
14:12:45,159500,88222,26816,18,
14:12:45,159600,88256,26833,18,
14:12:46,159700,88312,26855,18,
14:12:46,159800,88370,26868,18,
14:12:47,159900,88431,26886,18,
14:12:48,160000,88488,26902,18,
14:12:48,160100,88543,26917,18,
14:12:49,160200,88603,26933,18,
14:12:50,160300,88649,26952,18,
14:12:50,160400,88710,26973,18,
14:12:50,160500,88760,26986,18,
14:12:51,160600,88807,26999,18,
14:12:51,160700,88855,27017,18,
14:12:52,160800,88902,27032,18,
14:12:52,160900,88948,27053,18,
14:12:52,161000,88993,27063,18,
14:12:53,161100,89044,27082,18,
14:12:53,161200,89104,27100,18,
14:12:54,161300,89156,27114,18,
14:12:54,161400,89213,27130,18,
14:12:55,161500,89254,27147,18,
14:12:56,161600,89329,27168,18,
14:12:56,161700,89382,27179,18,
14:12:57,161800,89440,27189,18,
14:12:58,161900,89496,27208,18,
14:12:58,162000,89557,27216,18,
14:12:59,162100,89616,27231,18,
14:13:0,162200,89666,27243,18,
14:13:0,162300,89724,27261,18,
14:13:1,162400,89776,27279,18,
14:13:1,162500,89829,27298,18,
14:13:2,162600,89871,27309,18,
14:13:2,162700,89926,27325,18,
14:13:3,162800,89980,27342,18,
14:13:3,162900,90034,27356,18,
14:13:3,163000,90089,27379,18,
14:13:4,163100,90134,27397,18,
14:13:5,163200,90189,27417,18,
14:13:5,163300,90243,27431,18,
14:13:6,163400,90297,27454,18,
14:13:6,163500,90351,27474,18,
14:13:7,163600,90410,27487,18,
14:13:8,163700,90477,27504,18,
14:13:8,163800,90536,27515,18,
14:13:9,163900,90594,27533,18,
14:13:9,164000,90644,27548,18,
14:13:10,164100,90705,27555,18,
14:13:10,164200,90772,27565,18,
14:13:11,164300,90817,27587,18,
14:13:12,164400,90883,27610,18,
14:13:12,164500,90936,27617,18,
14:13:13,164600,90992,27632,18,
14:13:13,164700,91040,27646,18,
14:13:13,164800,91094,27662,18,
14:13:14,164900,91145,27680,18,
14:13:14,165000,91186,27690,18,
14:13:15,165100,91241,27712,18,
14:13:15,165200,91289,27726,18,
14:13:16,165300,91344,27749,18,
14:13:16,165400,91394,27761,18,
14:13:17,165500,91455,27777,18,
14:13:17,165600,91509,27792,18,
14:13:18,165700,91566,27803,18,
14:13:18,165800,91618,27824,18,
14:13:19,165900,91661,27840,18,
14:13:19,166000,91724,27855,18,
14:13:20,166100,91775,27873,18,
14:13:21,166200,91843,27885,18,
14:13:21,166300,91897,27903,18,
14:13:21,166400,91950,27913,18,
14:13:22,166500,92019,27927,18,
14:13:23,166600,92078,27938,18,
14:13:23,166700,92129,27960,18,
14:13:24,166800,92191,27974,18,
14:13:24,166900,92234,27992,18,
14:13:25,167000,92295,28011,18,
14:13:25,167100,92351,28024,18,
14:13:26,167200,92408,28042,18,
14:13:27,167300,92457,28059,18,
14:13:27,167400,92518,28089,18,
14:13:28,167500,92567,28109,18,
14:13:28,167600,92630,28127,18,
14:13:28,167700,92679,28142,18,
14:13:29,167800,92729,28165,18,
14:13:30,167900,92780,28184,18,
14:13:30,168000,92841,28198,18,
14:13:31,168100,92896,28212,18,
14:13:31,168200,92969,28224,18,
14:13:32,168300,93021,28243,18,
14:13:32,168400,93071,28254,18,
14:13:33,168500,93116,28270,18,
14:13:33,168600,93160,28288,18,
14:13:33,168700,93201,28302,18,
14:13:34,168800,93260,28326,18,
14:13:35,168900,93319,28336,18,
14:13:35,169000,93375,28348,18,
14:13:36,169100,93437,28365,18,
14:13:37,169200,93493,28378,18,
14:13:38,169300,93552,28399,18,
14:13:38,169400,93606,28412,18,
14:13:39,169500,93677,28428,18,
14:13:39,169600,93736,28439,18,
14:13:40,169700,93790,28454,18,
14:13:41,169800,93856,28475,18,
14:13:41,169900,93908,28495,18,
14:13:42,170000,93959,28512,18,
14:13:42,170100,93997,28529,18,
14:13:43,170200,94058,28550,18,
14:13:43,170300,94113,28567,18,
14:13:44,170400,94164,28591,18,
14:13:44,170500,94215,28619,18,
14:13:45,170600,94261,28636,18,
14:13:46,170700,94321,28654,18,
14:13:46,170800,94368,28670,18,
14:13:47,170900,94432,28686,18,
14:13:47,171000,94487,28697,18,
14:13:47,171100,94528,28709,18,
14:13:48,171200,94592,28722,18,
14:13:48,171300,94635,28739,18,
14:13:49,171400,94684,28752,18,
14:13:49,171500,94724,28771,18,
14:13:50,171600,94791,28788,18,
14:13:50,171700,94836,28805,18,
14:13:51,171800,94885,28818,18,
14:13:51,171900,94938,28834,18,
14:13:52,172000,94992,28846,18,
14:13:52,172100,95061,28861,18,
14:13:53,172200,95112,28868,18,
14:13:53,172300,95173,28889,18,
14:13:54,172400,95221,28904,18,
14:13:55,172500,95285,28916,18,
14:13:55,172600,95354,28933,18,
14:13:56,172700,95405,28946,18,
14:13:57,172800,95479,28955,18,
14:13:57,172900,95536,28966,18,
14:13:58,173000,95602,28986,18,
14:13:58,173100,95645,29000,18,
14:13:58,173200,95691,29012,18,
14:13:59,173300,95740,29027,18,
14:14:0,173400,95794,29048,18,
14:14:0,173500,95851,29064,18,
14:14:1,173600,95898,29083,18,
14:14:1,173700,95955,29106,18,
14:14:2,173800,96016,29119,18,
14:14:2,173900,96073,29136,18,
14:14:3,174000,96133,29146,18,
14:14:3,174100,96177,29161,18,
14:14:4,174200,96241,29183,18,
14:14:5,174300,96293,29204,18,
14:14:5,174400,96359,29217,18,
14:14:6,174500,96409,29232,18,
14:14:7,174600,96466,29254,18,
14:14:7,174700,96525,29276,18,
14:14:8,174800,96582,29289,18,
14:14:9,174900,96639,29310,18,
14:14:10,175000,96697,29336,18,
14:14:11,175100,96764,29358,18,
14:14:11,175200,96822,29374,18,
14:14:12,175300,96884,29388,18,
14:14:12,175400,96943,29414,18,
14:14:13,175500,97000,29426,18,
14:14:13,175600,97066,29440,18,
14:14:14,175700,97108,29453,18,
14:14:15,175800,97180,29468,18,
14:14:15,175900,97238,29489,18,
14:14:16,176000,97294,29504,18,
14:14:16,176100,97348,29517,18,
14:14:17,176200,97397,29531,18,
14:14:18,176300,97461,29552,18,
14:14:19,176400,97511,29563,18,
14:14:20,176500,97570,29594,18,
14:14:21,176600,97629,29615,18,
14:14:21,176700,97682,29635,18,
14:14:22,176800,97739,29648,18,
14:14:22,176900,97794,29664,18,
14:14:23,177000,97855,29686,18,
14:14:23,177100,97893,29698,18,
14:14:24,177200,97962,29720,18,
14:14:24,177300,98004,29738,18,
14:14:25,177400,98057,29753,18,
14:14:25,177500,98113,29769,18,
14:14:26,177600,98175,29783,18,
14:14:27,177700,98243,29806,18,
14:14:27,177800,98297,29817,18,
14:14:28,177900,98355,29833,18,
14:14:29,178000,98413,29856,18,
14:14:29,178100,98471,29879,18,
14:14:30,178200,98524,29895,18,
14:14:30,178300,98575,29906,18,
14:14:31,178400,98639,29922,18,
14:14:31,178500,98686,29933,18,
14:14:32,178600,98752,29948,18,
14:14:32,178700,98801,29962,18,
14:14:33,178800,98863,29979,18,
14:14:33,178900,98918,29996,18,
14:14:34,179000,98973,30013,18,
14:14:35,179100,99041,30028,18,
14:14:35,179200,99095,30041,18,
14:14:36,179300,99159,30068,18,
14:14:37,179400,99209,30086,18,
14:14:38,179500,99271,30103,18,
14:14:38,179600,99329,30113,18,
14:14:39,179700,99374,30122,18,
14:14:39,179800,99436,30136,18,
14:14:40,179900,99487,30154,18,
14:14:41,180000,99562,30170,18,
14:14:41,180100,99617,30185,18,
14:14:42,180200,99672,30203,18,
14:14:43,180300,99728,30222,18,
14:14:43,180400,99782,30244,18,
14:14:44,180500,99844,30267,18,
14:14:45,180600,99892,30279,18,
14:14:46,180700,99959,30299,18,
14:14:46,180800,100016,30314,18,
14:14:47,180900,100073,30335,18,
14:14:49,181000,100137,30356,20,
14:14:50,181100,100193,30373,20,
14:14:51,181200,100255,30395,20,
14:14:52,181300,100314,30410,20,
14:14:52,181400,100375,30436,20,
14:14:53,181500,100425,30447,20,
14:14:53,181600,100483,30471,20,
14:14:54,181700,100542,30482,20,
14:14:55,181800,100600,30499,20,
14:14:56,181900,100667,30519,20,
14:14:57,182000,100723,30536,20,
14:14:57,182100,100781,30548,20,
14:14:58,182200,100829,30565,20,
14:14:59,182300,100891,30586,20,
14:14:59,182400,100968,30605,20,
14:15:0,182500,101023,30621,20,
14:15:1,182600,101076,30645,20,
14:15:1,182700,101117,30668,20,
14:15:2,182800,101185,30681,20,
14:15:2,182900,101235,30692,20,
14:15:3,183000,101287,30712,20,
14:15:3,183100,101333,30727,20,
14:15:3,183200,101374,30743,20,
14:15:4,183300,101429,30771,20,
14:15:5,183400,101478,30783,20,
14:15:5,183500,101534,30802,20,
14:15:6,183600,101589,30823,20,
14:15:6,183700,101637,30846,20,
14:15:7,183800,101692,30856,20,
14:15:7,183900,101739,30872,20,
14:15:8,184000,101802,30889,20,
14:15:9,184100,101856,30904,20,
14:15:10,184200,101920,30919,20,
14:15:10,184300,101983,30942,20,
14:15:11,184400,102030,30962,20,
14:15:12,184500,102089,30977,20,
14:15:13,184600,102146,30998,20,
14:15:13,184700,102214,31016,20,
14:15:14,184800,102257,31034,20,
14:15:15,184900,102316,31053,20,
14:15:15,185000,102360,31068,20,
14:15:16,185100,102411,31084,20,
14:15:16,185200,102459,31100,20,
14:15:16,185300,102511,31113,20,
14:15:17,185400,102568,31137,20,
14:15:18,185500,102626,31150,20,
14:15:18,185600,102696,31168,20,
14:15:19,185700,102736,31186,20,
14:15:20,185800,102799,31207,20,
14:15:21,185900,102866,31228,20,
14:15:22,186000,102931,31239,20,
14:15:22,186100,102989,31264,20,
14:15:22,186200,103017,31279,20,
14:15:23,186300,103083,31300,20,
14:15:24,186400,103134,31313,20,
14:15:24,186500,103189,31331,20,
14:15:25,186600,103243,31343,20,
14:15:25,186700,103284,31368,20,
14:15:26,186800,103342,31387,20,
14:15:27,186900,103398,31406,20,
14:15:27,187000,103457,31429,20,
14:15:28,187100,103508,31449,20,
14:15:29,187200,103558,31472,20,
14:15:29,187300,103624,31493,20,
14:15:30,187400,103668,31510,20,
14:15:30,187500,103731,31524,20,
14:15:31,187600,103784,31535,20,
14:15:31,187700,103834,31554,20,
14:15:32,187800,103892,31573,20,
14:15:32,187900,103944,31583,20,
14:15:33,188000,103992,31598,20,
14:15:33,188100,104055,31608,20,
14:15:34,188200,104115,31629,20,
14:15:35,188300,104164,31644,20,
14:15:35,188400,104235,31653,20,
14:15:36,188500,104278,31672,20,
14:15:36,188600,104337,31687,20,
14:15:37,188700,104399,31694,20,
14:15:37,188800,104445,31708,20,
14:15:38,188900,104505,31730,20,
14:15:39,189000,104552,31747,20,
14:15:39,189100,104626,31761,20,
14:15:40,189200,104690,31773,20,
14:15:41,189300,104738,31790,20,
14:15:42,189400,104809,31807,20,
14:15:43,189500,104867,31825,20,
14:15:44,189600,104927,31845,20,
14:15:44,189700,104976,31860,20,
14:15:44,189800,105033,31877,20,
14:15:45,189900,105086,31897,20,
14:15:46,190000,105145,31913,20,
14:15:46,190100,105206,31928,20,
14:15:47,190200,105252,31941,20,
14:15:47,190300,105320,31954,20,
14:15:48,190400,105362,31969,20,
14:15:48,190500,105428,31987,20,
14:15:49,190600,105479,31998,20,
14:15:49,190700,105526,32017,20,
14:15:50,190800,105581,32037,20,
14:15:51,190900,105635,32053,20,
14:15:51,191000,105707,32071,20,
14:15:52,191100,105760,32086,20,
14:15:53,191200,105824,32107,20,
14:15:53,191300,105882,32123,20,
14:15:54,191400,105949,32130,20,
14:15:55,191500,105999,32145,20,
14:15:55,191600,106055,32161,20,
14:15:56,191700,106111,32179,20,
14:15:56,191800,106158,32190,20,
14:15:57,191900,106224,32201,20,
14:15:57,192000,106275,32213,20,
14:15:58,192100,106338,32230,20,
14:15:59,192200,106394,32248,20,
14:15:59,192300,106432,32265,20,
14:16:0,192400,106485,32278,20,
14:16:1,192500,106531,32295,20,
14:16:1,192600,106608,32307,20,
14:16:2,192700,106658,32326,20,
14:16:3,192800,106715,32348,20,
14:16:3,192900,106770,32366,20,
14:16:4,193000,106818,32381,20,
14:16:4,193100,106869,32396,20,
14:16:5,193200,106911,32410,20,
14:16:5,193300,106971,32436,20,
14:16:6,193400,107018,32452,20,
14:16:6,193500,107075,32469,20,
14:16:7,193600,107131,32487,20,
14:16:7,193700,107173,32497,20,
14:16:8,193800,107230,32515,20,
14:16:8,193900,107267,32533,20,
14:16:9,194000,107327,32550,20,
14:16:9,194100,107376,32561,20,
14:16:10,194200,107438,32577,20,
14:16:11,194300,107498,32592,20,
14:16:11,194400,107547,32605,20,
14:16:12,194500,107606,32614,20,
14:16:12,194600,107664,32624,20,
14:16:13,194700,107729,32646,20,
14:16:14,194800,107794,32657,20,
14:16:15,194900,107845,32680,20,
14:16:15,195000,107905,32696,20,
14:16:16,195100,107946,32713,20,
14:16:16,195200,108010,32730,20,
14:16:17,195300,108054,32749,20,
14:16:17,195400,108112,32772,20,
14:16:18,195500,108151,32783,20,
14:16:18,195600,108211,32794,20,
14:16:19,195700,108262,32813,20,
14:16:20,195800,108308,32831,20,
14:16:20,195900,108368,32851,20,
14:16:21,196000,108422,32861,20,
14:16:21,196100,108477,32878,20,
14:16:22,196200,108523,32894,20,
14:16:22,196300,108574,32912,20,
14:16:22,196400,108619,32925,20,
14:16:23,196500,108669,32939,20,
14:16:23,196600,108722,32947,20,
14:16:24,196700,108773,32964,20,
14:16:26,196800,108835,32991,20,
14:16:27,196900,108903,33009,20,
14:16:28,197000,108964,33029,20,
14:16:28,197100,109015,33050,20,
14:16:29,197200,109066,33065,20,
14:16:30,197300,109132,33085,20,
14:16:30,197400,109181,33099,20,
14:16:31,197500,109242,33121,20,
14:16:32,197600,109292,33149,20,
14:16:32,197700,109350,33166,20,
14:16:33,197800,109410,33181,20,
14:16:34,197900,109465,33197,20,
14:16:34,198000,109522,33215,20,
14:16:35,198100,109572,33227,20,
14:16:35,198200,109632,33243,20,
14:16:36,198300,109679,33258,20,
14:16:36,198400,109732,33275,20,
14:16:37,198500,109793,33293,20,
14:16:38,198600,109835,33311,20,
14:16:39,198700,109901,33329,20,
14:16:39,198800,109948,33343,20,
14:16:40,198900,110024,33361,20,
14:16:40,199000,110054,33380,20,
14:16:41,199100,110105,33398,20,
14:16:41,199200,110158,33411,20,
14:16:42,199300,110206,33430,20,
14:16:43,199400,110266,33447,20,
14:16:43,199500,110313,33461,20,
14:16:44,199600,110369,33477,20,
14:16:44,199700,110429,33488,20,
14:16:45,199800,110488,33504,20,
14:16:45,199900,110539,33516,20,
14:16:46,200000,110594,33528,20,
14:16:47,200100,110659,33549,20,
14:16:48,200200,110714,33568,20,
14:16:48,200300,110771,33596,20,
14:16:49,200400,110823,33614,20,
14:16:49,200500,110868,33634,20,
14:16:50,200600,110908,33650,20,
14:16:50,200700,110953,33661,20,
14:16:51,200800,111026,33678,20,
14:16:52,200900,111079,33696,20,
14:16:52,201000,111128,33718,20,
14:16:52,201100,111180,33729,20,
14:16:53,201200,111234,33745,20,
14:16:53,201300,111288,33763,20,
14:16:54,201400,111345,33777,20,
14:16:55,201500,111408,33792,20,
14:16:56,201600,111462,33809,20,
14:16:56,201700,111525,33828,20,
14:16:57,201800,111578,33838,20,
14:16:57,201900,111643,33857,20,
14:16:58,202000,111700,33882,20,
14:16:58,202100,111753,33893,20,
14:16:59,202200,111808,33913,20,
14:16:59,202300,111847,33928,20,
14:17:0,202400,111915,33947,20,
14:17:1,202500,111972,33967,20,
14:17:1,202600,112022,33984,20,
14:17:2,202700,112081,34004,20,
14:17:3,202800,112134,34027,20,
14:17:3,202900,112200,34045,20,
14:17:4,203000,112247,34063,20,
14:17:4,203100,112309,34076,20,
14:17:5,203200,112360,34086,20,
14:17:5,203300,112410,34106,20,
14:17:6,203400,112464,34122,20,
14:17:6,203500,112507,34139,20,
14:17:7,203600,112570,34155,20,
14:17:8,203700,112625,34167,20,
14:17:9,203800,112693,34193,20,
14:17:9,203900,112737,34207,20,
14:17:10,204000,112784,34222,20,
14:17:10,204100,112846,34237,22,
14:17:11,204200,112883,34252,22,
14:17:11,204300,112940,34270,22,
14:17:12,204400,112988,34281,22,
14:17:12,204500,113055,34297,22,
14:17:13,204600,113104,34317,22,
14:17:13,204700,113156,34336,22,
14:17:14,204800,113201,34358,22,
14:17:14,204900,113257,34373,22,
14:17:15,205000,113313,34395,22,
14:17:15,205100,113360,34405,22,
14:17:16,205200,113419,34417,22,
14:17:16,205300,113473,34430,22,
14:17:17,205400,113525,34445,22,
14:17:17,205500,113581,34471,22,
14:17:18,205600,113622,34487,22,
14:17:18,205700,113680,34508,22,
14:17:19,205800,113720,34515,22,
14:17:20,205900,113788,34533,22,
14:17:21,206000,113845,34542,22,
14:17:21,206100,113895,34569,22,
14:17:21,206200,113950,34579,22,
14:17:22,206300,114006,34589,22,
14:17:22,206400,114066,34604,22,
14:17:23,206500,114111,34620,22,
14:17:24,206600,114186,34638,22,
14:17:24,206700,114236,34650,22,
14:17:25,206800,114292,34673,22,
14:17:26,206900,114351,34688,22,
14:17:26,207000,114407,34712,22,
14:17:27,207100,114458,34733,22,
14:17:27,207200,114502,34743,22,
14:17:28,207300,114562,34757,22,
14:17:28,207400,114616,34770,22,
14:17:29,207500,114676,34790,22,
14:17:30,207600,114741,34805,22,
14:17:30,207700,114789,34829,22,
14:17:31,207800,114846,34848,22,
14:17:32,207900,114894,34868,22,
14:17:34,208000,114976,34888,22,
14:17:35,208100,115032,34904,22,
14:17:35,208200,115089,34924,22,
14:17:36,208300,115141,34940,22,
14:17:36,208400,115193,34950,22,
14:17:37,208500,115259,34963,22,
14:17:38,208600,115299,34976,22,
14:17:38,208700,115363,34994,22,
14:17:38,208800,115405,35004,22,
14:17:39,208900,115453,35019,22,
14:17:40,209000,115513,35034,22,
14:17:40,209100,115559,35047,22,
14:17:41,209200,115620,35064,22,
14:17:42,209300,115679,35074,22,
14:17:42,209400,115739,35096,22,
14:17:43,209500,115782,35120,22,
14:17:44,209600,115833,35136,22,
14:17:44,209700,115880,35155,22,
14:17:45,209800,115928,35177,22,
14:17:46,209900,115994,35202,22,
14:17:46,210000,116039,35215,22,
14:17:47,210100,116105,35226,22,
14:17:47,210200,116164,35241,22,
14:17:48,210300,116226,35256,22,
14:17:49,210400,116274,35271,22,
14:17:49,210500,116326,35287,22,
14:17:50,210600,116392,35310,22,
14:17:51,210700,116440,35328,22,
14:17:52,210800,116494,35346,22,
14:17:53,210900,116550,35360,22,
14:17:54,211000,116609,35380,22,
14:17:54,211100,116671,35396,22,
14:17:55,211200,116727,35409,22,
14:17:55,211300,116789,35422,22,
14:17:55,211400,116830,35431,22,
14:17:56,211500,116879,35446,22,
14:17:57,211600,116934,35459,22,
14:17:57,211700,116988,35478,22,
14:17:58,211800,117038,35496,22,
14:17:58,211900,117100,35510,22,
14:17:59,212000,117152,35529,22,
14:18:0,212100,117207,35542,22,
14:18:0,212200,117264,35562,22,
14:18:1,212300,117318,35581,22,
14:18:2,212400,117370,35595,22,
14:18:2,212500,117423,35613,22,
14:18:3,212600,117476,35630,22,
14:18:3,212700,117529,35654,22,
14:18:4,212800,117576,35673,22,
14:18:5,212900,117637,35689,22,
14:18:6,213000,117707,35706,22,
14:18:7,213100,117777,35716,22,
14:18:7,213200,117832,35736,22,
14:18:8,213300,117887,35753,22,
14:18:9,213400,117945,35778,22,
14:18:9,213500,117994,35799,22,
14:18:10,213600,118056,35819,22,
14:18:11,213700,118121,35832,22,
14:18:12,213800,118174,35857,22,
14:18:12,213900,118231,35873,22,
14:18:13,214000,118272,35889,22,
14:18:14,214100,118341,35908,22,
14:18:14,214200,118385,35917,22,
14:18:15,214300,118448,35939,22,
14:18:16,214400,118506,35954,22,
14:18:16,214500,118565,35970,22,
14:18:17,214600,118615,35982,22,
14:18:18,214700,118680,35989,22,
14:18:18,214800,118750,36001,22,
14:18:19,214900,118798,36016,22,
14:18:19,215000,118850,36033,22,
14:18:20,215100,118904,36051,22,
14:18:21,215200,118963,36065,22,
14:18:21,215300,119013,36078,22,
14:18:22,215400,119076,36092,22,
14:18:22,215500,119132,36115,22,
14:18:23,215600,119163,36134,22,
14:18:24,215700,119234,36150,22,
14:18:24,215800,119280,36164,22,
14:18:25,215900,119332,36181,22,
14:18:25,216000,119390,36195,22,
14:18:26,216100,119437,36219,22,
14:18:27,216200,119491,36235,22,
14:18:27,216300,119535,36247,22,
14:18:28,216400,119587,36270,22,
14:18:28,216500,119640,36286,22,
14:18:29,216600,119704,36298,22,
14:18:29,216700,119752,36314,22,
14:18:30,216800,119798,36332,22,
14:18:31,216900,119849,36353,22,
14:18:31,217000,119912,36365,22,
14:18:32,217100,119957,36386,22,
14:18:33,217200,120018,36409,22,
14:18:33,217300,120079,36427,22,
14:18:34,217400,120130,36445,22,
14:18:34,217500,120165,36460,22,
14:18:35,217600,120225,36471,22,
14:18:35,217700,120273,36484,22,
