#section:000000000003, isUP:1, length:1, detectors:2
#time, lane, vehicle_id, vehicle_type, origin, destination, velocity
000012200,00020101,000005,51,000001,000003,0.0166667
000017500,00020101,000008,51,000001,000003,0.0166666
000020300,00030100,000009,51,000001,000002,0.015677
000022000,00020101,000013,51,000001,000003,0.015849
000024900,00020101,000016,22,000001,000004,0.0156163
000030300,00020101,000022,51,000001,000004,0.015674
000031900,00030100,000024,51,000001,000003,0.0155902
000034300,00020101,000025,51,000001,000004,0.0156198
000036600,00020101,000028,51,000001,000003,0.0150216
000042500,00030100,000038,51,000001,000003,0.016398
000050400,00020101,000051,51,000001,000003,0.0163306
000053000,00030100,000052,51,000001,000002,0.0157415
000076200,00030100,000012,21,000004,000003,0.00830385
000086700,00030100,000041,21,000004,000003,0.00917922
000097100,00030100,000059,21,000004,000003,0.0100336
000115400,00030100,000097,21,000004,000003,0.0106827
000120700,00030100,000103,21,000004,000003,0.0105636
000131800,00020101,000033,21,000002,000003,0.00894345
000144200,00020101,000057,51,000001,000004,0.0120083
000146600,00030100,000069,51,000001,000002,0.013036
000148600,00020101,000068,51,000001,000003,0.0129526
000148900,00030100,000070,51,000001,000003,0.01273
000151200,00020101,000074,51,000001,000004,0.0133791
000154600,00030100,000079,51,000001,000003,0.0148657
000156800,00020101,000080,22,000001,000004,0.0145938
000159200,00020101,000084,51,000001,000004,0.0149879
000162200,00030100,000091,51,000001,000002,0.0150109
000166000,00020101,000122,22,000001,000004,0.0150998
000171900,00020101,000130,51,000001,000004,0.0156427
000173600,00030100,000133,51,000001,000003,0.0155479
000175900,00030100,000136,51,000001,000003,0.0147044
000178000,00020101,000137,22,000001,000004,0.0152072
000182300,00030100,000142,51,000001,000002,0.0155823
000184600,00030100,000145,51,000001,000003,0.0146843
000186800,00020101,000146,51,000001,000004,0.0150223
000188300,00030100,000147,51,000001,000003,0.0154921
000190600,00020101,000148,51,000001,000004,0.0155511
000192200,00030100,000149,51,000001,000003,0.0156831
000194500,00020101,000150,22,000001,000004,0.0156629
000196800,00020101,000151,51,000001,000004,0.0145077
000212800,00030100,000110,21,000004,000003,0.00727124
000247500,00030100,000172,21,000004,000003,0.0103906
000255200,00030100,000177,21,000004,000003,0.0105902
000270600,00020101,000061,21,000002,000003,0.00893809
000284200,00020101,000153,51,000001,000003,0.0120083
000286600,00020101,000155,51,000001,000003,0.0120937
000286600,00030100,000154,51,000001,000003,0.0130967
000292200,00030100,000156,51,000001,000003,0.0129246
000294600,00030100,000158,51,000001,000002,0.0128599
000302100,00030100,000162,51,000001,000003,0.0134737
000304400,00020101,000163,51,000001,000004,0.01365
000305700,00030100,000189,51,000001,000003,0.0139795
000307800,00020101,000190,22,000001,000004,0.0138391
000310000,00020101,000195,51,000001,000004,0.0131857
000311100,00030100,000198,51,000001,000003,0.014391
000312200,00020101,000199,51,000001,000003,0.0129604
000313400,00030100,000200,51,000001,000003,0.0135436
000314500,00020101,000201,51,000001,000003,0.0128908
000316700,00020101,000204,51,000001,000003,0.0127681
000318900,00020101,000208,51,000001,000003,0.0126751
000321700,00020101,000211,22,000001,000004,0.0143442
000323800,00020101,000215,51,000001,000003,0.0138987
000325200,00030100,000218,51,000001,000003,0.0154904
000327500,00030100,000221,51,000001,000003,0.0145676
000327800,00020101,000222,51,000001,000003,0.0154046
000329800,00030100,000224,51,000001,000003,0.0141298
000330100,00020101,000226,51,000001,000003,0.0145198
000333900,00030100,000231,51,000001,000003,0.0154849
000336200,00020101,000232,51,000001,000004,0.0154063
000373300,00030100,000220,21,000004,000003,0.0103807
000379100,00030100,000251,21,000004,000003,0.0103069
000381500,00020101,000252,21,000002,000003,0.00950122
000390000,00020101,000265,21,000002,000003,0.0107659
000392200,00020101,000269,21,000002,000003,0.00966504
000399400,00020101,000276,21,000002,000003,0.0106515
000403100,00020101,000281,21,000002,000003,0.0106271
000408300,00020101,000289,21,000002,000003,0.0108024
000424200,00020101,000237,51,000001,000003,0.0120083
000424200,00030100,000233,51,000001,000003,0.0120083
000429100,00030100,000238,51,000001,000003,0.0137147
000431400,00030100,000240,51,000001,000003,0.0131688
000498400,00030100,000264,21,000004,000003,0.0089186
000500500,00030100,000268,21,000004,000003,0.00851856
000529700,00020101,000364,21,000002,000003,0.0107966
000538400,00020101,000371,21,000002,000003,0.0107635
000542000,00020101,000374,21,000002,000003,0.0108941
000549300,00020101,000380,21,000002,000003,0.010856
000564200,00030100,000242,51,000001,000002,0.0120083
000565600,00020101,000244,51,000001,000003,0.01226
000571400,00030100,000249,51,000001,000003,0.0138399
000575800,00030100,000309,51,000001,000003,0.0144927
000578200,00030100,000343,51,000001,000003,0.0138206
000581100,00020101,000248,51,000001,000003,0.0130982
000583500,00020101,000305,51,000001,000003,0.0128511
000587700,00020101,000342,51,000001,000003,0.0148499
000590100,00020101,000348,51,000001,000004,0.0142324
000592300,00030100,000398,51,000001,000002,0.0146226
000594600,00020101,000403,51,000001,000004,0.0146917
000596800,00030100,000406,51,000001,000002,0.0146665
000599000,00020101,000408,51,000001,000004,0.014656
000601200,00030100,000409,51,000001,000002,0.014659
000606100,00020101,000414,51,000001,000004,0.0151753
000608400,00020101,000416,51,000001,000003,0.0147506
000609300,00030100,000417,51,000001,000003,0.0149753
000612800,00020101,000420,51,000001,000003,0.0155889
000615300,00030100,000421,51,000001,000002,0.0157051
000641200,00030100,000283,21,000004,000003,0.00946439
000652900,00030100,000363,21,000004,000003,0.0100363
000680800,00030100,000451,21,000004,000003,0.0106582
000690900,00020101,000384,21,000002,000003,0.00885245
000704200,00030100,000423,51,000001,000002,0.0120083
000782600,00030100,000463,21,000004,000003,0.00945492
000786500,00030100,000466,21,000004,000003,0.00965686
000790300,00030100,000469,21,000004,000003,0.010014
000792300,00030100,000471,21,000004,000003,0.00939124
000796100,00030100,000475,21,000004,000003,0.0100903
000798000,00030100,000516,21,000004,000003,0.0093174
000798400,00020101,000387,21,000002,000003,0.00884634
000801200,00030100,000520,21,000004,000003,0.0106575
000804900,00030100,000524,21,000004,000003,0.0104545
000811500,00020101,000393,21,000002,000003,0.00932931
000814500,00020101,000397,21,000002,000003,0.00965367
000819100,00020101,000437,21,000002,000003,0.0101747
000824100,00020101,000532,21,000002,000003,0.0104257
000844200,00030100,000425,51,000001,000002,0.0120083
000847400,00030100,000427,51,000001,000003,0.0127707
000859400,00030100,000431,51,000001,000003,0.0122913
000920400,00030100,000531,21,000004,000003,0.00923365
000926800,00030100,000538,21,000004,000003,0.0100308
000928800,00030100,000542,21,000004,000003,0.00929243
000934500,00030100,000559,21,000004,000003,0.010234
000948700,00030100,000622,21,000004,000003,0.0105341
000954100,00030100,000626,21,000004,000003,0.0104515
000961100,00030100,000633,21,000004,000003,0.0106743
000967000,00030100,000639,21,000004,000003,0.00854801
000969600,00020101,000545,21,000002,000003,0.00885205
000984200,00020101,000430,51,000001,000003,0.0120083
000986600,00020101,000432,51,000001,000004,0.0120937
000988900,00030100,000434,51,000001,000002,0.0134582
000991300,00020101,000497,51,000001,000003,0.0134747
000993600,00030100,000511,51,000001,000002,0.0137543
001007000,00020101,000604,51,000001,000003,0.0121714
001007100,00030100,000602,51,000001,000003,0.0120339
001009500,00030100,000605,51,000001,000003,0.0121027
001010400,00020101,000607,51,000001,000003,0.0128278
001012800,00020101,000655,51,000001,000003,0.0125995
001015000,00030100,000656,51,000001,000002,0.0135956
001017400,00030100,000660,51,000001,000003,0.0132458
001018500,00020101,000662,51,000001,000003,0.014521
001020800,00030100,000663,51,000001,000002,0.0143083
001024300,00030100,000666,51,000001,000002,0.014963
001026500,00020101,000667,22,000001,000004,0.0146658
001028600,00020101,000669,51,000001,000003,0.0138178
001030800,00030100,000671,51,000001,000002,0.014476
001033000,00020101,000672,51,000001,000004,0.0145439
001035200,00020101,000674,51,000001,000003,0.0137632
001036300,00030100,000675,51,000001,000003,0.0154667
001059100,00030100,000643,21,000004,000003,0.00905639
001064600,00030100,000648,21,000004,000003,0.0097463
001070700,00030100,000651,21,000004,000003,0.0104398
001083400,00030100,000697,21,000004,000003,0.0106895
001110100,00020101,000550,21,000002,000003,0.00885342
001112500,00020101,000552,21,000002,000003,0.00837727
001114800,00020101,000555,21,000002,000003,0.0083699
001126200,00020101,000678,51,000001,000004,0.0132349
001129800,00020101,000680,51,000001,000004,0.0140467
001132200,00030100,000681,51,000001,000002,0.0141553
001134500,00020101,000682,51,000001,000004,0.0143306
001135900,00030100,000683,51,000001,000003,0.0146505
001138100,00020101,000684,22,000001,000004,0.0144806
001140200,00030100,000686,51,000001,000002,0.0141608
001141500,00020101,000685,51,000001,000003,0.0150687
001142400,00030100,000690,51,000001,000003,0.0135028
001146000,00030100,000734,51,000001,000002,0.0153946
001147500,00020101,000737,51,000001,000003,0.0153823
001148300,00030100,000738,51,000001,000003,0.0145478
001150400,00020101,000739,22,000001,000004,0.0148284
001152500,00020101,000741,51,000001,000004,0.014088
001154700,00030100,000742,51,000001,000002,0.0147312
001156900,00020101,000743,51,000001,000004,0.014751
001158200,00030100,000744,51,000001,000003,0.0153579
001160400,00020101,000745,22,000001,000004,0.015362
001166500,00030100,000751,51,000001,000003,0.0153635
001171400,00020101,000750,51,000001,000004,0.014207
001173700,00020101,000753,51,000001,000004,0.0135234
001174900,00030100,000754,51,000001,000003,0.0146932
001194100,00030100,000716,21,000004,000003,0.00755187
001202400,00030100,000721,21,000004,000003,0.00958264
001204400,00030100,000723,21,000004,000003,0.00901846
001205800,00020101,000562,21,000002,000003,0.00901224
001217400,00030100,000736,21,000004,000003,0.0100266
001252000,00020101,000565,21,000002,000003,0.00864581
001264200,00030100,000756,51,000001,000002,0.0120083
001266600,00020101,000757,51,000001,000004,0.013036
001268900,00030100,000758,51,000001,000002,0.0135651
001270200,00020101,000759,51,000001,000003,0.0138414
001271200,00030100,000760,51,000001,000003,0.0131606
001273400,00020101,000763,51,000001,000004,0.0139889
001275700,00030100,000765,51,000001,000002,0.0143319
001277900,00020101,000768,51,000001,000004,0.0144902
001279200,00030100,000806,51,000001,000003,0.014856
001280100,00020101,000807,51,000001,000003,0.0137731
001282300,00030100,000809,51,000001,000002,0.0144401
001283600,00020101,000810,51,000001,000003,0.0151715
001285900,00030100,000811,51,000001,000002,0.0152559
001287300,00020101,000814,51,000001,000003,0.0156078
001289600,00020101,000816,51,000001,000003,0.0147525
001290200,00030100,000817,51,000001,000003,0.0155702
001291900,00020101,000818,51,000001,000003,0.014356
001294200,00020101,000820,51,000001,000003,0.0141041
001294300,00030100,000821,51,000001,000003,0.0153145
001296700,00020101,000822,51,000001,000004,0.0145797
001298000,00030100,000824,51,000001,000003,0.0154269
001300900,00030100,000826,51,000001,000002,0.015339
001302400,00020101,000827,51,000001,000003,0.0154973
001304800,00030100,000828,51,000001,000002,0.0155301
001307100,00020101,000829,51,000001,000004,0.0153328
001309400,00020101,000831,51,000001,000003,0.0146048
001311600,00030100,000832,51,000001,000002,0.0150669
001313100,00020101,000833,51,000001,000003,0.0154742
001316000,00020101,000835,51,000001,000004,0.0153992
001342400,00030100,000798,21,000004,000003,0.00978777
001363500,00030100,000855,21,000004,000003,0.0103322
001378200,00030100,000868,21,000004,000003,0.0105104
001383600,00030100,000872,21,000004,000003,0.0104347
001392300,00020101,000692,21,000002,000003,0.00864581
001405100,00020101,000837,51,000001,000004,0.01276
001407400,00030100,000838,51,000001,000002,0.0133241
001409400,00020101,000839,51,000001,000003,0.0134411
001411400,00030100,000840,51,000001,000002,0.0138653
001413500,00020101,000841,51,000001,000003,0.0137298
001416000,00020101,000843,51,000001,000004,0.0139265
001419600,00020101,000845,51,000001,000003,0.0148495
001422000,00030100,000846,51,000001,000002,0.0147074
001424300,00020101,000895,51,000001,000004,0.0147128
001426500,00030100,000897,51,000001,000002,0.0146446
001430000,00030100,000901,51,000001,000002,0.0156147
001432300,00020101,000904,51,000001,000004,0.0152632
001434600,00030100,000905,51,000001,000002,0.0150751
001436000,00020101,000907,51,000001,000003,0.01544
001436900,00030100,000908,51,000001,000003,0.014361
001439100,00020101,000909,51,000001,000004,0.0149045
001442800,00020101,000912,51,000001,000004,0.0157558
001444300,00030100,000914,51,000001,000003,0.0156718
001446800,00020101,000915,51,000001,000004,0.0157198
001453000,00020101,000919,22,000001,000004,0.0156668
001455200,00020101,000920,51,000001,000004,0.0148054
001458500,00030100,000921,51,000001,000002,0.0123895
001483000,00030100,000884,21,000004,000003,0.00971716
001486200,00030100,000887,21,000004,000003,0.0100183
001492500,00030100,000890,21,000004,000003,0.0103026
001497900,00030100,000899,21,000004,000003,0.0104767
001501900,00030100,000941,21,000004,000003,0.0101631
001512800,00030100,000948,21,000004,000003,0.0104732
001514700,00030100,000950,21,000004,000003,0.00956456
001516700,00030100,000952,21,000004,000003,0.00914398
001522100,00030100,000958,21,000004,000003,0.0104224
001525200,00030100,000961,21,000004,000003,0.0104262
001529000,00020101,000731,21,000002,000003,0.00891817
001544200,00030100,000923,51,000001,000002,0.0120083
001615100,00030100,000966,21,000004,000003,0.00844229
001631500,00020101,000894,21,000002,000003,0.0105666
001635400,00020101,000945,21,000002,000003,0.0107247
001637400,00020101,000982,21,000002,000003,0.00957657
001639500,00020101,001028,21,000002,000003,0.00905071
001644800,00030100,000969,21,000004,000003,0.00866488
001647000,00030100,000971,21,000004,000003,0.0085766
001667000,00020101,001045,21,000002,000003,0.0105674
001669100,00020101,001048,21,000002,000003,0.00935442
001684200,00020101,000926,51,000001,000003,0.0120083
001686600,00020101,000928,51,000001,000004,0.0120937
001688600,00030100,000929,51,000001,000003,0.0129564
001690500,00020101,000930,51,000001,000004,0.0134557
001692900,00020101,000932,51,000001,000003,0.0130703
001695800,00030100,000934,51,000001,000002,0.0139429
001697100,00020101,000981,51,000001,000003,0.0140021
001704500,00020101,001068,51,000001,000004,0.014672
001705900,00030100,001070,51,000001,000003,0.0147426
001708000,00020101,001071,22,000001,000004,0.0144448
001709900,00020101,001072,22,000001,000004,0.0134183
001711900,00020101,001073,51,000001,000003,0.012996
001715200,00020101,001076,51,000001,000004,0.0149164
001716800,00030100,001077,51,000001,000003,0.0154647
001719100,00020101,001078,51,000001,000004,0.0152889
001721300,00020101,001079,22,000001,000004,0.0145407
001722700,00030100,001082,51,000001,000003,0.0154858
001725400,00030100,001083,51,000001,000002,0.0152496
001729800,00020101,001087,51,000001,000004,0.0154986
001731300,00030100,001088,51,000001,000003,0.0155263
001733700,00020101,001089,51,000001,000004,0.0155607
001735300,00030100,001091,51,000001,000003,0.0156881
001736100,00020101,001092,51,000001,000003,0.0148956
001760400,00030100,000976,21,000004,000003,0.00923381
001762500,00030100,000978,21,000004,000003,0.00871694
001786700,00020101,001117,21,000002,000003,0.0105725
001788800,00020101,001119,21,000002,000003,0.00940927
001790900,00020101,001122,21,000002,000003,0.008835
001793900,00020101,001126,21,000002,000003,0.0104614
001799200,00020101,001131,21,000002,000003,0.0107607
001801500,00020101,001133,21,000002,000003,0.00940483
001824200,00030100,001093,51,000001,000002,0.0120083
001862000,00030100,001095,51,000001,000002,0.0127926
001863300,00020101,001096,51,000001,000003,0.0128715
001865700,00020101,001098,51,000001,000003,0.0126162
001867900,00030100,001099,51,000001,000002,0.0136288
001873900,00030100,001103,51,000001,000002,0.0143091
001876100,00020101,001104,51,000001,000004,0.0142056
001879200,00030100,001185,51,000001,000003,0.0114683
001892800,00030100,001049,21,000004,000003,0.00727123
001900400,00030100,001110,21,000004,000003,0.00926507
001923300,00030100,001221,21,000004,000003,0.0105696
001925200,00030100,001223,21,000004,000003,0.00987053
001926500,00020101,001140,21,000002,000003,0.00894477
001934900,00020101,001146,21,000002,000003,0.00984915
001937100,00020101,001148,21,000002,000003,0.0089462
001939300,00020101,001150,21,000002,000003,0.00871393
001942900,00020101,001154,21,000002,000003,0.0102677
001945000,00020101,001157,21,000002,000003,0.00917681
001947100,00020101,001159,21,000002,000003,0.00861649
001964200,00020101,001186,51,000001,000004,0.0120083
001965600,00030100,001189,51,000001,000003,0.0122601
001966600,00020101,001190,51,000001,000003,0.0120937
001968000,00030100,001192,51,000001,000003,0.0122594
001969000,00020101,001194,51,000001,000003,0.0124067
001977200,00030100,001199,51,000001,000003,0.0129045
002008800,00020101,001201,51,000001,000003,0.0129
002011200,00020101,001205,51,000001,000004,0.0126732
002013300,00020101,001206,22,000001,000004,0.0125098
002041800,00020101,001240,21,000002,000003,0.00932871
002045800,00020101,001246,21,000002,000003,0.00980516
002057400,00020101,001260,21,000002,000003,0.010136
002066600,00020101,001313,21,000002,000003,0.0105426
002078900,00020101,001322,21,000002,000003,0.0108098
002081200,00020101,001324,21,000002,000003,0.00947776
002091000,00020101,001326,21,000002,000003,0.00923683
002104200,00030100,001264,51,000001,000002,0.0120083
002106600,00030100,001272,51,000001,000002,0.0120936
002176200,00030100,001239,21,000004,000003,0.00830369
002180600,00030100,001249,21,000004,000003,0.00917374
002192800,00030100,001343,21,000004,000003,0.010237
002207400,00030100,001405,21,000004,000003,0.0106466
002212800,00030100,001410,21,000004,000003,0.0104721
002218300,00030100,001415,21,000004,000003,0.0103911
002220300,00030100,001417,21,000004,000003,0.00971141
002228800,00020101,001329,21,000002,000003,0.00875868
002244200,00030100,001294,51,000001,000002,0.0120083
002245600,00020101,001297,51,000001,000003,0.01226
002248700,00020101,001300,51,000001,000004,0.0138265
002251100,00030100,001303,51,000001,000002,0.0140671
002253400,00020101,001305,51,000001,000003,0.0139247
002255000,00030100,001307,51,000001,000002,0.0147375
002258500,00020101,001350,51,000001,000003,0.0152537
002259200,00030100,001355,51,000001,000003,0.0150371
002263100,00030100,001394,51,000001,000002,0.0154063
002265400,00020101,001442,51,000001,000004,0.0150553
002267700,00030100,001447,51,000001,000002,0.0149812
002269900,00020101,001448,51,000001,000004,0.0148911
002271300,00030100,001449,51,000001,000003,0.0153779
002273600,00030100,001451,51,000001,000003,0.014523
002274100,00020101,001452,51,000001,000003,0.0154575
002280300,00030100,001457,51,000001,000003,0.0144048
002314900,00030100,001423,21,000004,000003,0.00813091
002348500,00030100,001489,21,000004,000003,0.010102
002350400,00030100,001491,21,000004,000003,0.00920775
002357500,00030100,001495,21,000004,000003,0.0105808
002384200,00030100,001459,51,000001,000002,0.0120083
002386600,00020101,001460,51,000001,000004,0.013036
002388900,00030100,001461,51,000001,000002,0.0135651
002391100,00020101,001462,51,000001,000004,0.0138144
002463100,00030100,001508,21,000004,000003,0.00959425
002477700,00030100,001568,21,000004,000003,0.0104013
002494400,00030100,001581,21,000004,000003,0.0107112
002499900,00030100,001585,21,000004,000003,0.0107349
002509400,00020101,001339,21,000002,000003,0.00885708
002511800,00020101,001341,21,000002,000003,0.00856808
002524200,00020101,001467,51,000001,000004,0.0120083
002525600,00030100,001469,51,000001,000002,0.0122602
002592600,00030100,001592,21,000004,000003,0.00702277
002606800,00030100,001601,21,000004,000003,0.00995759
002609300,00020101,001427,21,000002,000003,0.00894139
002625700,00030100,001662,21,000004,000003,0.010561
002643900,00030100,001677,21,000004,000003,0.0104865
002650300,00020101,001481,21,000002,000003,0.0089393
002664200,00030100,001477,51,000001,000003,0.0120083
002666600,00020101,001518,51,000001,000004,0.013036
002668900,00030100,001519,51,000001,000002,0.0135651
002732800,00030100,001680,21,000004,000003,0.00727123
002737100,00030100,001683,21,000004,000003,0.00861286
002747100,00030100,001688,21,000004,000003,0.00874531
002758700,00030100,001695,21,000004,000003,0.0100435
002760700,00030100,001699,21,000004,000003,0.00943714
002762700,00030100,001746,21,000004,000003,0.00910302
002764500,00020101,001573,21,000002,000003,0.00886032
002764700,00030100,001749,21,000004,000003,0.00903914
002775100,00030100,001760,21,000004,000003,0.0105128
002780600,00030100,001765,21,000004,000003,0.0104563
002782600,00030100,001767,21,000004,000003,0.00987524
002790900,00020101,001606,21,000002,000003,0.0088602
002793300,00020101,001613,21,000002,000003,0.00855438
002804200,00020101,001528,51,000001,000004,0.0120083
002806600,00020101,001611,51,000001,000003,0.0120937
002808900,00030100,001614,51,000001,000002,0.0134582
002810200,00020101,001697,51,000001,000003,0.0138015
002812600,00020101,001703,51,000001,000003,0.0133885
002815300,00020101,001705,22,000001,000004,0.0145559
002817500,00020101,001712,51,000001,000004,0.0139189
002818900,00030100,001739,51,000001,000003,0.0148389
002820000,00020101,001741,51,000001,000003,0.014551
002822900,00020101,001790,51,000001,000004,0.0149511
002825100,00020101,001792,22,000001,000004,0.0140875
002826300,00030100,001794,51,000001,000003,0.0152235
002829900,00020101,001798,51,000001,000004,0.0160086
002830600,00030100,001799,51,000001,000003,0.0154804
002832900,00020101,001801,51,000001,000004,0.0150719
002834300,00030100,001803,51,000001,000003,0.0155402
002837200,00030100,001806,51,000001,000002,0.0153671
002838700,00020101,001807,51,000001,000003,0.0155119
002841200,00030100,001811,51,000001,000003,0.0153281
002843500,00030100,001813,51,000001,000003,0.0144263
002847500,00020101,001816,51,000001,000003,0.0153001
002850100,00020101,001818,51,000001,000004,0.0149368
002851500,00030100,001819,51,000001,000003,0.0154623
002879100,00030100,001773,21,000004,000003,0.00905635
002881200,00030100,001776,21,000004,000003,0.00856857
002889500,00030100,001782,21,000004,000003,0.0102045
002900900,00030100,001839,21,000004,000003,0.0104434
002902900,00030100,001841,21,000004,000003,0.0097932
002904300,00020101,001665,21,000002,000003,0.0090028
002910800,00030100,001846,21,000004,000003,0.0104207
002914500,00030100,001849,21,000004,000003,0.010468
002929700,00020101,001694,21,000002,000003,0.00885611
002944200,00030100,001822,51,000001,000003,0.0120083
002946600,00020101,001820,51,000001,000004,0.013036
002948600,00030100,001824,51,000001,000002,0.0129526
002948900,00020101,001823,51,000001,000003,0.01273
002951000,00030100,001826,51,000001,000003,0.0126892
003017100,00030100,001861,21,000004,000003,0.0087493
003048800,00030100,001935,21,000004,000003,0.0102746
003054600,00030100,001944,21,000004,000003,0.0103414
003069700,00020101,001788,21,000002,000003,0.00875868
003084200,00020101,001827,51,000001,000003,0.0120083
003086600,00030100,001828,51,000001,000002,0.013036
003089900,00030100,001831,51,000001,000002,0.0136685
003090700,00020101,001832,51,000001,000003,0.0136251
003092500,00030100,001877,51,000001,000003,0.0138371
003093100,00020101,001878,51,000001,000003,0.0131614
003100500,00030100,001884,51,000001,000002,0.013776
003102900,00020101,001920,51,000001,000003,0.0137832
003105200,00030100,001921,51,000001,000002,0.0136616
003107500,00020101,001925,51,000001,000003,0.0139517
003109700,00030100,001974,51,000001,000002,0.0141114
003112000,00030100,001978,51,000001,000003,0.0135701
003113100,00020101,001979,51,000001,000003,0.0149393
003114300,00030100,001980,51,000001,000003,0.0133802
003116500,00030100,001983,51,000001,000003,0.0131792
003118500,00020101,001984,22,000001,000004,0.0143038
003120500,00020101,001985,51,000001,000004,0.0134157
003122500,00020101,001987,22,000001,000004,0.013052
003124500,00030100,001989,51,000001,000002,0.0143507
003126600,00020101,001988,51,000001,000004,0.0145812
003127900,00030100,001991,51,000001,000003,0.0152722
003130100,00020101,001992,22,000001,000004,0.0152722
003131600,00030100,001993,51,000001,000003,0.0156567
003134200,00020101,001994,51,000001,000004,0.0158543
003162600,00030100,001965,21,000004,000003,0.00939612
003177100,00030100,001971,21,000004,000003,0.00969864
003179200,00030100,001976,21,000004,000003,0.00899573
003179900,00020101,001868,21,000002,000003,0.00900282
003187200,00030100,002015,21,000004,000003,0.0097379
003189200,00030100,002018,21,000004,000003,0.00899278
003192700,00030100,002022,21,000004,000003,0.0101803
003194700,00030100,002024,21,000004,000003,0.0093471
003209600,00020101,001928,21,000002,000003,0.00894419
003226600,00030100,001999,51,000001,000003,0.0130967
003229000,00020101,002000,51,000001,000004,0.0136031
003231000,00030100,002001,51,000001,000003,0.0139166
003231300,00020101,002002,51,000001,000003,0.0131865
003233600,00030100,002003,51,000001,000002,0.0138216
003235800,00020101,002004,51,000001,000004,0.0142957
003239900,00030100,002007,51,000001,000002,0.0153265
003242200,00020101,002053,51,000001,000004,0.014965
003244500,00030100,002054,51,000001,000002,0.0148583
003245800,00020101,002056,51,000001,000003,0.0153233
003246700,00030100,002058,51,000001,000003,0.0140779
003248100,00020101,002059,51,000001,000003,0.0144578
003249000,00030100,002060,51,000001,000003,0.0137588
003250400,00020101,002061,51,000001,000003,0.0140931
003254900,00030100,002062,51,000001,000002,0.0153314
003257300,00020101,002065,51,000001,000004,0.0150803
003258800,00030100,002064,51,000001,000003,0.0150985
003259600,00020101,002067,51,000001,000003,0.0143422
003261800,00030100,002068,51,000001,000002,0.0147612
003263100,00020101,002069,51,000001,000003,0.0153983
003266000,00020101,002071,51,000001,000004,0.0153532
003269900,00020101,002073,51,000001,000004,0.0157559
003272200,00020101,002075,51,000001,000003,0.0149338
003273700,00030100,002076,51,000001,000003,0.0155533
003276100,00030100,002078,51,000001,000003,0.0146932
003302900,00030100,002040,21,000004,000003,0.00961623
003306900,00030100,002043,21,000004,000003,0.00970735
003310100,00030100,002046,21,000004,000003,0.0100756
003312100,00030100,002048,21,000004,000003,0.00949402
003328800,00030100,002109,21,000004,000003,0.010469
003330800,00030100,002111,21,000004,000003,0.00994354
003336300,00030100,002118,21,000004,000003,0.0105497
003342000,00030100,002121,21,000004,000003,0.0107383
003344000,00020101,001938,21,000002,000003,0.00864581
003350700,00020101,001946,21,000002,000003,0.00899449
003353100,00020101,001949,21,000002,000003,0.00846637
003355300,00020101,001961,21,000002,000003,0.00813369
003364200,00020101,002081,51,000001,000004,0.0120083
003364200,00030100,002080,51,000001,000003,0.0120083
003369800,00020101,002083,22,000001,000004,0.0120512
003371500,00030100,002085,51,000001,000003,0.0130867
003371900,00020101,002084,51,000001,000003,0.0115899
003374100,00020101,002086,51,000001,000004,0.0116875
003376200,00030100,002087,51,000001,000002,0.0136305
003391100,00020101,002090,51,000001,000004,0.0129285
003393400,00020101,002143,22,000001,000004,0.0125985
003395500,00020101,002145,51,000001,000004,0.0124659
003432800,00030100,002124,21,000004,000003,0.00727124
003440200,00030100,002130,21,000004,000003,0.00926591
003451300,00020101,002099,21,000002,000003,0.0105229
003456900,00020101,002139,21,000002,000003,0.0106502
003504200,00030100,002148,51,000001,000002,0.0120083
003505600,00020101,002151,51,000001,000003,0.0122601
003508000,00020101,002156,51,000001,000003,0.0122595
003510300,00030100,002157,51,000001,000003,0.0127714
003512600,00020101,002161,51,000001,000004,0.0133043
003514900,00030100,002164,51,000001,000002,0.0136837
003516200,00020101,002171,51,000001,000003,0.0140479
003517400,00030100,002172,51,000001,000003,0.0142316
003518600,00020101,002175,51,000001,000003,0.0134961
003523800,00020101,002244,51,000001,000004,0.0152102
003525300,00030100,002246,51,000001,000003,0.0150756
003526200,00020101,002248,51,000001,000003,0.0144164
003528400,00030100,002250,51,000001,000002,0.0147072
003530600,00020101,002252,51,000001,000004,0.0147741
003534800,00030100,002256,51,000001,000002,0.0154856
003536300,00020101,002257,51,000001,000003,0.0154723
003538600,00030100,002258,51,000001,000002,0.0154765
003541000,00020101,002259,51,000001,000004,0.0153065
003549400,00020101,002263,51,000001,000004,0.0154703
003551800,00030100,002265,51,000001,000002,0.015232
003585200,00020101,002231,21,000002,000003,0.00985416
003590300,00020101,002236,21,000002,000003,0.0100182
003592500,00020101,002238,21,000002,000003,0.00903624
003598300,00020101,002245,21,000002,000003,0.010614
003600400,00020101,002292,21,000002,000003,0.00950842
003614400,00030100,002212,21,000004,000003,0.00991845
003621600,00030100,002295,21,000004,000003,0.0101589
003623500,00030100,002300,21,000004,000003,0.00945339
003631300,00020101,002304,21,000002,000003,0.00864581
003633700,00020101,002306,21,000002,000003,0.00817331
003644200,00020101,002268,51,000001,000004,0.0120083
003645600,00030100,002269,51,000001,000003,0.0122601
003647700,00020101,002270,22,000001,000004,0.0128126
003649900,00020101,002271,51,000001,000003,0.0124342
003652100,00030100,002272,51,000001,000002,0.0135995
003654200,00020101,002274,22,000001,000004,0.0138359
003655600,00030100,002278,51,000001,000003,0.0143592
003660400,00030100,002286,51,000001,000003,0.0149148
003661900,00020101,002287,51,000001,000004,0.0152214
003667500,00020101,002350,22,000001,000004,0.0143794
003669600,00020101,002353,51,000001,000004,0.0134009
003714900,00030100,002322,21,000004,000003,0.00813109
003722800,00020101,002316,21,000002,000003,0.0100904
003725000,00020101,002318,21,000002,000003,0.00912562
003735500,00020101,002337,21,000002,000003,0.0105342
003741200,00020101,002393,21,000002,000003,0.0105801
003743300,00020101,002395,21,000002,000003,0.00944859
003745400,00020101,002397,21,000002,000003,0.00887771
003763000,00020101,002411,21,000002,000003,0.0108459
003766700,00020101,002415,21,000002,000003,0.0108406
003768800,00020101,002417,21,000002,000003,0.00986593
003784200,00020101,002357,51,000001,000004,0.0120083
003785600,00030100,002358,51,000001,000002,0.0122601
003787300,00020101,002359,51,000001,000003,0.012759
003789600,00030100,002360,51,000001,000002,0.0133508
003793000,00030100,002363,51,000001,000002,0.0143402
003795300,00020101,002366,51,000001,000004,0.0142486
003796800,00030100,002368,51,000001,000003,0.0145615
003799100,00020101,002369,22,000001,000004,0.0139777
003802400,00020101,002382,51,000001,000003,0.0146719
003804800,00030100,002386,51,000001,000002,0.0145621
003806200,00020101,002431,51,000001,000003,0.0147393
003807100,00030100,002432,51,000001,000003,0.0139342
003809300,00030100,002435,51,000001,000003,0.013578
003811500,00030100,002437,51,000001,000003,0.0133289
003813500,00020101,002438,22,000001,000004,0.014442
003814800,00030100,002441,51,000001,000003,0.01498
003818900,00020101,002443,51,000001,000004,0.015528
003822600,00030100,002446,51,000001,000003,0.015581
003824900,00020101,002447,51,000001,000004,0.0152142
003826600,00030100,002448,51,000001,000002,0.0158149
003829000,00030100,002450,51,000001,000003,0.0150688
003829200,00020101,002451,51,000001,000003,0.0155542
003835800,00020101,002456,51,000001,000003,0.0154659
003854900,00030100,002327,21,000004,000003,0.00813107
003865800,00020101,002420,21,000002,000003,0.00861766
003872100,00030100,002335,21,000004,000003,0.0087372
003878600,00020101,002426,21,000002,000003,0.0102986
003881800,00020101,002428,21,000002,000003,0.0103905
003884000,00020101,002430,21,000002,000003,0.00966426
003887000,00020101,002475,21,000002,000003,0.010401
003905900,00020101,002490,21,000002,000003,0.0108608
003926600,00030100,002460,51,000001,000002,0.0130967
003928800,00020101,002462,51,000001,000004,0.0129773
003933200,00020101,002464,51,000001,000004,0.0145475
003934700,00030100,002465,51,000001,000003,0.0144679
003937100,00030100,002467,51,000001,000003,0.0138591
003998200,00020101,002498,21,000002,000003,0.00972359
004009600,00020101,002505,21,000002,000003,0.0106551
004011900,00020101,002507,21,000002,000003,0.00932025
004018300,00030100,002343,21,000004,000003,0.00895434
004025200,00030100,002472,21,000004,000003,0.00964352
004038400,00030100,002571,21,000004,000003,0.0104918
004040300,00030100,002574,21,000004,000003,0.00971594
004050400,00020101,002509,21,000002,000003,0.00900282
004064200,00020101,002469,51,000001,000004,0.0120083
004066600,00020101,002512,51,000001,000003,0.0120937
004068700,00030100,002514,51,000001,000003,0.0130295
004069000,00020101,002517,51,000001,000003,0.0124067
004071100,00030100,002518,51,000001,000003,0.0128994
004082400,00030100,002525,51,000001,000002,0.0129027
004104900,00020101,002523,51,000001,000003,0.0130482
004107100,00020101,002528,22,000001,000004,0.0125514
004108700,00030100,002538,51,000001,000003,0.0136743
004136300,00030100,002586,21,000004,000003,0.00825321
004142900,00030100,002591,21,000004,000003,0.00944905
004145000,00030100,002593,21,000004,000003,0.00878986
004158600,00030100,002597,21,000004,000003,0.00761786
004170400,00020101,002583,21,000002,000003,0.0106566
004176800,00020101,002657,21,000002,000003,0.0106381
004204000,00030100,002558,51,000001,000002,0.0116034
004206500,00030100,002604,51,000001,000003,0.0120496
004281200,00030100,002650,21,000004,000003,0.00946457
004287800,00020101,002679,21,000002,000003,0.010432
004299200,00020101,002730,21,000002,000003,0.0107162
004304600,00020101,002739,21,000002,000003,0.0105324
004316700,00020101,002751,21,000002,000003,0.0107575
004320400,00020101,002754,21,000002,000003,0.0108146
004323000,00020101,002757,21,000002,000003,0.0092804
004329600,00020101,002758,21,000002,000003,0.00909024
004344200,00020101,002606,51,000001,000003,0.0120083
004346600,00020101,002610,51,000001,000004,0.0120936
004348900,00030100,002630,51,000001,000002,0.0134582
004354800,00020101,002639,51,000001,000004,0.0131283
004368400,00030100,002722,51,000001,000002,0.0121218
004371600,00030100,002785,51,000001,000002,0.0132676
004373100,00020101,002789,51,000001,000003,0.0133489
004374100,00030100,002791,51,000001,000003,0.0131114
004376200,00020101,002792,22,000001,000004,0.0137795
004378300,00020101,002794,51,000001,000004,0.0131972
004379600,00030100,002793,51,000001,000003,0.014442
004382000,00030100,002798,51,000001,000003,0.0138358
004382400,00020101,002799,51,000001,000003,0.0151389
004384300,00030100,002800,51,000001,000003,0.0136076
004386500,00020101,002802,51,000001,000004,0.0144664
004388700,00020101,002804,51,000001,000003,0.0137479
004392000,00020101,002806,51,000001,000004,0.0153874
004394300,00030100,002807,51,000001,000002,0.0151486
004396600,00020101,002808,51,000001,000004,0.0147377
004419100,00030100,002662,21,000004,000003,0.00905641
004443400,00030100,002829,21,000004,000003,0.0106296
004445400,00030100,002832,21,000004,000003,0.00966097
004456200,00030100,002839,21,000004,000003,0.0103504
004458300,00030100,002841,21,000004,000003,0.00985579
004470300,00020101,002766,21,000002,000003,0.00900278
004488200,00020101,002812,51,000001,000004,0.0136489
004491600,00020101,002814,51,000001,000004,0.0140304
004494000,00020101,002816,51,000001,000003,0.0135629
004496100,00030100,002817,51,000001,000003,0.0142002
004496300,00020101,002818,51,000001,000003,0.0133981
004554900,00030100,002849,21,000004,000003,0.00813106
004559100,00030100,002852,21,000004,000003,0.00915736
004562400,00030100,002854,21,000004,000003,0.00952412
004570400,00030100,002858,21,000004,000003,0.00983932
004576100,00030100,002862,21,000004,000003,0.01023
004610100,00020101,002771,21,000002,000003,0.00885624
004624200,00030100,002823,51,000001,000002,0.0120083
004626600,00020101,002864,51,000001,000004,0.013036
004630000,00020101,002866,51,000001,000004,0.0140291
004632300,00030100,002869,51,000001,000002,0.0140788
004634600,00020101,002872,51,000001,000004,0.0142351
004636900,00030100,002877,51,000001,000002,0.0144143
004639200,00020101,002907,51,000001,000003,0.014377
004641400,00030100,002909,51,000001,000002,0.0140985
004642700,00020101,002912,51,000001,000003,0.0150642
004643700,00030100,002956,51,000001,000003,0.0134284
004645800,00020101,002958,51,000001,000004,0.0142307
004648000,00030100,002963,51,000001,000002,0.0144522
004650100,00020101,002966,51,000001,000004,0.014461
004651400,00030100,002968,51,000001,000003,0.0151754
004655700,00020101,002972,51,000001,000004,0.0156837
004657500,00030100,002973,51,000001,000003,0.0155969
004659700,00020101,002974,22,000001,000004,0.015252
004661900,00020101,002975,51,000001,000003,0.0145011
004664100,00030100,002978,51,000001,000002,0.0149736
004666300,00030100,002980,51,000001,000003,0.0142362
004668600,00030100,002982,51,000001,000003,0.0139365
004669800,00020101,002983,51,000001,000003,0.0154433
004670800,00030100,002984,51,000001,000003,0.0137192
004672200,00020101,002985,51,000001,000003,0.0145835
004674400,00030100,002986,51,000001,000002,0.0151099
004676200,00020101,002987,51,000001,000004,0.0158191
004701000,00030100,002946,21,000004,000003,0.00932829
004715200,00030100,002957,21,000004,000003,0.0105697
004732100,00030100,003015,21,000004,000003,0.0103353
004734200,00030100,003017,21,000004,000003,0.00977661
004750800,00020101,002774,21,000002,000003,0.00864581
004753200,00020101,002777,21,000002,000003,0.0081876
004764200,00020101,002991,51,000001,000003,0.0120083
004766700,00030100,002992,51,000001,000003,0.0131207
004769000,00020101,002993,51,000001,000004,0.0135181
004770400,00030100,002994,51,000001,000003,0.013862
004772700,00020101,002995,51,000001,000004,0.0139389
004774100,00030100,002996,51,000001,000003,0.0142865
004776900,00030100,002998,51,000001,000002,0.0148139
004780700,00030100,003000,51,000001,000003,0.0152002
004783000,00020101,003001,51,000001,000004,0.0149472
004784500,00030100,003040,51,000001,000003,0.0151859
004788700,00030100,003047,51,000001,000003,0.0154521
004791000,00030100,003051,51,000001,000003,0.0145259
004792700,00020101,003046,51,000001,000003,0.0133044
004793300,00030100,003053,51,000001,000003,0.0140928
004795100,00020101,003048,51,000001,000003,0.0128954
004797400,00020101,003052,51,000001,000003,0.012801
004799700,00020101,003055,51,000001,000004,0.01279
004801900,00030100,003057,51,000001,000002,0.014065
004803100,00020101,003058,51,000001,000003,0.0145524
004804100,00030100,003059,51,000001,000003,0.0133603
004806100,00020101,003061,22,000001,000004,0.0140852
004807300,00030100,003063,51,000001,000003,0.0148023
004809600,00030100,003064,51,000001,000003,0.0139661
004811800,00020101,003065,51,000001,000004,0.014767
004813100,00030100,003066,51,000001,000003,0.0154117
004815400,00020101,003067,51,000001,000004,0.0155231
004817400,00030100,003068,51,000001,000003,0.0138289
004841700,00020101,002783,21,000002,000003,0.00900226
004857500,00020101,002931,21,000002,000003,0.0102019
004875500,00020101,003091,21,000002,000003,0.0103976
004887700,00020101,003099,21,000002,000003,0.0107231
004904200,00020101,003069,51,000001,000004,0.0120083
004906600,00030100,003070,51,000001,000002,0.013036
004908900,00020101,003071,51,000001,000004,0.0135651
004910200,00030100,003072,51,000001,000003,0.0138414
004912400,00020101,003073,22,000001,000004,0.0138885
004914600,00020101,003074,51,000001,000004,0.0133351
004916800,00030100,003075,51,000001,000003,0.0138233
004918900,00020101,003076,51,000001,000004,0.0135601
004920300,00030100,003077,51,000001,000003,0.0148377
004926800,00030100,003116,51,000001,000003,0.0151243
004940700,00020101,003118,51,000001,000003,0.0130747
004943000,00030100,003119,51,000001,000002,0.0134479
004944400,00020101,003120,51,000001,000003,0.0137922
004998300,00020101,003169,21,000002,000003,0.0107416
005005700,00020101,003178,21,000002,000003,0.0109285
005024400,00020101,003196,21,000002,000003,0.0108212
005026500,00020101,003198,21,000002,000003,0.00973772
005044100,00020101,003125,22,000001,000004,0.0118101
005047300,00030100,003129,51,000001,000003,0.0128247
005052000,00020101,003132,51,000001,000003,0.0131893
005054400,00020101,003139,51,000001,000003,0.0128978
005056700,00030100,003142,51,000001,000002,0.0138625
005058000,00020101,003147,51,000001,000003,0.0142065
005060700,00020101,003151,51,000001,000004,0.0143948
005063000,00020101,003159,51,000001,000003,0.0139007
005065300,00030100,003163,51,000001,000003,0.0146521
005067600,00020101,003217,51,000001,000004,0.0147994
005069800,00030100,003220,51,000001,000002,0.0147861
005071200,00020101,003221,51,000001,000003,0.0152873
005073500,00030100,003222,51,000001,000002,0.0152775
005075000,00020101,003225,51,000001,000003,0.0156037
005077400,00030100,003226,51,000001,000002,0.0156687
005079000,00020101,003229,51,000001,000003,0.0157363
005081400,00030100,003230,51,000001,000002,0.0157091
005083800,00020101,003231,51,000001,000004,0.0154198
005086100,00030100,003232,51,000001,000002,0.0152207
005088400,00020101,003233,51,000001,000004,0.0151182
005089800,00030100,003234,51,000001,000003,0.0155043
005090700,00020101,003235,51,000001,000003,0.0143894
005092900,00030100,003236,51,000001,000002,0.0148679
005094200,00020101,003237,51,000001,000003,0.0153771
005095100,00030100,003238,51,000001,000003,0.0141722
005098100,00020101,003239,51,000001,000004,0.0124527
005137800,00030100,003181,21,000004,000003,0.0095511
005139800,00030100,003189,21,000004,000003,0.00882334
005140300,00020101,003208,21,000002,000003,0.00923955
005146600,00030100,003258,21,000004,000003,0.0101662
005150500,00030100,003263,21,000004,000003,0.0100475
005163300,00030100,003275,21,000004,000003,0.00992571
005173100,00020101,003210,21,000002,000003,0.00852813
005184200,00030100,003240,51,000001,000002,0.0120083
005185600,00020101,003241,51,000001,000003,0.0122602
005192300,00030100,003244,51,000001,000003,0.0129001
005194600,00020101,003245,51,000001,000004,0.0133306
005197100,00030100,003246,51,000001,000003,0.0134178
005199200,00020101,003247,22,000001,000004,0.0135322
005200700,00030100,003249,51,000001,000003,0.0141107
005205400,00030100,003250,51,000001,000003,0.0138272
005207600,00020101,003251,22,000001,000004,0.0137505
005209000,00030100,003297,51,000001,000003,0.0140297
005211800,00030100,003298,51,000001,000002,0.0144645
005214100,00020101,003301,51,000001,000004,0.0144842
005217500,00030100,003305,51,000001,000003,0.0151598
005220500,00030100,003307,51,000001,000002,0.0151582
005224100,00020101,003310,51,000001,000003,0.0154539
005226400,00030100,003311,51,000001,000002,0.0151045
005228500,00020101,003312,22,000001,000004,0.0151631
005232300,00030100,003314,51,000001,000002,0.0159794
005237500,00020101,003317,51,000001,000004,0.0135936
005263100,00030100,003286,21,000004,000003,0.00961411
005265100,00030100,003288,21,000004,000003,0.00893695
005270100,00030100,003293,21,000004,000003,0.0103021
005279600,00030100,003338,21,000004,000003,0.0106509
005291000,00030100,003346,21,000004,000003,0.0106731
005296400,00030100,003350,21,000004,000003,0.0105104
005298400,00030100,003352,21,000004,000003,0.0099939
005310100,00020101,003215,21,000002,000003,0.00885652
005324200,00030100,003318,51,000001,000002,0.0120083
005326400,00020101,003319,22,000001,000004,0.0128381
005327700,00030100,003320,51,000001,000003,0.0129591
005328600,00020101,003321,51,000001,000003,0.012444
005333000,00030100,003324,51,000001,000002,0.014594
005334500,00020101,003325,51,000001,000003,0.0144834
005335900,00030100,003326,51,000001,000002,0.0149361
005338800,00030100,003329,51,000001,000002,0.0149631
005340400,00020101,003332,51,000001,000003,0.0150061
005342700,00030100,003375,51,000001,000002,0.0147712
005344000,00020101,003377,51,000001,000003,0.0150253
005344900,00030100,003379,51,000001,000003,0.0140035
005346300,00020101,003380,51,000001,000003,0.0141409
005348500,00020101,003382,51,000001,000003,0.0137123
005350800,00020101,003384,51,000001,000003,0.0135242
005351900,00030100,003385,51,000001,000002,0.0159118
005354300,00030100,003387,51,000001,000003,0.0151294
005354700,00020101,003388,51,000001,000003,0.0152248
005356600,00030100,003390,51,000001,000003,0.0146427
005357000,00020101,003389,51,000001,000003,0.0144528
005359300,00030100,003391,51,000001,000002,0.0146175
005361500,00020101,003392,51,000001,000004,0.0148065
005364900,00030100,003395,51,000001,000003,0.0155542
005369600,00020101,003394,51,000001,000004,0.0146476
005373900,00020101,003399,51,000001,000003,0.0151209
005376200,00020101,003402,51,000001,000004,0.0143728
005411400,00030100,003369,21,000004,000003,0.00964373
005427900,00030100,003424,21,000004,000003,0.0105855
005431500,00030100,003429,21,000004,000003,0.0104139
005433500,00030100,003430,21,000004,000003,0.00964107
005446500,00030100,003440,21,000004,000003,0.00966275
005448700,00020101,003259,21,000002,000003,0.0089442
005464200,00020101,003404,51,000001,000003,0.0120083
005466600,00020101,003406,51,000001,000003,0.0120937
005470000,00020101,003408,22,000001,000004,0.0137185
005474200,00030100,003410,51,000001,000002,0.0146029
005476600,00020101,003411,51,000001,000004,0.0145076
005480100,00030100,003415,51,000001,000003,0.0150882
005482500,00020101,003416,22,000001,000004,0.0147056
005484000,00030100,003457,51,000001,000003,0.0146828
005484700,00020101,003458,51,000001,000003,0.0139595
005486900,00030100,003460,51,000001,000002,0.0143712
005489100,00020101,003461,51,000001,000004,0.0144694
005491400,00020101,003464,51,000001,000003,0.0137814
005495300,00020101,003470,51,000001,000003,0.0153508
005497600,00030100,003471,51,000001,000002,0.0151013
005499000,00020101,003472,51,000001,000003,0.0154381
005501300,00020101,003474,51,000001,000003,0.0145611
005504000,00020101,003476,22,000001,000004,0.0151792
005506200,00020101,003477,51,000001,000004,0.0143922
005507500,00030100,003478,51,000001,000003,0.0154699
005513900,00020101,003481,51,000001,000004,0.0155453
005514100,00030100,003483,51,000001,000003,0.0154746
005516500,00020101,003484,51,000001,000004,0.0150127
005538400,00030100,003445,21,000004,000003,0.00891853
005559200,00030100,003504,21,000004,000003,0.0104261
005561200,00030100,003508,21,000004,000003,0.00979979
005570000,00030100,003520,21,000004,000003,0.0106857
005572000,00030100,003522,21,000004,000003,0.00997263
005589700,00020101,003279,21,000002,000003,0.00894421
005604200,00030100,003485,51,000001,000002,0.0120083
005681100,00030100,003541,21,000004,000003,0.0093588
005690600,00020101,003505,21,000002,000003,0.0105028
005700500,00030100,003545,21,000004,000003,0.00906507
005709900,00030100,003595,21,000004,000003,0.010289
005713800,00030100,003602,21,000004,000003,0.0103142
005726400,00030100,003617,21,000004,000003,0.0095218
005729200,00020101,003510,21,000002,000003,0.00884317
005744200,00020101,003488,51,000001,000004,0.0120083
005746600,00030100,003489,51,000001,000002,0.013036
005751500,00030100,003491,51,000001,000002,0.0136731
005753700,00020101,003494,51,000001,000003,0.0136398
005756100,00020101,003497,51,000001,000004,0.013763
005760400,00030100,003552,51,000001,000002,0.0150557
005762800,00020101,003589,51,000001,000004,0.01485
005764400,00030100,003636,51,000001,000003,0.0149613
005770000,00020101,003644,51,000001,000003,0.0143348
005770500,00030100,003645,51,000001,000003,0.0151193
005772800,00020101,003646,51,000001,000004,0.0147351
005775000,00030100,003647,51,000001,000002,0.0148467
005777200,00020101,003649,51,000001,000004,0.0148554
005779400,00030100,003650,51,000001,000002,0.0148354
005783100,00030100,003652,51,000001,000002,0.0156793
005787100,00020101,003655,51,000001,000003,0.0155374
005787600,00030100,003656,51,000001,000003,0.0155824
005789900,00020101,003658,51,000001,000004,0.0151613
005793600,00020101,003661,22,000001,000004,0.015721
005795800,00020101,003663,51,000001,000003,0.0148657
005817100,00030100,003621,21,000004,000003,0.00874929
005832500,00030100,003632,21,000004,000003,0.0102096
005834400,00030100,003634,21,000004,000003,0.00953149
005835100,00020101,003600,21,000002,000003,0.00900884
005850500,00030100,003689,21,000004,000003,0.00989903
005852500,00030100,003691,21,000004,000003,0.00929896
005870400,00020101,003603,21,000002,000003,0.00892691
005872800,00020101,003606,21,000002,000003,0.00843792
005875000,00020101,003608,21,000002,000003,0.00813333
005884100,00020101,003666,51,000001,000003,0.0118101
005886600,00020101,003668,51,000001,000004,0.0120936
005887800,00030100,003669,51,000001,000003,0.0131175
005888900,00020101,003670,51,000001,000003,0.0123008
005892400,00020101,003672,51,000001,000004,0.0143355
005893900,00030100,003674,51,000001,000003,0.0143137
005895400,00020101,003675,51,000001,000003,0.0147315
005898000,00020101,003677,51,000001,000003,0.0143771
005900400,00030100,003678,51,000001,000002,0.0143318
005902600,00020101,003679,51,000001,000004,0.014008
005903900,00030100,003680,51,000001,000002,0.0150342
005906600,00030100,003728,51,000001,000002,0.0149338
005908900,00020101,003732,51,000001,000004,0.014973
005910300,00030100,003736,51,000001,000003,0.0152963
005912600,00020101,003737,51,000001,000004,0.0152921
005916500,00020101,003740,51,000001,000004,0.0157973
005918800,00030100,003741,51,000001,000002,0.0153834
005921100,00020101,003742,51,000001,000004,0.0151721
005923400,00020101,003744,51,000001,000003,0.0144409
005924800,00030100,003745,51,000001,000003,0.0155907
005927100,00020101,003746,51,000001,000004,0.0155015
005928900,00030100,003747,51,000001,000003,0.0156117
005931200,00020101,003748,51,000001,000004,0.0153747
005933500,00030100,003749,51,000001,000002,0.0151826
005935800,00020101,003750,51,000001,000004,0.0150424
005954100,00030100,003707,21,000004,000003,0.0075519
005956300,00030100,003709,21,000004,000003,0.00753237
005958500,00030100,003711,21,000004,000003,0.00777694
005966800,00020101,003683,21,000002,000003,0.00930819
005969100,00020101,003686,21,000002,000003,0.00854521
005991100,00020101,003773,21,000002,000003,0.0107107
005996100,00020101,003778,21,000002,000003,0.0107568
006003900,00020101,003781,21,000002,000003,0.0102046
006024200,00030100,003751,51,000001,000002,0.0120083
006025500,00020101,003752,51,000001,000003,0.0120727
006027900,00030100,003753,51,000001,000002,0.0130411
006030200,00020101,003754,51,000001,000004,0.0135855
006032400,00030100,003755,51,000001,000002,0.0138295
006038700,00030100,003761,51,000001,000003,0.0148531
006065500,00020101,003758,51,000001,000003,0.0129553
006067900,00020101,003760,51,000001,000003,0.0127082
006069800,00030100,003808,51,000001,000002,0.0136911
006104900,00020101,003789,21,000002,000003,0.00923971
006121300,00030100,003862,21,000004,000003,0.0101481
006125200,00030100,003868,21,000004,000003,0.01008
006127200,00030100,003870,21,000004,000003,0.00910576
006128500,00020101,003791,21,000002,000003,0.00900278
006132500,00030100,003874,21,000004,000003,0.00939809
006137900,00030100,003879,21,000004,000003,0.0102778
006150500,00020101,003795,21,000002,000003,0.00892711
006164200,00030100,003814,51,000001,000002,0.0120083
006165600,00020101,003832,51,000001,000003,0.01226
006168700,00020101,003836,51,000001,000004,0.0138266
006171100,00030100,003840,51,000001,000002,0.0140671
006172500,00020101,003846,51,000001,000003,0.0143108
006174900,00020101,003850,51,000001,000003,0.0137764
006177500,00020101,003853,22,000001,000004,0.014746
006179000,00030100,003858,51,000001,000003,0.0149849
006181700,00030100,003900,51,000001,000002,0.0150396
006183200,00020101,003902,51,000001,000003,0.0153443
006187600,00030100,003907,51,000001,000002,0.0157006
006189900,00020101,003909,51,000001,000004,0.0153204
006192200,00030100,003910,51,000001,000002,0.0151166
006194500,00030100,003914,51,000001,000003,0.0144073
006196600,00020101,003915,22,000001,000004,0.0148896
006198600,00030100,003917,51,000001,000002,0.0147801
006202300,00030100,003918,51,000001,000002,0.0156385
006206200,00030100,003921,51,000001,000002,0.0157443
006208600,00020101,003922,51,000001,000004,0.0153814
006212300,00030100,003925,51,000001,000003,0.0155996
006214600,00030100,003927,51,000001,000003,0.0146996
006237900,00020101,003800,21,000002,000003,0.00941063
006247800,00020101,003861,21,000002,000003,0.0104105
006254500,00020101,003890,21,000002,000003,0.0106143
006264000,00020101,003947,21,000002,000003,0.010869
006266300,00020101,003949,21,000002,000003,0.00944318
006273900,00030100,003892,21,000004,000003,0.00871553
006277400,00020101,003953,21,000002,000003,0.00917106
006281800,00030100,003896,21,000004,000003,0.00935873
006290200,00020101,003955,21,000002,000003,0.00900278
006292500,00020101,003957,21,000002,000003,0.00839521
006304200,00020101,003926,51,000001,000004,0.0120083
006306500,00020101,003929,22,000001,000004,0.011954
006310600,00030100,003932,51,000001,000002,0.0142601
006312100,00020101,003933,51,000001,000003,0.0141578
006315000,00020101,003935,51,000001,000004,0.0147752
006318700,00020101,003937,51,000001,000004,0.0146648
006321000,00030100,003939,51,000001,000002,0.0145585
006323300,00020101,003940,51,000001,000004,0.0146264
006325500,00030100,003986,51,000001,000002,0.0146628
006327800,00020101,003988,51,000001,000004,0.0146703
006329900,00020101,003990,22,000001,000004,0.0138457
006331900,00030100,003992,51,000001,000002,0.0145005
006335200,00020101,003994,51,000001,000003,0.0154498
006337500,00030100,003995,51,000001,000002,0.0150912
006339100,00020101,003996,51,000001,000004,0.015735
006341500,00020101,003998,51,000001,000003,0.0149866
006348100,00020101,004003,51,000001,000003,0.0154956
006348500,00030100,003999,51,000001,000002,0.0140558
006350900,00030100,004001,51,000001,000003,0.0134681
006353200,00030100,004004,51,000001,000002,0.0131492
006356300,00030100,004006,51,000001,000002,0.0149812
006378400,00030100,003967,21,000004,000003,0.00891858
006380500,00030100,003971,21,000004,000003,0.00851852
006425500,00030100,004041,21,000004,000003,0.0105171
006429100,00020101,003961,21,000002,000003,0.00900282
006443900,00020101,004007,51,000001,000003,0.011388
006446200,00030100,004008,51,000001,000002,0.0125788
006448500,00020101,004009,51,000001,000004,0.0132666
006450800,00030100,004010,51,000001,000002,0.013712
006452100,00020101,004011,51,000001,000003,0.0140551
006454500,00030100,004012,51,000001,000002,0.014188
006457200,00030100,004014,51,000001,000002,0.0148226
006457900,00020101,004015,51,000001,000003,0.0149565
006460200,00030100,004016,51,000001,000002,0.0146372
006461700,00020101,004055,51,000001,000003,0.0148923
006464000,00030100,004058,51,000001,000002,0.0146689
006466200,00020101,004059,51,000001,000004,0.014595
006468400,00020101,004062,51,000001,000003,0.0138287
006469600,00030100,004063,51,000001,000003,0.0154771
006470600,00020101,004064,51,000001,000003,0.0134998
006472800,00020101,004066,51,000001,000003,0.013304
006476800,00020101,004070,51,000001,000003,0.0151489
006480400,00020101,004073,51,000001,000004,0.0153648
006481900,00030100,004074,51,000001,000003,0.0154476
006484100,00020101,004075,22,000001,000004,0.0154227
006485600,00030100,004077,51,000001,000003,0.0157084
006487900,00030100,004078,51,000001,000003,0.0148476
006488300,00020101,004079,51,000001,000003,0.0155907
006490700,00030100,004080,51,000001,000002,0.0150946
006494300,00020101,004083,51,000001,000003,0.0156011
006495000,00030100,004084,51,000001,000003,0.0155331
006498100,00020101,004085,51,000001,000004,0.0127598
006514100,00030100,004043,21,000004,000003,0.00755181
006518200,00020101,003968,21,000002,000003,0.00972357
006525800,00020101,003979,21,000002,000003,0.0104043
006533600,00020101,004023,21,000002,000003,0.0105921
006540900,00020101,004103,21,000002,000003,0.0107129
006547900,00020101,004111,21,000002,000003,0.0109122
006555200,00020101,004118,21,000002,000003,0.0108945
006564700,00020101,004123,21,000002,000003,0.0108326
006584100,00020101,004086,22,000001,000004,0.0118101
006586100,00020101,004087,22,000001,000004,0.0113537
006588300,00020101,004088,51,000001,000003,0.011605
006591300,00020101,004091,51,000001,000004,0.0136193
006593700,00030100,004092,51,000001,000002,0.0140441
006596000,00020101,004093,51,000001,000004,0.014234
006598600,00020101,004095,51,000001,000004,0.0148533
006599400,00030100,004096,51,000001,000003,0.0149891
006603800,00030100,004144,51,000001,000003,0.0153167
006654900,00030100,004046,21,000004,000003,0.00813109
006657600,00020101,004128,21,000002,000003,0.00948754
006691900,00030100,004212,21,000004,000003,0.0102539
006693900,00030100,004214,21,000004,000003,0.00944572
006699300,00030100,004218,21,000004,000003,0.0105087
006704800,00030100,004224,21,000004,000003,0.0104974
006711400,00020101,004129,21,000002,000003,0.00885624
006724200,00020101,004143,51,000001,000003,0.0120083
006726600,00020101,004147,51,000001,000004,0.0120937
006728900,00030100,004148,51,000001,000002,0.0134582
006732100,00030100,004152,51,000001,000003,0.0142674
006736200,00020101,004160,51,000001,000004,0.0147367
006738500,00030100,004167,51,000001,000003,0.0141814
006739900,00020101,004168,22,000001,000004,0.0147593
006742700,00020101,004189,51,000001,000004,0.015087
006746300,00020101,004249,51,000001,000004,0.0153533
006748600,00030100,004251,51,000001,000002,0.0149887
006750100,00020101,004252,51,000001,000003,0.0154631
006752600,00030100,004255,51,000001,000003,0.0153825
006756700,00030100,004258,51,000001,000002,0.0153544
006759100,00020101,004259,51,000001,000004,0.0155308
006760600,00030100,004260,51,000001,000003,0.015649
006763500,00020101,004263,51,000001,000003,0.0156001
006765800,00020101,004265,51,000001,000003,0.0146919
006767300,00030100,004266,51,000001,000003,0.0155027
006770200,00030100,004268,51,000001,000002,0.0154391
006774100,00030100,004270,51,000001,000002,0.0157746
006792800,00030100,004227,21,000004,000003,0.0072712
006797100,00030100,004231,21,000004,000003,0.00897409
006799200,00030100,004232,21,000004,000003,0.00843628
006811100,00020101,004146,21,000002,000003,0.0103501
006833300,00020101,004299,21,000002,000003,0.0107159
006846100,00020101,004310,21,000002,000003,0.0107067
006864200,00030100,004272,51,000001,000002,0.0120083
006886200,00030100,004275,51,000001,000002,0.0127011
006890600,00030100,004277,51,000001,000003,0.0128898
006898700,00020101,004278,51,000001,000004,0.0130961
006900800,00030100,004279,51,000001,000003,0.0128993
006901100,00020101,004280,51,000001,000003,0.0128272
006903300,00030100,004281,51,000001,000003,0.0129556
006903400,00020101,004282,51,000001,000003,0.0128343
006905700,00030100,004283,51,000001,000002,0.0133163
006908300,00030100,004336,51,000001,000002,0.0145998
006909000,00020101,004339,51,000001,000003,0.0149422
006910700,00030100,004343,51,000001,000003,0.014432
006913500,00030100,004348,51,000001,000002,0.0149602
006915800,00020101,004352,51,000001,000004,0.0148425
006934100,00030100,004239,21,000004,000003,0.0075519
006936300,00030100,004241,21,000004,000003,0.00753235
006938500,00030100,004243,21,000004,000003,0.00777692
006949600,00020101,004321,21,000002,000003,0.0105057
006967800,00020101,004378,21,000002,000003,0.0107294
007004000,00020101,004353,22,000001,000004,0.0116034
007005200,00030100,004356,51,000001,000002,0.012057
007008100,00030100,004359,51,000001,000003,0.0127381
007078200,00020101,004395,21,000002,000003,0.0097235
007082300,00020101,004398,21,000002,000003,0.010024
007084500,00020101,004400,21,000002,000003,0.00911367
007089400,00020101,004404,21,000002,000003,0.01048
007095400,00020101,004409,21,000002,000003,0.0107539
007097600,00020101,004413,21,000002,000003,0.00990326
007101100,00020101,004456,21,000002,000003,0.0106337
007106300,00020101,004462,21,000002,000003,0.0107245
007108700,00020101,004464,21,000002,000003,0.00936081
007112900,00030100,004245,21,000004,000003,0.0084938
007115600,00020101,004466,21,000002,000003,0.00906576
007129600,00020101,004468,21,000002,000003,0.00900279
007144200,00030100,004363,51,000001,000002,0.0120083
007145600,00020101,004364,51,000001,000003,0.0122601
007148700,00020101,004366,51,000001,000004,0.0138266
007151000,00020101,004412,22,000001,000004,0.0133874
007152600,00030100,004415,51,000001,000003,0.0144941
007153200,00020101,004414,51,000001,000003,0.0132284
007155400,00030100,004417,51,000001,000002,0.0140665
007157600,00020101,004443,51,000001,000004,0.01441
007159000,00030100,004449,51,000001,000003,0.0148705
007161300,00030100,004497,51,000001,000003,0.0141121
007161700,00020101,004498,51,000001,000003,0.0153443
007164000,00030100,004501,51,000001,000002,0.0148098
007166200,00020101,004502,51,000001,000004,0.0149603
007167600,00030100,004503,51,000001,000003,0.015448
007170400,00020101,004506,51,000001,000003,0.0154819
007178300,00020101,004513,22,000001,000004,0.015318
007179800,00030100,004515,51,000001,000003,0.0154251
007182100,00030100,004516,51,000001,000003,0.014529
007184300,00020101,004517,51,000001,000004,0.0152634
007186600,00020101,004519,51,000001,000003,0.0146371
007188200,00030100,004520,51,000001,000003,0.0155596
007190500,00030100,004522,51,000001,000003,0.0146646
007193100,00020101,004525,51,000001,000003,0.015434
007195400,00030100,004526,51,000001,000002,0.015136
007216800,00030100,004373,21,000004,000003,0.00861226
007221000,00030100,004458,21,000004,000003,0.0093342
007227000,00030100,004488,21,000004,000003,0.00974926
007231700,00020101,004485,21,000002,000003,0.0106446
007240800,00020101,004549,21,000002,000003,0.0108751
007243100,00020101,004551,21,000002,000003,0.00940354
007254100,00030100,004500,21,000004,000003,0.00949066
007265100,00030100,004571,21,000004,000003,0.0102973
007269100,00020101,004561,21,000002,000003,0.0090028
007284200,00030100,004529,51,000001,000002,0.0120083
007286600,00020101,004532,51,000001,000004,0.013036
007287900,00030100,004533,51,000001,000003,0.0131576
007289800,00020101,004534,51,000001,000004,0.0136086
007294500,00020101,004537,51,000001,000004,0.0145916
007296000,00030100,004539,51,000001,000003,0.0145065
007297200,00020101,004540,51,000001,000003,0.0148522
007301700,00020101,004598,51,000001,000003,0.015322
007302200,00030100,004545,51,000001,000003,0.0150665
007308700,00030100,004605,51,000001,000002,0.0129777
007311900,00020101,004612,51,000001,000003,0.0142912
007314200,00030100,004613,51,000001,000002,0.0141997
007315400,00020101,004614,51,000001,000004,0.0148362
007318100,00020101,004618,51,000001,000004,0.0149053
007321800,00020101,004621,51,000001,000004,0.0156262
007324100,00030100,004623,51,000001,000002,0.0152677
007325600,00020101,004624,51,000001,000003,0.0155254
007328200,00020101,004627,51,000001,000004,0.0150706
007330500,00030100,004628,51,000001,000002,0.0150149
007332700,00020101,004629,51,000001,000004,0.0148993
007336500,00020101,004631,51,000001,000004,0.0154348
007357100,00030100,004581,21,000004,000003,0.00874924
007359200,00030100,004584,21,000004,000003,0.00837649
007368700,00030100,004592,21,000004,000003,0.0101876
007375800,00030100,004599,21,000004,000003,0.0107091
007381400,00030100,004647,21,000004,000003,0.0104487
007383400,00030100,004651,21,000004,000003,0.00962174
007387200,00030100,004655,21,000004,000003,0.0101751
007399900,00030100,004664,21,000004,000003,0.0106376
007409900,00020101,004566,21,000002,000003,0.00900282
