#section:000000000004, isUP:1, length:1, detectors:2
#time, lane, vehicle_id, vehicle_type, origin, destination, velocity
000022200,00030100,000015,51,000001,000004,0.0120462
000027500,00030100,000020,51,000001,000004,0.0120141
000037200,00030100,000032,51,000001,000004,0.011797
000046300,00020101,000011,21,000003,000004,0.00893262
000049800,00030100,000050,51,000001,000004,0.012036
000054700,00030100,000055,51,000001,000004,0.0117865
000057000,00020101,000018,21,000003,000004,0.00878581
000075700,00020101,000026,21,000002,000001,0.0126176
000151600,00030100,000076,51,000001,000004,0.0115174
000157600,00030100,000083,22,000001,000004,0.0103446
000159700,00030100,000086,22,000001,000004,0.00975855
000163600,00030100,000120,22,000001,000004,0.0104017
000166800,00030100,000127,51,000001,000004,0.0119116
000169100,00030100,000129,51,000001,000004,0.0114839
000179000,00030100,000140,51,000001,000004,0.0120031
000200500,00020101,000037,21,000003,000004,0.00875868
000214100,00030100,000047,21,000002,000003,0.0118101
000216000,00020101,000053,21,000002,000001,0.0123249
000217300,00030100,000063,21,000002,000004,0.0125517
000283100,00030100,000152,51,000001,000004,0.0081441
000296100,00030100,000160,51,000001,000004,0.0110999
000298800,00020101,000060,21,000003,000004,0.00867636
000314500,00030100,000203,51,000001,000004,0.0119337
000316800,00030100,000207,51,000001,000004,0.0113841
000319000,00030100,000210,51,000001,000004,0.01094
000322500,00030100,000216,51,000001,000004,0.0119614
000331100,00030100,000227,51,000001,000004,0.0117731
000340200,00020101,000077,21,000003,000004,0.00894421
000354100,00020101,000066,21,000002,000004,0.0118101
000356100,00020101,000073,21,000002,000004,0.0113537
000358000,00030100,000075,21,000002,000003,0.0127604
000362100,00030100,000090,21,000002,000004,0.013509
000364100,00030100,000095,21,000002,000003,0.0126171
000366100,00030100,000098,21,000002,000004,0.0123223
000368000,00030100,000101,21,000002,000004,0.0121336
000369900,00030100,000108,21,000002,000004,0.0120435
000371800,00030100,000118,21,000002,000004,0.0120022
000373600,00020101,000165,21,000002,000001,0.0137855
000375500,00020101,000171,21,000002,000001,0.0128956
000377400,00020101,000191,21,000002,000001,0.0125747
000382700,00030100,000253,21,000002,000003,0.0136058
000384700,00030100,000256,21,000002,000003,0.0126177
000385800,00020101,000260,21,000002,000004,0.0144699
000386700,00030100,000259,21,000002,000004,0.012197
000388600,00030100,000261,21,000002,000003,0.0118651
000390500,00030100,000263,21,000002,000004,0.0116559
000393700,00030100,000270,21,000002,000003,0.0140753
000395700,00030100,000273,21,000002,000004,0.0131346
000397500,00020101,000274,21,000002,000001,0.0139822
000400500,00030100,000280,21,000002,000004,0.014978
000401000,00020101,000279,21,000002,000004,0.0145814
000404500,00030100,000282,21,000002,000003,0.0150459
000405900,00020101,000286,21,000002,000004,0.0154147
000406500,00030100,000285,21,000002,000004,0.0139337
000425400,00030100,000236,51,000001,000004,0.00964525
000435200,00020101,000196,21,000003,000004,0.00927132
000438200,00020101,000209,21,000003,000004,0.00959843
000456100,00020101,000311,21,000003,000004,0.0105191
000459900,00020101,000314,21,000003,000004,0.010629
000472600,00020101,000322,21,000003,000004,0.0108105
000478100,00020101,000328,21,000003,000004,0.0107564
000480200,00020101,000330,21,000003,000004,0.00977927
000495900,00030100,000290,21,000002,000003,0.0124789
000498000,00030100,000292,21,000002,000003,0.0120103
000499200,00020101,000294,21,000002,000004,0.0130962
000503500,00020101,000296,21,000002,000001,0.0140646
000505600,00020101,000297,21,000002,000004,0.0132626
000507500,00030100,000298,21,000002,000003,0.0139037
000509500,00030100,000299,21,000002,000004,0.0131398
000510700,00020101,000300,21,000002,000004,0.0144799
000512700,00030100,000301,21,000002,000004,0.0141666
000514700,00030100,000302,21,000002,000003,0.0133749
000516600,00030100,000303,21,000002,000003,0.0129975
000518500,00030100,000351,21,000002,000003,0.0127995
000519700,00020101,000355,21,000002,000004,0.0147171
000520400,00030100,000354,21,000002,000004,0.0126381
000522200,00020101,000356,21,000002,000001,0.0139206
000524100,00020101,000359,21,000002,000001,0.0130518
000526000,00020101,000360,21,000002,000001,0.0126431
000527800,00020101,000362,21,000002,000001,0.0123076
000530700,00030100,000365,21,000002,000003,0.0141015
000531300,00020101,000366,21,000002,000004,0.0143441
000534200,00020101,000369,21,000002,000001,0.0151001
000536300,00020101,000370,21,000002,000001,0.0141776
000539900,00020101,000373,21,000002,000001,0.0150101
000543500,00030100,000375,21,000002,000003,0.0153507
000545000,00020101,000377,21,000002,000004,0.0155488
000545500,00030100,000376,21,000002,000004,0.0143469
000547300,00020101,000379,21,000002,000004,0.0133723
000548400,00030100,000378,21,000002,000004,0.0122661
000565600,00030100,000245,22,000001,000004,0.00866197
000567900,00030100,000247,51,000001,000004,0.00924851
000572900,00030100,000306,51,000001,000004,0.0112656
000602600,00030100,000410,22,000001,000004,0.0106549
000604600,00030100,000413,22,000001,000004,0.00989693
000606700,00030100,000415,51,000001,000004,0.0101671
000610700,00030100,000419,22,000001,000004,0.0107672
000618700,00020101,000337,21,000003,000004,0.00864581
000635700,00020101,000382,21,000002,000001,0.0126177
000637100,00030100,000383,21,000002,000004,0.012667
000708200,00020101,000344,21,000003,000004,0.00972349
000718000,00020101,000399,21,000003,000004,0.0103838
000721900,00020101,000404,21,000003,000004,0.0104698
000725700,00020101,000412,21,000003,000004,0.0105838
000728800,00020101,000478,21,000003,000004,0.0106849
000734500,00020101,000483,21,000003,000004,0.0107903
000736600,00020101,000485,21,000003,000004,0.00968404
000738700,00020101,000487,21,000003,000004,0.00906204
000774100,00030100,000385,21,000002,000003,0.0118101
000776100,00030100,000386,21,000002,000004,0.0113537
000801000,00030100,000388,21,000002,000004,0.0122533
000802900,00020101,000389,21,000002,000001,0.0126118
000804300,00030100,000391,21,000002,000004,0.0129673
000805000,00020101,000390,21,000002,000004,0.0120985
000806900,00020101,000392,21,000002,000001,0.0118408
000812900,00030100,000394,21,000002,000003,0.0132417
000816700,00020101,000400,21,000002,000001,0.0137523
000820500,00030100,000439,21,000002,000003,0.014164
000822500,00030100,000474,21,000002,000004,0.0131766
000825800,00020101,000536,21,000002,000004,0.0141736
000848900,00030100,000429,51,000001,000004,0.0104101
000853400,00020101,000507,21,000003,000004,0.0102062
000856000,00020101,000509,21,000003,000004,0.00899576
000876200,00020101,000573,21,000003,000004,0.0108817
000888800,00020101,000583,21,000003,000004,0.0108368
000914100,00030100,000537,21,000002,000003,0.0118101
000915300,00020101,000541,21,000002,000004,0.0119652
000916100,00030100,000540,21,000002,000004,0.0113537
000918100,00030100,000543,21,000002,000004,0.0113489
001011000,00030100,000609,51,000001,000004,0.0106689
001027100,00030100,000670,51,000001,000004,0.0119245
001033600,00030100,000673,51,000001,000004,0.011971
001040200,00020101,000595,21,000003,000004,0.00900279
001054100,00020101,000547,21,000002,000001,0.0118101
001056100,00020101,000549,21,000002,000001,0.0113537
001123100,00030100,000677,51,000001,000004,0.0081441
001126800,00030100,000679,51,000001,000004,0.00997289
001161400,00030100,000748,51,000001,000004,0.0120001
001163700,00030100,000749,51,000001,000004,0.0115929
001164400,00020101,000601,21,000003,000004,0.00900278
001168000,00030100,000752,51,000001,000004,0.0120225
001194100,00020101,000557,21,000002,000004,0.0118101
001196000,00030100,000558,21,000002,000003,0.012325
001201800,00030100,000566,21,000002,000003,0.0127961
001287400,00030100,000815,51,000001,000004,0.011785
001291800,00030100,000819,22,000001,000004,0.0105782
001308000,00030100,000830,51,000001,000004,0.0119941
001313100,00030100,000834,51,000001,000004,0.0117804
001320000,00020101,000689,21,000003,000004,0.00900282
001334100,00020101,000611,21,000002,000001,0.0118101
001336100,00020101,000616,21,000002,000001,0.0113537
001338100,00020101,000621,21,000002,000004,0.0113489
001340100,00020101,000654,21,000002,000001,0.0114535
001402300,00030100,000836,51,000001,000004,0.00645526
001412900,00030100,000842,51,000001,000004,0.0113752
001416600,00030100,000844,51,000001,000004,0.0114774
001439800,00030100,000911,51,000001,000004,0.0117848
001448000,00030100,000916,51,000001,000004,0.0120072
001450300,00030100,000918,51,000001,000004,0.0115538
001460200,00020101,000767,21,000003,000004,0.00792051
001474100,00020101,000698,21,000002,000001,0.0118101
001476100,00020101,000729,21,000002,000001,0.0113537
001545600,00030100,000925,51,000001,000004,0.00975277
001548100,00030100,000927,51,000001,000004,0.0100443
001591000,00020101,001001,21,000003,000004,0.0108599
001593200,00020101,001003,21,000003,000004,0.0102059
001614100,00030100,000733,21,000002,000003,0.0118101
001616100,00030100,000774,21,000002,000003,0.0113537
001618100,00030100,000777,21,000002,000003,0.0113489
001620100,00030100,000785,21,000002,000003,0.0114535
001622100,00030100,000808,21,000002,000003,0.0115867
001623100,00020101,000850,21,000002,000004,0.0137824
001627400,00020101,000854,21,000002,000001,0.0144489
001629400,00020101,000864,21,000002,000001,0.0134831
001630700,00030100,000937,21,000002,000004,0.0145226
001633200,00020101,000939,21,000002,000004,0.0143717
001634500,00030100,000979,21,000002,000004,0.0145506
001636600,00030100,000983,21,000002,000003,0.0136085
001645100,00020101,001031,21,000002,000004,0.011016
001647000,00020101,001033,21,000002,000001,0.010739
001648900,00020101,001034,21,000002,000004,0.0106449
001650500,00030100,001035,21,000002,000003,0.0128698
001652500,00030100,001036,21,000002,000004,0.0119769
001654200,00020101,001037,21,000002,000001,0.0133188
001656100,00020101,001038,21,000002,000001,0.0122542
001658000,00020101,001039,21,000002,000001,0.0118208
001659800,00020101,001040,21,000002,000001,0.0114962
001661700,00020101,001041,21,000002,000001,0.0113447
001663500,00020101,001042,21,000002,000001,0.0111765
001665400,00020101,001044,21,000002,000001,0.0111047
001666200,00030100,001046,21,000002,000003,0.0145975
001690200,00030100,000931,22,000001,000004,0.00916935
001692400,00030100,000933,51,000001,000004,0.00938753
001697100,00030100,000984,51,000001,000004,0.0115516
001699400,00030100,001018,51,000001,000004,0.0110762
001701100,00020101,001008,21,000003,000004,0.00900278
001701700,00030100,001023,22,000001,000004,0.00978931
001710400,00030100,001074,51,000001,000004,0.0119817
001712600,00030100,001075,22,000001,000004,0.01017
001727000,00030100,001085,51,000001,000004,0.0119676
001740000,00020101,001011,21,000003,000004,0.00893811
001754100,00030100,001047,21,000002,000004,0.0118101
001756100,00030100,001050,21,000002,000003,0.0113537
001757300,00020101,001052,21,000002,000004,0.0125923
001760100,00030100,001054,21,000002,000003,0.0133241
001762100,00030100,001055,21,000002,000003,0.0125056
001763300,00020101,001059,21,000002,000004,0.0136849
001765900,00030100,001060,21,000002,000003,0.0138115
001768000,00030100,001061,21,000002,000003,0.0129908
001769900,00030100,001062,21,000002,000003,0.0125595
001771000,00020101,001064,21,000002,000004,0.0143665
001773500,00030100,001066,21,000002,000004,0.0143582
001775400,00020101,001067,21,000002,000001,0.0140627
001777400,00020101,001069,21,000002,000004,0.0131996
001779300,00020101,001106,21,000002,000001,0.012793
001781200,00020101,001108,21,000002,000001,0.0125227
001783000,00020101,001111,21,000002,000001,0.0122403
001784000,00030100,001115,21,000002,000003,0.0147748
001784900,00020101,001113,21,000002,000004,0.0120626
001786000,00030100,001116,21,000002,000004,0.013653
001787900,00030100,001118,21,000002,000004,0.0130762
001789800,00030100,001121,21,000002,000004,0.0127358
001792000,00030100,001123,21,000002,000003,0.0138157
001793900,00030100,001124,21,000002,000004,0.0130562
001795400,00020101,001128,21,000002,000004,0.0146283
001795800,00030100,001127,21,000002,000004,0.0126122
001797700,00030100,001129,21,000002,000003,0.0123247
001803800,00030100,001134,21,000002,000003,0.0134454
001807600,00020101,001137,21,000002,000001,0.0129358
001828000,00020101,001014,21,000003,000004,0.00924943
001832200,00020101,001017,21,000003,000004,0.0100342
001835400,00020101,001022,21,000003,000004,0.0102206
001843300,00020101,001080,21,000003,000004,0.0108094
001856400,00020101,001169,21,000003,000004,0.0107126
001858600,00020101,001172,21,000003,000004,0.00949218
001863500,00030100,001097,51,000001,000004,0.010299
001869100,00030100,001101,51,000001,000004,0.0113969
001871500,00020101,001175,21,000003,000004,0.00885689
001882900,00020101,001177,21,000003,000004,0.00894519
001885300,00020101,001179,21,000003,000004,0.00864205
001894100,00020101,001138,21,000002,000004,0.0118101
001894100,00030100,001139,21,000002,000004,0.0118101
001896100,00030100,001141,21,000002,000004,0.0113537
001929600,00020101,001142,21,000002,000001,0.0121417
001931600,00020101,001143,21,000002,000004,0.011535
001933400,00030100,001144,21,000002,000003,0.0127468
001935700,00030100,001145,21,000002,000004,0.0130358
001937800,00030100,001147,21,000002,000004,0.0127495
001939800,00030100,001149,21,000002,000004,0.0125981
001940700,00020101,001153,21,000002,000004,0.0137192
001969500,00030100,001196,22,000001,000004,0.00935067
001978700,00030100,001202,22,000001,000004,0.00895295
001980800,00020101,001193,21,000003,000004,0.00945206
001988000,00020101,001208,21,000003,000004,0.0101262
001991200,00020101,001266,21,000003,000004,0.0101503
001993300,00020101,001269,21,000003,000004,0.0091281
001995400,00020101,001271,21,000003,000004,0.00857096
001998900,00020101,001275,21,000003,000004,0.0102097
002003100,00020101,001278,21,000003,000004,0.0104935
002005200,00020101,001280,21,000003,000004,0.00933724
002013600,00030100,001211,51,000001,000004,0.0111675
002016000,00030100,001212,22,000001,000004,0.00970413
002035200,00020101,001162,21,000002,000001,0.0122775
002037300,00020101,001219,21,000002,000001,0.0118698
002043600,00020101,001244,21,000002,000004,0.0127942
002044300,00030100,001247,21,000002,000004,0.0127279
002047900,00020101,001251,21,000002,000001,0.0135705
002049300,00030100,001254,21,000002,000004,0.0135818
002050400,00020101,001253,21,000002,000004,0.0131691
002053200,00020101,001255,21,000002,000004,0.0129721
002054400,00030100,001258,21,000002,000004,0.0131799
002055200,00020101,001257,21,000002,000004,0.0125498
002056400,00030100,001261,21,000002,000004,0.0122496
002058800,00030100,001262,21,000002,000003,0.0135878
002060800,00030100,001265,21,000002,000004,0.0128692
002062700,00020101,001310,21,000002,000001,0.0137
002064700,00020101,001312,21,000002,000001,0.0128517
002068000,00030100,001314,21,000002,000003,0.0145624
002071500,00020101,001316,21,000002,000001,0.0147248
002073500,00020101,001318,21,000002,000004,0.0135941
002075400,00030100,001319,21,000002,000003,0.014154
002077300,00030100,001320,21,000002,000003,0.0131431
002111900,00020101,001288,21,000003,000004,0.0101648
002114100,00020101,001290,21,000003,000004,0.00921644
002116200,00020101,001292,21,000003,000004,0.00870113
002119100,00020101,001299,21,000003,000004,0.0103054
002126600,00020101,001351,21,000003,000004,0.0107794
002132100,00020101,001358,21,000003,000004,0.0108005
002139500,00020101,001362,21,000003,000004,0.0107483
002143200,00020101,001367,21,000003,000004,0.0107794
002154300,00020101,001373,21,000003,000004,0.0109027
002174100,00020101,001328,21,000002,000001,0.0118101
002245600,00030100,001298,51,000001,000004,0.00975274
002256500,00030100,001347,22,000001,000004,0.0106055
002275000,00030100,001453,22,000001,000004,0.0105195
002277100,00030100,001455,51,000001,000004,0.0110416
002278100,00020101,001379,21,000003,000004,0.0090028
002284100,00020101,001384,21,000003,000004,0.00988064
002286300,00020101,001386,21,000003,000004,0.00882532
002288500,00020101,001388,21,000003,000004,0.00859763
002314100,00030100,001330,21,000002,000003,0.0118101
002391600,00030100,001463,51,000001,000004,0.0115221
002394000,00030100,001466,51,000001,000004,0.0112119
002400200,00020101,001472,21,000003,000004,0.0103101
002404200,00020101,001476,21,000003,000004,0.0103398
002413400,00020101,001524,21,000003,000004,0.010735
002415500,00020101,001526,21,000003,000004,0.00973041
002422100,00020101,001533,21,000003,000004,0.0109278
002424200,00020101,001535,21,000003,000004,0.00984203
002454100,00030100,001333,21,000002,000003,0.0118101
002455300,00020101,001335,21,000002,000004,0.0119652
002456100,00030100,001334,21,000002,000004,0.0113537
002457300,00020101,001337,21,000002,000004,0.0114676
002458100,00030100,001336,21,000002,000004,0.0113489
002529400,00020101,001548,21,000003,000004,0.00904072
002539400,00020101,001558,21,000003,000004,0.0101819
002550600,00020101,001565,21,000003,000004,0.0106307
002552700,00020101,001618,21,000003,000004,0.00958128
002560000,00020101,001624,21,000003,000004,0.0105766
002574400,00020101,001635,21,000003,000004,0.0109215
002594100,00030100,001342,21,000002,000003,0.0118101
002596100,00030100,001345,21,000002,000003,0.0113537
002598100,00030100,001346,21,000002,000003,0.0113489
002600100,00030100,001348,21,000002,000004,0.0114535
002601900,00020101,001354,21,000002,000001,0.0131645
002603100,00030100,001440,21,000002,000004,0.0136216
002670200,00030100,001523,51,000001,000004,0.0114703
002672600,00020101,001642,21,000003,000004,0.00915123
002684200,00020101,001649,21,000003,000004,0.0103276
002693100,00020101,001709,21,000003,000004,0.0102391
002701200,00020101,001715,21,000003,000004,0.0106049
002704300,00020101,001718,21,000003,000004,0.0108574
002713800,00020101,001724,21,000003,000004,0.0107338
002734100,00030100,001483,21,000002,000003,0.0118101
002736100,00030100,001564,21,000002,000004,0.0113537
002738000,00020101,001567,21,000002,000001,0.0127604
002739300,00030100,001605,21,000002,000004,0.0131049
002804400,00030100,001609,51,000001,000004,0.00817404
002810200,00030100,001698,51,000001,000004,0.0114658
002812600,00030100,001704,51,000001,000004,0.0111586
002820300,00030100,001743,22,000001,000004,0.0104894
002827800,00030100,001797,51,000001,000004,0.0119607
002838700,00030100,001808,22,000001,000004,0.0105715
002844900,00030100,001815,51,000001,000004,0.0117746
002847200,00030100,001817,51,000001,000004,0.0115287
002853100,00030100,001821,22,000001,000004,0.010726
002855600,00020101,001736,21,000003,000004,0.00860746
002859000,00020101,001737,21,000003,000004,0.00900817
002874100,00030100,001654,21,000002,000003,0.0118101
002875300,00020101,001659,21,000002,000004,0.0119652
002878000,00030100,001660,21,000002,000003,0.0130408
002907900,00030100,001667,21,000002,000003,0.0118246
002954600,00020101,001754,21,000003,000004,0.00972104
002959400,00020101,001802,21,000003,000004,0.0103252
002971300,00020101,001886,21,000003,000004,0.0106331
002979800,00020101,001892,21,000003,000004,0.0108717
002983500,00020101,001895,21,000003,000004,0.0107508
002987500,00020101,001898,21,000003,000004,0.0107217
003014100,00020101,001701,21,000002,000004,0.0118101
003016000,00030100,001700,21,000002,000003,0.012325
003018100,00030100,001748,21,000002,000003,0.0118957
003021600,00020101,001756,21,000002,000001,0.0139033
003023600,00020101,001783,21,000002,000004,0.0130377
003027100,00030100,001795,21,000002,000004,0.0139599
003094000,00030100,001880,22,000001,000004,0.0100997
003097100,00020101,001909,21,000003,000004,0.00900279
003135400,00030100,001995,51,000001,000004,0.0120116
003138200,00020101,001911,21,000003,000004,0.00900281
003154100,00020101,001834,21,000002,000001,0.0118101
003156100,00020101,001837,21,000002,000004,0.0113537
003158100,00020101,001843,21,000002,000001,0.0113489
003160100,00020101,001857,21,000002,000004,0.0114535
003161200,00030100,001879,21,000002,000004,0.0134923
003165500,00030100,001930,21,000002,000004,0.0136945
003223100,00030100,001997,51,000001,000004,0.0081441
003236400,00030100,002005,51,000001,000004,0.0118419
003263200,00030100,002070,51,000001,000004,0.012012
003267000,00030100,002072,51,000001,000004,0.0120037
003271000,00030100,002074,51,000001,000004,0.0119653
003279900,00020101,001915,21,000003,000004,0.00900278
003282200,00020101,001917,21,000003,000004,0.00839704
003294100,00020101,001933,21,000002,000004,0.0118101
003296000,00030100,001934,21,000002,000003,0.0123249
003298100,00030100,001936,21,000002,000004,0.0118957
003346100,00030100,001940,21,000002,000003,0.0120876
003365600,00030100,002082,51,000001,000004,0.00975279
003368200,00020101,001923,21,000003,000004,0.0097236
003377200,00030100,002089,51,000001,000004,0.0118236
003384800,00020101,002092,21,000003,000004,0.0106367
003386900,00020101,002093,21,000003,000004,0.00963655
003395900,00030100,002146,51,000001,000004,0.0110606
003402200,00020101,002159,21,000003,000004,0.0107339
003418500,00020101,002180,21,000003,000004,0.0107522
003434100,00020101,002009,21,000002,000004,0.0118101
003435900,00030100,001950,21,000002,000003,0.0124789
003440100,00030100,002011,21,000002,000004,0.0133645
003442000,00020101,002012,21,000002,000004,0.0133316
003444000,00020101,002016,21,000002,000004,0.0125828
003445900,00030100,002020,21,000002,000003,0.0135677
003447900,00030100,002035,21,000002,000003,0.0128239
003449800,00030100,002051,21,000002,000003,0.0125143
003452900,00020101,002107,21,000002,000004,0.0144167
003454900,00020101,002114,21,000002,000004,0.0134055
003458300,00030100,002141,21,000002,000003,0.0148454
003460300,00030100,002205,21,000002,000004,0.0137819
003462200,00020101,002206,21,000002,000001,0.0142685
003464100,00020101,002207,21,000002,000001,0.013279
003465300,00030100,002209,21,000002,000004,0.0151365
003466000,00020101,002208,21,000002,000004,0.0128194
003467900,00020101,002210,21,000002,000004,0.0125209
003469600,00030100,002211,21,000002,000003,0.0141223
003471500,00030100,002213,21,000002,000004,0.0132143
003473200,00020101,002214,21,000002,000001,0.0144664
003475100,00020101,002215,21,000002,000004,0.0136881
003477000,00020101,002217,21,000002,000004,0.0134146
003478800,00030100,002218,21,000002,000003,0.0148455
003480800,00020101,002219,21,000002,000001,0.0150232
003482800,00020101,002220,21,000002,000001,0.014334
003484700,00020101,002221,21,000002,000001,0.0139072
003486000,00030100,002223,21,000002,000004,0.0153953
003486700,00020101,002222,21,000002,000004,0.0134889
003505600,00030100,002152,22,000001,000004,0.00866207
003518900,00030100,002176,22,000001,000004,0.0106847
003521000,00030100,002193,51,000001,000004,0.0111847
003531300,00030100,002253,51,000001,000004,0.011978
003541900,00030100,002260,51,000001,000004,0.0120426
003544200,00030100,002262,51,000001,000004,0.0115772
003544900,00020101,002182,21,000003,000004,0.00893665
003546400,00030100,002264,51,000001,000004,0.0112098
003553400,00030100,002267,22,000001,000004,0.0106597
003556200,00020101,002191,21,000003,000004,0.0102456
003558300,00020101,002194,21,000003,000004,0.00922484
003574100,00020101,002224,21,000002,000001,0.0118101
003575300,00030100,002226,21,000002,000004,0.0119654
003576100,00020101,002225,21,000002,000004,0.0113537
003578100,00020101,002227,21,000002,000004,0.0113489
003580000,00030100,002228,21,000002,000003,0.0130426
003581200,00020101,002229,21,000002,000004,0.013362
003583800,00030100,002232,21,000002,000004,0.0137557
003586900,00020101,002233,21,000002,000004,0.0131859
003588900,00030100,002234,21,000002,000003,0.013276
003590900,00030100,002235,21,000002,000004,0.0124271
003592800,00030100,002237,21,000002,000004,0.0120364
003596100,00020101,002240,21,000002,000001,0.0142459
003597600,00030100,002251,21,000002,000004,0.0142713
003603800,00020101,002294,21,000002,000004,0.012816
003605800,00020101,002298,21,000002,000004,0.0119762
003607600,00030100,002299,21,000002,000003,0.0131603
003609500,00030100,002302,21,000002,000003,0.0121426
003611400,00030100,002303,21,000002,000004,0.0117326
003614800,00030100,002307,21,000002,000004,0.0140172
003656800,00030100,002282,51,000001,000004,0.0116528
003661800,00030100,002344,51,000001,000004,0.0119837
003664100,00030100,002349,51,000001,000004,0.0114993
003665600,00020101,002198,21,000003,000004,0.00875868
003670000,00030100,002354,51,000001,000004,0.0116846
003672300,00030100,002356,51,000001,000004,0.0113613
003673400,00020101,002249,21,000003,000004,0.00936525
003682900,00020101,002284,21,000003,000004,0.0100611
003686100,00020101,002289,21,000003,000004,0.0103282
003693800,00020101,002364,21,000003,000004,0.0107513
003714100,00020101,002308,21,000002,000001,0.0118101
003716100,00020101,002310,21,000002,000001,0.0113537
003717300,00030100,002312,21,000002,000004,0.0125923
003718500,00020101,002311,21,000002,000004,0.0123085
003719400,00030100,002315,21,000002,000004,0.012086
003720600,00020101,002314,21,000002,000004,0.012273
003721400,00030100,002317,21,000002,000004,0.0119406
003726200,00030100,002319,21,000002,000003,0.0141742
003729800,00020101,002325,21,000002,000004,0.0144965
003731300,00030100,002328,21,000002,000004,0.0144656
003733300,00020101,002330,21,000002,000001,0.0141433
003734700,00030100,002340,21,000002,000004,0.0145501
003737200,00020101,002342,21,000002,000001,0.0143957
003739200,00020101,002392,21,000002,000001,0.0134077
003740300,00030100,002394,21,000002,000004,0.014768
003744000,00030100,002398,21,000002,000004,0.0147244
003746700,00020101,002399,21,000002,000004,0.0141979
003748600,00030100,002401,21,000002,000003,0.0139714
003750500,00030100,002402,21,000002,000004,0.0128971
003752200,00020101,002403,21,000002,000001,0.0138259
003754100,00020101,002404,21,000002,000001,0.0128216
003756000,00020101,002405,21,000002,000001,0.0123984
003757800,00020101,002406,21,000002,000004,0.0120948
003759500,00030100,002407,21,000002,000003,0.0140092
003760800,00020101,002409,21,000002,000004,0.014194
003763000,00030100,002410,21,000002,000004,0.0147255
003765000,00030100,002412,21,000002,000003,0.0136548
003767000,00030100,002414,21,000002,000004,0.0129352
003799500,00030100,002373,51,000001,000004,0.0110756
003816300,00030100,002442,22,000001,000004,0.0106877
003819900,00030100,002444,51,000001,000004,0.0119791
003830600,00030100,002452,51,000001,000004,0.0117795
003832900,00030100,002455,51,000001,000004,0.0115705
003833100,00020101,002370,21,000003,000004,0.0089442
003835200,00030100,002457,51,000001,000004,0.0113463
003839400,00020101,002372,21,000003,000004,0.00864575
003854100,00030100,002416,21,000002,000004,0.0118101
003856100,00030100,002418,21,000002,000004,0.0113537
003858000,00020101,002419,21,000002,000001,0.0127605
003868700,00030100,002421,21,000002,000003,0.0122096
003870700,00030100,002422,21,000002,000003,0.0115899
003872700,00030100,002423,21,000002,000003,0.0114852
003876200,00020101,002425,21,000002,000001,0.013839
003880000,00030100,002427,21,000002,000004,0.0142779
003885200,00030100,002433,21,000002,000003,0.0145533
003887300,00030100,002474,21,000002,000004,0.013655
003889200,00030100,002477,21,000002,000003,0.0131619
003891200,00030100,002479,21,000002,000003,0.0129513
003893100,00030100,002481,21,000002,000004,0.0127319
003894900,00020101,002482,21,000002,000001,0.0140413
003896800,00020101,002484,21,000002,000001,0.0130514
003898700,00020101,002485,21,000002,000004,0.0126046
003900400,00030100,002486,21,000002,000003,0.0139652
003902300,00030100,002487,21,000002,000004,0.012949
003904000,00020101,002488,21,000002,000001,0.0141238
003905300,00030100,002491,21,000002,000004,0.0150157
003923100,00030100,002458,51,000001,000004,0.0081441
003928200,00030100,002461,22,000001,000004,0.00937938
003930400,00030100,002463,51,000001,000004,0.00961093
003956800,00020101,002529,21,000003,000004,0.0106716
003962300,00020101,002533,21,000003,000004,0.0107129
003975100,00020101,002544,21,000003,000004,0.0107219
003994100,00020101,002494,21,000002,000004,0.0118101
003996100,00020101,002496,21,000002,000004,0.0113537
003999700,00030100,002499,21,000002,000003,0.0135528
004003500,00020101,002501,21,000002,000001,0.0140721
004005000,00030100,002503,21,000002,000004,0.014111
004005600,00020101,002502,21,000002,000004,0.0132701
004007600,00020101,002504,21,000002,000001,0.0129142
004014400,00030100,002510,21,000002,000004,0.0128725
004064400,00030100,002470,51,000001,000004,0.00817396
004072700,00030100,002521,22,000001,000004,0.00970324
004092200,00020101,002612,21,000003,000004,0.0108492
004099900,00020101,002616,21,000003,000004,0.0108329
004102000,00020101,002618,21,000003,000004,0.00968293
004114200,00020101,002625,21,000003,000004,0.0107892
004134100,00020101,002513,21,000002,000004,0.0118101
004135300,00030100,002516,21,000002,000004,0.0119654
004149900,00030100,002562,21,000002,000003,0.0124443
004152000,00030100,002564,21,000002,000003,0.0119923
004154000,00030100,002565,21,000002,000003,0.0118744
004156000,00030100,002566,21,000002,000004,0.0118953
004157800,00020101,002567,21,000002,000001,0.0134375
004159700,00020101,002568,21,000002,000001,0.0126153
004162800,00020101,002569,21,000002,000004,0.0143394
004164900,00020101,002572,21,000002,000001,0.0135902
004166900,00030100,002578,21,000002,000004,0.0138907
004168300,00020101,002576,21,000002,000004,0.0142472
004170900,00030100,002600,21,000002,000004,0.0141257
004172800,00020101,002602,21,000002,000001,0.0138418
004174800,00020101,002654,21,000002,000004,0.0129955
004178200,00030100,002659,21,000002,000003,0.0147514
004180200,00030100,002661,21,000002,000003,0.0136679
004182100,00030100,002664,21,000002,000003,0.013053
004184000,00030100,002665,21,000002,000003,0.0126527
004185900,00030100,002666,21,000002,000003,0.0123685
004207900,00030100,002608,51,000001,000004,0.0103916
004212100,00020101,002637,21,000003,000004,0.0100402
004238100,00020101,002695,21,000003,000004,0.0107821
004258400,00020101,002710,21,000003,000004,0.010877
004274100,00020101,002668,21,000002,000001,0.0118101
004274100,00030100,002669,21,000002,000004,0.0118101
004276100,00020101,002670,21,000002,000001,0.0113537
004278100,00020101,002671,21,000002,000004,0.0113489
004280100,00020101,002673,21,000002,000001,0.0114535
004282100,00020101,002674,21,000002,000001,0.0115866
004283100,00030100,002676,21,000002,000004,0.0137401
004284000,00020101,002675,21,000002,000004,0.0116374
004285200,00030100,002678,21,000002,000004,0.0130103
004285900,00020101,002677,21,000002,000004,0.0116977
004289600,00020101,002681,21,000002,000001,0.0140155
004291600,00020101,002682,21,000002,000004,0.0130548
004292900,00030100,002685,21,000002,000004,0.0141693
004293500,00020101,002684,21,000002,000004,0.0126245
004295400,00020101,002687,21,000002,000001,0.0124064
004296400,00030100,002729,21,000002,000004,0.014623
004297300,00020101,002690,21,000002,000004,0.012286
004298400,00030100,002732,21,000002,000004,0.0135225
004300300,00030100,002734,21,000002,000004,0.0129428
004300700,00020101,002733,21,000002,000004,0.0142849
004302700,00020101,002737,21,000002,000004,0.0132862
004305600,00030100,002741,21,000002,000004,0.0145097
004306300,00020101,002742,21,000002,000004,0.0144182
004307600,00030100,002743,21,000002,000004,0.0133953
004309400,00020101,002744,21,000002,000001,0.0141529
004311200,00020101,002745,21,000002,000004,0.0131496
004313000,00030100,002746,21,000002,000003,0.0144299
004314300,00020101,002749,21,000002,000004,0.0151056
004314900,00030100,002748,21,000002,000004,0.01359
004318100,00020101,002752,21,000002,000004,0.0152604
004318400,00030100,002753,21,000002,000004,0.0150433
004350200,00030100,002636,51,000001,000004,0.0114658
004352600,00020101,002713,21,000003,000004,0.00893413
004354900,00030100,002645,51,000001,000004,0.0107491
004387000,00030100,002803,51,000001,000004,0.0119308
004389300,00030100,002805,51,000001,000004,0.0113823
004400500,00020101,002718,21,000003,000004,0.00893264
004414100,00020101,002761,21,000002,000004,0.0118101
004414100,00030100,002763,21,000002,000004,0.0118101
004416100,00020101,002762,21,000002,000004,0.0113537
004416100,00030100,002764,21,000002,000004,0.0113537
004418100,00020101,002765,21,000002,000004,0.011349
004424100,00030100,002772,21,000002,000004,0.0136832
004483000,00030100,002809,51,000001,000004,0.00794634
004485400,00030100,002811,22,000001,000004,0.00796777
004488700,00030100,002813,51,000001,000004,0.0104476
004491100,00030100,002815,22,000001,000004,0.0094754
004497700,00030100,002819,22,000001,000004,0.00992532
004499700,00030100,002821,22,000001,000004,0.00931763
004515500,00020101,002874,21,000003,000004,0.0108669
004532400,00020101,002888,21,000003,000004,0.0107276
004537900,00020101,002892,21,000003,000004,0.0107906
004540000,00020101,002894,21,000003,000004,0.00987343
004542200,00020101,002897,21,000003,000004,0.00937552
004554100,00020101,002769,21,000002,000004,0.0118101
004626900,00030100,002865,51,000001,000004,0.00986299
004652900,00030100,002971,51,000001,000004,0.011987
004660800,00030100,002976,22,000001,000004,0.0103765
004676100,00030100,002988,51,000001,000004,0.0107598
004680200,00020101,002900,21,000003,000004,0.00900282
004694100,00020101,002773,21,000002,000001,0.0118101
004763100,00030100,002990,51,000001,000004,0.0081441
004785900,00030100,003044,51,000001,000004,0.0117602
004820800,00020101,002910,21,000003,000004,0.00864581
004823200,00020101,002913,21,000003,000004,0.00819242
004834100,00030100,002778,21,000002,000003,0.0118101
004836100,00030100,002781,21,000002,000003,0.0113537
004841800,00030100,002788,21,000002,000003,0.0128051
004843600,00020101,002787,21,000002,000004,0.0126309
004845600,00020101,002825,21,000002,000004,0.0119584
004847500,00030100,002827,21,000002,000003,0.0131015
004849400,00020101,002837,21,000002,000004,0.0127632
004851400,00030100,002830,21,000002,000004,0.0130823
004853300,00020101,002844,21,000002,000001,0.0132112
004855300,00020101,002917,21,000002,000001,0.0124592
004860500,00020101,003003,21,000002,000004,0.0134573
004862800,00020101,003009,21,000002,000004,0.0130254
004863900,00030100,003036,21,000002,000004,0.0134828
004865900,00020101,003038,21,000002,000004,0.0133695
004867100,00030100,003086,21,000002,000004,0.0137458
004867900,00020101,003084,21,000002,000004,0.0125433
004869800,00020101,003087,21,000002,000001,0.0121552
004871700,00020101,003089,21,000002,000001,0.0119564
004873700,00020101,003090,21,000002,000001,0.0119114
004876900,00030100,003092,21,000002,000003,0.0144923
004878900,00030100,003093,21,000002,000003,0.0133888
004880800,00030100,003094,21,000002,000003,0.0127801
004882700,00030100,003095,21,000002,000003,0.0124006
004884600,00030100,003096,21,000002,000003,0.0121373
004886400,00030100,003097,21,000002,000003,0.0118872
004921800,00030100,003080,51,000001,000004,0.0119092
004924100,00020101,002920,21,000003,000004,0.00900281
004924200,00030100,003112,22,000001,000004,0.0101868
004935700,00020101,003045,21,000003,000004,0.01034
004937800,00020101,003050,21,000003,000004,0.00933695
004944400,00030100,003121,51,000001,000004,0.0113975
004946800,00030100,003124,51,000001,000004,0.0110958
004950400,00020101,003130,21,000003,000004,0.0103927
004952500,00020101,003133,21,000003,000004,0.00923077
004954600,00020101,003135,21,000003,000004,0.00861804
004956700,00020101,003138,21,000003,000004,0.00822153
004975700,00020101,003100,21,000002,000001,0.0126177
004977700,00030100,003101,21,000002,000003,0.0130017
004979700,00030100,003102,21,000002,000003,0.0123266
004981700,00030100,003103,21,000002,000003,0.0121707
004983700,00030100,003104,21,000002,000003,0.0121544
004985600,00030100,003105,21,000002,000003,0.0121095
004987500,00030100,003106,21,000002,000003,0.0121001
004989400,00030100,003107,21,000002,000003,0.0121077
004991300,00030100,003108,21,000002,000004,0.0121231
004993100,00020101,003109,21,000002,000004,0.0139189
004994900,00030100,003110,21,000002,000003,0.0139403
004996800,00030100,003115,21,000002,000003,0.0130734
004999900,00020101,003172,21,000002,000004,0.0147679
005000300,00030100,003171,21,000002,000004,0.014593
005002300,00030100,003174,21,000002,000003,0.0134898
005004200,00030100,003175,21,000002,000003,0.0129049
005006100,00030100,003177,21,000002,000004,0.01256
005007300,00020101,003180,21,000002,000004,0.0148857
005009200,00020101,003183,21,000002,000004,0.0137375
005009500,00030100,003182,21,000002,000004,0.0145222
005011400,00030100,003184,21,000002,000003,0.0133889
005013300,00030100,003186,21,000002,000004,0.0128391
005015100,00020101,003187,21,000002,000001,0.0141826
005016900,00020101,003188,21,000002,000001,0.013199
005018800,00020101,003191,21,000002,000004,0.0128782
005020600,00020101,003193,21,000002,000001,0.0126756
005021800,00030100,003195,21,000002,000004,0.0153661
005022500,00020101,003194,21,000002,000004,0.0125926
005044100,00030100,003127,22,000001,000004,0.0075518
005048900,00030100,003136,51,000001,000004,0.0104659
005058000,00030100,003146,22,000001,000004,0.0102984
005061400,00030100,003158,51,000001,000004,0.0117756
005101800,00020101,003145,21,000003,000004,0.00864581
005114100,00030100,003199,21,000002,000003,0.0118101
005115300,00020101,003200,21,000002,000004,0.0119655
005116100,00030100,003201,21,000002,000004,0.0113537
005117300,00020101,003202,21,000002,000004,0.0114679
005119200,00030100,003203,21,000002,000003,0.0127525
005121200,00030100,003204,21,000002,000004,0.012146
005123100,00020101,003205,21,000002,000001,0.0133357
005124300,00030100,003207,21,000002,000004,0.013727
005125600,00020101,003206,21,000002,000004,0.013345
005126400,00030100,003209,21,000002,000004,0.013013
005185600,00030100,003242,51,000001,000004,0.00975274
005214700,00030100,003302,51,000001,000004,0.0118547
005222000,00030100,003309,51,000001,000004,0.0120059
005234200,00030100,003316,51,000001,000004,0.0120034
005241200,00020101,003152,21,000003,000004,0.00875868
005243600,00020101,003154,21,000003,000004,0.00846436
005245800,00020101,003156,21,000003,000004,0.0080094
005248500,00020101,003160,21,000003,000004,0.00819168
005254100,00030100,003211,21,000002,000003,0.0118101
005257700,00020101,003214,21,000002,000001,0.0132002
005329300,00030100,003322,51,000001,000004,0.0105837
005346200,00030100,003381,51,000001,000004,0.0119387
005348500,00030100,003383,22,000001,000004,0.0102708
005362200,00030100,003393,51,000001,000004,0.0120167
005366500,00030100,003396,51,000001,000004,0.0117688
005368800,00030100,003398,51,000001,000004,0.0115545
005371100,00030100,003400,22,000001,000004,0.0101368
005373100,00030100,003401,51,000001,000004,0.0103588
005379900,00020101,003165,21,000003,000004,0.00875868
005394100,00020101,003254,21,000002,000001,0.0118101
005395300,00030100,003257,21,000002,000004,0.0119655
005396100,00020101,003256,21,000002,000004,0.0113537
005462400,00030100,003403,51,000001,000004,0.00675526
005465100,00030100,003405,51,000001,000004,0.00795685
005467500,00030100,003407,22,000001,000004,0.00821534
005477200,00030100,003413,51,000001,000004,0.0115996
005489700,00030100,003463,51,000001,000004,0.0119643
005492000,00030100,003465,51,000001,000004,0.0114354
005494200,00030100,003469,51,000001,000004,0.0111954
005499100,00030100,003473,51,000001,000004,0.012
005501400,00030100,003475,51,000001,000004,0.0115068
005509100,00030100,003480,51,000001,000004,0.0119942
005511100,00020101,003218,21,000003,000004,0.00884984
005511300,00030100,003482,51,000001,000004,0.0113771
005534100,00030100,003261,21,000002,000003,0.0118101
005536100,00030100,003265,21,000002,000003,0.0113537
005537300,00020101,003270,21,000002,000004,0.0125923
005539400,00020101,003276,21,000002,000004,0.012086
005605600,00030100,003487,22,000001,000004,0.00866202
005619700,00020101,003468,21,000003,000004,0.010549
005626800,00020101,003499,21,000003,000004,0.0106834
005635800,00020101,003560,21,000003,000004,0.0108206
005651100,00020101,003570,21,000003,000004,0.0107872
005674100,00030100,003291,21,000002,000003,0.0118101
005676100,00030100,003335,21,000002,000004,0.0113537
005678000,00020101,003336,21,000002,000001,0.0127604
005680000,00020101,003342,21,000002,000001,0.0121125
005682000,00020101,003366,21,000002,000004,0.0119882
005683800,00030100,003376,21,000002,000003,0.0134255
005685000,00020101,003425,21,000002,000004,0.0138707
005687100,00020101,003432,21,000002,000004,0.0131438
005689000,00030100,003451,21,000002,000004,0.0138812
005694300,00030100,003503,21,000002,000004,0.0110795
005753000,00030100,003495,51,000001,000004,0.0112585
005756700,00030100,003501,51,000001,000004,0.0116733
005765700,00030100,003640,51,000001,000004,0.0117398
005768000,00030100,003643,22,000001,000004,0.0101064
005768200,00020101,003579,21,000003,000004,0.00900282
005784800,00030100,003654,51,000001,000004,0.0119958
005790800,00030100,003660,51,000001,000004,0.0119923
005794700,00030100,003664,51,000001,000004,0.0119786
005799500,00030100,003665,22,000001,000004,0.00661177
005799600,00020101,003582,21,000003,000004,0.00885623
005814100,00020101,003513,21,000002,000004,0.0118101
005816100,00020101,003519,21,000002,000004,0.0113537
005818100,00020101,003548,21,000002,000004,0.0113489
005820000,00030100,003594,21,000002,000003,0.0130434
005822000,00030100,003597,21,000002,000003,0.0123579
005827700,00030100,003599,21,000002,000004,0.0128985
005831500,00030100,003601,21,000002,000004,0.012763
005882800,00030100,003667,22,000001,000004,0.0072712
005889400,00030100,003671,51,000001,000004,0.0107277
005895200,00030100,003676,51,000001,000004,0.011873
005913500,00030100,003739,51,000001,000004,0.0119696
005922000,00030100,003743,51,000001,000004,0.011968
005939900,00020101,003588,21,000003,000004,0.00900282
005954100,00030100,003607,21,000002,000004,0.0118101
005956100,00030100,003609,21,000002,000003,0.0113537
005958100,00030100,003612,21,000002,000004,0.011349
005963500,00020101,003631,21,000002,000001,0.0116552
005970200,00030100,003688,21,000002,000003,0.0135447
005973900,00020101,003698,21,000002,000001,0.0140507
005975900,00020101,003723,21,000002,000004,0.0130747
005977900,00020101,003725,21,000002,000004,0.0126787
005979800,00030100,003731,21,000002,000003,0.0137445
005981800,00030100,003764,21,000002,000003,0.0129049
005982800,00020101,003767,21,000002,000004,0.0143482
005983700,00030100,003766,21,000002,000004,0.0125063
005987000,00020101,003769,21,000002,000001,0.0145324
005988400,00030100,003772,21,000002,000004,0.0148387
005989000,00020101,003771,21,000002,000004,0.0134252
005992400,00030100,003774,21,000002,000003,0.0147738
005993800,00020101,003776,21,000002,000004,0.0151646
006000300,00030100,003779,21,000002,000004,0.0126237
006002100,00020101,003780,21,000002,000001,0.0131679
006005200,00030100,003782,21,000002,000003,0.0144517
006007700,00030100,003783,21,000002,000003,0.0123533
006033800,00030100,003757,22,000001,000004,0.010239
006035900,00030100,003759,51,000001,000004,0.0105336
006040100,00030100,003805,51,000001,000004,0.0119227
006042400,00020101,003729,21,000003,000004,0.00987925
006044600,00020101,003734,21,000003,000004,0.00906241
006051700,00020101,003812,21,000003,000004,0.0104117
006053800,00020101,003815,21,000003,000004,0.00925303
006057400,00020101,003818,21,000003,000004,0.0104275
006060500,00020101,003821,21,000003,000004,0.0106725
006062600,00020101,003823,21,000003,000004,0.00965693
006075500,00020101,003831,21,000003,000004,0.0107829
006094100,00020101,003785,21,000002,000004,0.0118101
006094100,00030100,003784,21,000002,000004,0.0118101
006096100,00020101,003787,21,000002,000004,0.0113537
006096100,00030100,003786,21,000002,000004,0.0113537
006102100,00030100,003792,21,000002,000004,0.0135395
006131800,00020101,003793,21,000002,000004,0.012072
006165600,00030100,003834,51,000001,000004,0.00975283
006172300,00030100,003847,51,000001,000004,0.0116402
006174800,00030100,003851,51,000001,000004,0.0114942
006183200,00030100,003903,51,000001,000004,0.0117582
006209500,00030100,003923,51,000001,000004,0.0119972
006216200,00030100,003928,22,000001,000004,0.0100405
006219000,00020101,003844,21,000003,000004,0.00894422
006234100,00020101,003797,21,000002,000004,0.0118101
006236000,00030100,003796,21,000002,000003,0.012325
006238100,00030100,003799,21,000002,000004,0.0118957
006239700,00020101,003802,21,000002,000004,0.012935
006243500,00020101,003804,21,000002,000001,0.0140455
006245600,00020101,003810,21,000002,000004,0.0132478
006250700,00020101,003867,21,000002,000004,0.0146423
006252700,00030100,003873,21,000002,000003,0.014279
006254800,00030100,003887,21,000002,000004,0.0136119
006256700,00030100,003895,21,000002,000003,0.0132397
006258000,00020101,003941,21,000002,000004,0.0146672
006258700,00030100,003901,21,000002,000004,0.0130849
006260000,00020101,003943,21,000002,000004,0.0135847
006262300,00030100,003944,21,000002,000003,0.0144336
006269700,00020101,003951,21,000002,000001,0.0148037
006271700,00020101,003952,21,000002,000001,0.0136775
006272900,00030100,003954,21,000002,000004,0.0153004
006306700,00030100,003931,51,000001,000004,0.00955597
006311900,00030100,003934,51,000001,000004,0.0118022
006315800,00030100,003936,51,000001,000004,0.0118448
006333100,00030100,003993,22,000001,000004,0.0105395
006339000,00030100,003997,51,000001,000004,0.0120253
006359700,00020101,003849,21,000003,000004,0.00864581
006374100,00030100,003958,21,000002,000003,0.0118101
006376100,00030100,003959,21,000002,000003,0.0113537
006466800,00030100,004061,51,000001,000004,0.0119496
006471200,00030100,004065,22,000001,000004,0.0106347
006473200,00030100,004067,51,000001,000004,0.010997
006475500,00030100,004069,51,000001,000004,0.0108922
006477700,00030100,004072,51,000001,000004,0.0107421
006492200,00030100,004082,51,000001,000004,0.0119733
006500800,00020101,003855,21,000003,000004,0.0083661
006514100,00020101,003963,21,000002,000004,0.0118101
006516100,00020101,003965,21,000002,000001,0.0113537
006519700,00030100,003970,21,000002,000003,0.0135528
006521800,00030100,003975,21,000002,000004,0.0128573
006523700,00020101,003976,21,000002,000001,0.0135881
006525000,00030100,003982,21,000002,000004,0.0140579
006527700,00020101,003985,21,000002,000001,0.0140418
006529700,00020101,003987,21,000002,000001,0.0130686
006531600,00020101,004019,21,000002,000004,0.0126299
006534900,00030100,004026,21,000002,000003,0.0147057
006537000,00030100,004056,21,000002,000004,0.0137578
006538800,00020101,004102,21,000002,000001,0.0141932
006540100,00030100,004104,21,000002,000004,0.014937
006542500,00020101,004105,21,000002,000004,0.0146473
006544400,00030100,004106,21,000002,000003,0.0143559
006545700,00020101,004109,21,000002,000004,0.0152364
006546300,00030100,004108,21,000002,000004,0.013324
006548200,00030100,004110,21,000002,000004,0.012879
006550000,00030100,004112,21,000002,000003,0.012557
006551100,00020101,004114,21,000002,000004,0.0151777
006553100,00020101,004116,21,000002,000004,0.0140976
006553500,00030100,004115,21,000002,000004,0.0145141
006555400,00030100,004117,21,000002,000004,0.0134957
006557300,00030100,004119,21,000002,000003,0.0129879
006559200,00030100,004120,21,000002,000003,0.012676
006562400,00020101,004122,21,000002,000001,0.0151306
006566200,00030100,004124,21,000002,000003,0.0153708
006586200,00030100,004089,51,000001,000004,0.00885314
006588600,00030100,004090,22,000001,000004,0.00848401
006596500,00030100,004094,51,000001,000004,0.0117374
006600900,00030100,004099,51,000001,000004,0.011937
006606900,00020101,004101,21,000003,000004,0.0104453
006614400,00020101,004154,21,000003,000004,0.0107804
006616500,00020101,004158,21,000003,000004,0.00960521
006619900,00020101,004162,21,000003,000004,0.0107405
006622000,00020101,004164,21,000003,000004,0.00960301
006625400,00020101,004169,21,000003,000004,0.0107415
006636400,00020101,004179,21,000003,000004,0.010743
006654100,00030100,004125,21,000002,000003,0.0118101
006656100,00030100,004126,21,000002,000003,0.0113537
006658100,00030100,004127,21,000002,000004,0.0113489
006660100,00030100,004130,21,000002,000004,0.0114535
006662100,00030100,004132,21,000002,000004,0.0115866
006733600,00030100,004156,22,000001,000004,0.0102142
006739800,00030100,004175,51,000001,000004,0.01193
006743600,00030100,004248,51,000001,000004,0.0119228
006750100,00030100,004253,22,000001,000004,0.0107786
006754100,00030100,004257,22,000001,000004,0.0104322
006762300,00030100,004262,51,000001,000004,0.0120378
006764600,00030100,004264,51,000001,000004,0.0115662
006778800,00020101,004183,21,000003,000004,0.00894581
006794100,00020101,004131,21,000002,000004,0.0118101
006796100,00020101,004133,21,000002,000001,0.0113537
006798500,00020101,004134,21,000002,000004,0.0123085
006801300,00020101,004136,21,000002,000004,0.0129924
006803300,00020101,004138,21,000002,000004,0.012287
006805200,00030100,004139,21,000002,000003,0.0132651
006807200,00030100,004140,21,000002,000004,0.0125088
006809000,00020101,004141,21,000002,000001,0.0134606
006810300,00030100,004198,21,000002,000004,0.0140406
006812800,00020101,004200,21,000002,000001,0.0141014
006814800,00020101,004204,21,000002,000001,0.0131223
006816700,00020101,004211,21,000002,000001,0.0126589
006818600,00020101,004246,21,000002,000004,0.012416
006820500,00020101,004286,21,000002,000001,0.0122787
006822400,00020101,004288,21,000002,000004,0.0121608
006824300,00020101,004291,21,000002,000004,0.0120267
006826000,00030100,004293,21,000002,000003,0.0137972
006827900,00030100,004294,21,000002,000004,0.0127928
006829600,00020101,004295,21,000002,000001,0.0139108
006831500,00020101,004297,21,000002,000004,0.0128803
006832700,00030100,004300,21,000002,000004,0.0150055
006834900,00020101,004301,21,000002,000001,0.0144004
006836900,00020101,004302,21,000002,000001,0.0133554
006838700,00020101,004304,21,000002,000001,0.0127516
006839900,00030100,004306,21,000002,000004,0.0151642
006840600,00020101,004305,21,000002,000004,0.01245
006841800,00030100,004308,21,000002,000004,0.0140175
006842500,00020101,004307,21,000002,000004,0.012256
006844300,00020101,004309,21,000002,000001,0.0120689
006845400,00030100,004311,21,000002,000004,0.0151269
006870200,00020101,004187,21,000003,000004,0.00990976
006877200,00020101,004192,21,000003,000004,0.0105126
006880500,00020101,004195,21,000003,000004,0.0104745
006882900,00020101,004197,21,000003,000004,0.00957524
006893700,00020101,004332,21,000003,000004,0.0108778
006895800,00020101,004334,21,000003,000004,0.00974732
006919500,00020101,004338,21,000003,000004,0.00882813
006934000,00020101,004312,21,000002,000001,0.0116034
006936000,00020101,004313,21,000002,000004,0.011193
006937900,00030100,004314,21,000002,000003,0.0127036
006939100,00020101,004316,21,000002,000004,0.012904
006943500,00020101,004318,21,000002,000001,0.0140483
006945500,00020101,004319,21,000002,000001,0.0131447
006947500,00020101,004320,21,000002,000001,0.0128004
006951200,00020101,004323,21,000002,000004,0.0143204
006953200,00030100,004324,21,000002,000003,0.0141497
006955100,00030100,004325,21,000002,000003,0.0132085
006956300,00020101,004368,21,000002,000004,0.0146613
006958700,00030100,004369,21,000002,000003,0.0144714
006960000,00020101,004371,21,000002,000004,0.014924
006962400,00030100,004372,21,000002,000003,0.0144198
006964400,00030100,004374,21,000002,000003,0.0133445
006965500,00020101,004376,21,000002,000004,0.0150879
006969700,00030100,004379,21,000002,000003,0.0145245
006971700,00030100,004380,21,000002,000003,0.0134077
006972900,00020101,004382,21,000002,000004,0.0151823
006973600,00030100,004381,21,000002,000004,0.0128382
006976800,00020101,004384,21,000002,000001,0.0151238
006978800,00030100,004385,21,000002,000003,0.0148991
006980100,00020101,004387,21,000002,000004,0.0154988
006980700,00030100,004386,21,000002,000004,0.0140172
006984300,00020101,004389,21,000002,000001,0.0154065
006985800,00030100,004391,21,000002,000004,0.0156355
006986300,00020101,004390,21,000002,000004,0.0144411
007011900,00020101,004341,21,000003,000004,0.00924178
007023700,00020101,004350,21,000003,000004,0.0103813
007038200,00020101,004420,21,000003,000004,0.0107175
007047900,00020101,004425,21,000003,000004,0.0106518
007074100,00020101,004392,21,000002,000001,0.0118101
007075300,00030100,004394,21,000002,000004,0.0119654
007076100,00020101,004393,21,000002,000004,0.0113537
007077300,00030100,004396,21,000002,000004,0.0114678
007080100,00020101,004397,21,000002,000001,0.0133196
007085700,00030100,004401,21,000002,000003,0.0142074
007087800,00030100,004402,21,000002,000003,0.0133553
007093200,00020101,004406,21,000002,000004,0.0146424
007096700,00030100,004411,21,000002,000004,0.0145752
007099000,00020101,004453,21,000002,000004,0.0145539
007102300,00030100,004457,21,000002,000004,0.0145294
007102700,00020101,004459,21,000002,000004,0.0145784
007104600,00030100,004460,21,000002,000003,0.0139122
007112100,00030100,004467,21,000002,000004,0.0143371
007145600,00030100,004365,51,000001,000004,0.00975278
007169200,00030100,004505,51,000001,000004,0.011996
007171400,00030100,004507,51,000001,000004,0.0113599
007173700,00030100,004509,22,000001,000004,0.0101583
007174400,00020101,004432,21,000003,000004,0.00900281
007175800,00030100,004512,51,000001,000004,0.0105271
007185400,00030100,004518,51,000001,000004,0.0117739
007192000,00030100,004524,51,000001,000004,0.0119806
007198900,00020101,004434,21,000003,000004,0.00864581
007214100,00020101,004469,21,000002,000004,0.0118101
007216100,00020101,004472,21,000002,000001,0.0113537
007218000,00030100,004471,21,000002,000003,0.0127605
007220000,00030100,004473,21,000002,000003,0.0121125
007221200,00020101,004475,21,000002,000004,0.0135638
007223900,00030100,004476,21,000002,000003,0.0136902
007227500,00020101,004478,21,000002,000001,0.0142844
007229600,00020101,004481,21,000002,000001,0.0134
007233100,00030100,004486,21,000002,000003,0.0147038
007236800,00020101,004495,21,000002,000001,0.0149246
007238800,00020101,004547,21,000002,000001,0.0138694
007244500,00020101,004555,21,000002,000004,0.0143696
007246000,00030100,004559,21,000002,000004,0.0146037
007246400,00020101,004558,21,000002,000004,0.0131941
007247900,00030100,004560,21,000002,000004,0.013416
007289500,00030100,004535,22,000001,000004,0.00944113
007291700,00030100,004538,51,000001,000004,0.0096533
007297300,00030100,004541,51,000001,000004,0.0119015
007299700,00030100,004543,22,000001,000004,0.0102151
007303700,00030100,004602,22,000001,000004,0.0106434
007305600,00020101,004442,21,000003,000004,0.00864581
007310100,00030100,004611,51,000001,000004,0.010849
007315300,00030100,004616,51,000001,000004,0.0119288
007319000,00030100,004619,51,000001,000004,0.0119615
007325700,00030100,004625,22,000001,000004,0.0106582
007333500,00030100,004630,51,000001,000004,0.0119745
007340400,00020101,004445,21,000003,000004,0.00893262
007342800,00020101,004447,21,000003,000004,0.00844262
007354100,00030100,004563,21,000002,000003,0.0118101
007356100,00030100,004564,21,000002,000003,0.0113537
007358100,00030100,004565,21,000002,000004,0.0113489
