#section:000000000003, isUP:1, length:1, interval:10000, detectors:2
#lane0:00020101
#lane1:00030100
#begintime, endtime, total(conv), total(simple), total_p,total_t, volume_p,volume_t, volume0p,volume0t, volume1p,volume1t, ...
000000000, 000010000, 0, 0, 0,0, 30,99, 0,0, 0,0
000000000, 000020000, 3.4, 2, 0,2, 30,101, 0,2, 0,0
000000000, 000030000, 7.8, 5, 1,4, 31,103, 1,3, 0,1
000000000, 000040000, 14.6, 9, 1,8, 31,107, 1,6, 0,2
000000000, 000050000, 16.3, 10, 1,9, 31,108, 1,6, 0,3
000000000, 000060000, 19.7, 12, 1,11, 31,110, 1,7, 0,4
000000000, 000070000, 19.7, 12, 1,11, 31,110, 1,7, 0,4
000000000, 000080000, 20.7, 13, 2,11, 32,110, 1,7, 1,4
000000000, 000090000, 21.7, 14, 3,11, 33,110, 1,7, 2,4
000000000, 000100000, 22.7, 15, 4,11, 34,110, 1,7, 3,4
000000000, 000110000, 22.7, 15, 4,11, 34,110, 1,7, 3,4
000000000, 000120000, 23.7, 16, 5,11, 35,110, 1,7, 4,4
000000000, 000130000, 24.7, 17, 6,11, 36,110, 1,7, 5,4
000000000, 000140000, 25.7, 18, 7,11, 37,110, 2,7, 5,4
000000000, 000150000, 32.5, 22, 7,15, 37,114, 2,9, 5,6
000000000, 000160000, 38.6, 26, 8,18, 38,117, 3,11, 5,7
000000000, 000170000, 41.3, 28, 9,19, 39,118, 4,11, 5,8
000000000, 000180000, 47.4, 32, 10,22, 40,121, 5,12, 5,10
000000000, 000190000, 54.2, 36, 10,26, 40,125, 5,13, 5,13
000000000, 000200000, 60.3, 40, 11,29, 41,128, 6,15, 5,14
000000000, 000210000, 60.3, 40, 11,29, 41,128, 6,15, 5,14
000000000, 000220000, 61.3, 41, 12,29, 42,128, 6,15, 6,14
000000000, 000230000, 61.3, 41, 12,29, 42,128, 6,15, 6,14
000000000, 000240000, 61.3, 41, 12,29, 42,128, 6,15, 6,14
000000000, 000250000, 62.3, 42, 13,29, 43,128, 6,15, 7,14
000000000, 000260000, 63.3, 43, 14,29, 44,128, 6,15, 8,14
000000000, 000270000, 63.3, 43, 14,29, 44,128, 6,15, 8,14
000000000, 000280000, 64.3, 44, 15,29, 45,128, 7,15, 8,14
000000000, 000290000, 69.4, 47, 15,32, 45,131, 7,17, 8,15
000000000, 000300000, 72.8, 49, 15,34, 45,133, 7,17, 8,17
000000000, 000310000, 80.6, 54, 16,38, 46,137, 8,19, 8,19
000000000, 000320000, 90.8, 60, 16,44, 46,143, 8,23, 8,21
000000000, 000330000, 100.3, 66, 17,49, 47,148, 9,25, 8,24
000000000, 000340000, 105.4, 69, 17,52, 47,151, 9,27, 8,25
000000000, 000350000, 105.4, 69, 17,52, 47,151, 9,27, 8,25
000000000, 000360000, 105.4, 69, 17,52, 47,151, 9,27, 8,25
000000000, 000370000, 105.4, 69, 17,52, 47,151, 9,27, 8,25
000000000, 000380000, 107.4, 71, 19,52, 49,151, 9,27, 10,25
000000000, 000390000, 109.4, 73, 21,52, 51,151, 11,27, 10,25
000000000, 000400000, 111.4, 75, 23,52, 53,151, 13,27, 10,25
000000000, 000410000, 113.4, 77, 25,52, 55,151, 15,27, 10,25
000000000, 000420000, 113.4, 77, 25,52, 55,151, 15,27, 10,25
000000000, 000430000, 118.5, 80, 25,55, 55,154, 15,28, 10,27
000000000, 000440000, 120.2, 81, 25,56, 55,155, 15,28, 10,28
000000000, 000450000, 120.2, 81, 25,56, 55,155, 15,28, 10,28
000000000, 000460000, 120.2, 81, 25,56, 55,155, 15,28, 10,28
000000000, 000470000, 120.2, 81, 25,56, 55,155, 15,28, 10,28
000000000, 000480000, 120.2, 81, 25,56, 55,155, 15,28, 10,28
000000000, 000490000, 120.2, 81, 25,56, 55,155, 15,28, 10,28
000000000, 000500000, 121.2, 82, 26,56, 56,155, 15,28, 11,28
000000000, 000510000, 122.2, 83, 27,56, 57,155, 15,28, 12,28
000000000, 000520000, 122.2, 83, 27,56, 57,155, 15,28, 12,28
000000000, 000530000, 123.2, 84, 28,56, 58,155, 16,28, 12,28
000000000, 000540000, 124.2, 85, 29,56, 59,155, 17,28, 12,28
000000000, 000550000, 126.2, 87, 31,56, 61,155, 19,28, 12,28
000000000, 000560000, 126.2, 87, 31,56, 61,155, 19,28, 12,28
000000000, 000570000, 129.6, 89, 31,58, 61,157, 19,29, 12,29
000000000, 000580000, 134.7, 92, 31,61, 61,160, 19,29, 12,32
000000000, 000590000, 139.8, 95, 31,64, 61,163, 19,32, 12,32
000000000, 000600000, 148.3, 100, 31,69, 61,168, 19,35, 12,34
000000000, 000610000, 155.1, 104, 31,73, 61,172, 19,37, 12,36
000000000, 000620000, 158.5, 106, 31,75, 61,174, 19,38, 12,37
000000000, 000630000, 158.5, 106, 31,75, 61,174, 19,38, 12,37
000000000, 000640000, 158.5, 106, 31,75, 61,174, 19,38, 12,37
000000000, 000650000, 159.5, 107, 32,75, 62,174, 19,38, 13,37
000000000, 000660000, 160.5, 108, 33,75, 63,174, 19,38, 14,37
000000000, 000670000, 160.5, 108, 33,75, 63,174, 19,38, 14,37
000000000, 000680000, 160.5, 108, 33,75, 63,174, 19,38, 14,37
000000000, 000690000, 161.5, 109, 34,75, 64,174, 19,38, 15,37
000000000, 000700000, 162.5, 110, 35,75, 65,174, 20,38, 15,37
000000000, 000710000, 164.2, 111, 35,76, 65,175, 20,38, 15,38
000000000, 000720000, 164.2, 111, 35,76, 65,175, 20,38, 15,38
000000000, 000730000, 164.2, 111, 35,76, 65,175, 20,38, 15,38
000000000, 000740000, 164.2, 111, 35,76, 65,175, 20,38, 15,38
000000000, 000750000, 164.2, 111, 35,76, 65,175, 20,38, 15,38
000000000, 000760000, 164.2, 111, 35,76, 65,175, 20,38, 15,38
000000000, 000770000, 164.2, 111, 35,76, 65,175, 20,38, 15,38
000000000, 000780000, 164.2, 111, 35,76, 65,175, 20,38, 15,38
000000000, 000790000, 166.2, 113, 37,76, 67,175, 20,38, 17,38
000000000, 000800000, 171.2, 118, 42,76, 72,175, 21,38, 21,38
000000000, 000810000, 173.2, 120, 44,76, 74,175, 21,38, 23,38
000000000, 000820000, 176.2, 123, 47,76, 77,175, 24,38, 23,38
000000000, 000830000, 177.2, 124, 48,76, 78,175, 25,38, 23,38
000000000, 000840000, 177.2, 124, 48,76, 78,175, 25,38, 23,38
000000000, 000850000, 180.6, 126, 48,78, 78,177, 25,38, 23,40
000000000, 000860000, 182.3, 127, 48,79, 78,178, 25,38, 23,41
000000000, 000870000, 182.3, 127, 48,79, 78,178, 25,38, 23,41
000000000, 000880000, 182.3, 127, 48,79, 78,178, 25,38, 23,41
000000000, 000890000, 182.3, 127, 48,79, 78,178, 25,38, 23,41
000000000, 000900000, 182.3, 127, 48,79, 78,178, 25,38, 23,41
000000000, 000910000, 182.3, 127, 48,79, 78,178, 25,38, 23,41
000000000, 000920000, 182.3, 127, 48,79, 78,178, 25,38, 23,41
000000000, 000930000, 185.3, 130, 51,79, 81,178, 25,38, 26,41
000000000, 000940000, 186.3, 131, 52,79, 82,178, 25,38, 27,41
000000000, 000950000, 187.3, 132, 53,79, 83,178, 25,38, 28,41
000000000, 000960000, 188.3, 133, 54,79, 84,178, 25,38, 29,41
000000000, 000970000, 191.3, 136, 57,79, 87,178, 26,38, 31,41
000000000, 000980000, 191.3, 136, 57,79, 87,178, 26,38, 31,41
000000000, 000990000, 196.4, 139, 57,82, 87,181, 26,40, 31,42
000000000, 001000000, 199.8, 141, 57,84, 87,183, 26,41, 31,43
000000000, 001010000, 204.9, 144, 57,87, 87,186, 26,42, 31,45
000000000, 001020000, 213.4, 149, 57,92, 87,191, 26,45, 31,47
000000000, 001030000, 219.5, 153, 58,95, 88,194, 27,46, 31,49
000000000, 001040000, 226.3, 157, 58,99, 88,198, 27,48, 31,51
000000000, 001050000, 226.3, 157, 58,99, 88,198, 27,48, 31,51
000000000, 001060000, 227.3, 158, 59,99, 89,198, 27,48, 32,51
000000000, 001070000, 228.3, 159, 60,99, 90,198, 27,48, 33,51
000000000, 001080000, 229.3, 160, 61,99, 91,198, 27,48, 34,51
000000000, 001090000, 230.3, 161, 62,99, 92,198, 27,48, 35,51
000000000, 001100000, 230.3, 161, 62,99, 92,198, 27,48, 35,51
000000000, 001110000, 230.3, 161, 62,99, 92,198, 27,48, 35,51
000000000, 001120000, 233.3, 164, 65,99, 95,198, 30,48, 35,51
000000000, 001130000, 236.7, 166, 65,101, 95,200, 30,50, 35,51
000000000, 001140000, 242.8, 170, 66,104, 96,203, 31,51, 35,53
000000000, 001150000, 253, 176, 66,110, 96,209, 31,53, 35,57
000000000, 001160000, 260.8, 181, 67,114, 97,213, 32,55, 35,59
000000000, 001170000, 263.5, 183, 68,115, 98,214, 33,55, 35,60
000000000, 001180000, 268.6, 186, 68,118, 98,217, 33,57, 35,61
000000000, 001190000, 268.6, 186, 68,118, 98,217, 33,57, 35,61
000000000, 001200000, 269.6, 187, 69,118, 99,217, 33,57, 36,61
000000000, 001210000, 272.6, 190, 72,118, 102,217, 34,57, 38,61
000000000, 001220000, 273.6, 191, 73,118, 103,217, 34,57, 39,61
000000000, 001230000, 273.6, 191, 73,118, 103,217, 34,57, 39,61
000000000, 001240000, 273.6, 191, 73,118, 103,217, 34,57, 39,61
000000000, 001250000, 273.6, 191, 73,118, 103,217, 34,57, 39,61
000000000, 001260000, 274.6, 192, 74,118, 104,217, 35,57, 39,61
000000000, 001270000, 279.7, 195, 74,121, 104,220, 35,58, 39,63
000000000, 001280000, 289.9, 201, 74,127, 104,226, 35,61, 39,66
000000000, 001290000, 300.1, 207, 74,133, 104,232, 35,65, 39,68
000000000, 001300000, 310.3, 213, 74,139, 104,238, 35,68, 39,71
000000000, 001310000, 318.8, 218, 74,144, 104,243, 35,71, 39,73
000000000, 001320000, 323.9, 221, 74,147, 104,246, 35,73, 39,74
000000000, 001330000, 323.9, 221, 74,147, 104,246, 35,73, 39,74
000000000, 001340000, 323.9, 221, 74,147, 104,246, 35,73, 39,74
000000000, 001350000, 324.9, 222, 75,147, 105,246, 35,73, 40,74
000000000, 001360000, 324.9, 222, 75,147, 105,246, 35,73, 40,74
000000000, 001370000, 325.9, 223, 76,147, 106,246, 35,73, 41,74
000000000, 001380000, 326.9, 224, 77,147, 107,246, 35,73, 42,74
000000000, 001390000, 327.9, 225, 78,147, 108,246, 35,73, 43,74
000000000, 001400000, 328.9, 226, 79,147, 109,246, 36,73, 43,74
000000000, 001410000, 334, 229, 79,150, 109,249, 36,75, 43,75
000000000, 001420000, 340.8, 233, 79,154, 109,253, 36,78, 43,76
000000000, 001430000, 347.6, 237, 79,158, 109,257, 36,79, 43,79
000000000, 001440000, 356.1, 242, 79,163, 109,262, 36,82, 43,81
000000000, 001450000, 361.2, 245, 79,166, 109,265, 36,84, 43,82
000000000, 001460000, 365.6, 248, 80,168, 110,267, 37,85, 43,83
000000000, 001470000, 365.6, 248, 80,168, 110,267, 37,85, 43,83
000000000, 001480000, 365.6, 248, 80,168, 110,267, 37,85, 43,83
000000000, 001490000, 367.6, 250, 82,168, 112,267, 37,85, 45,83
000000000, 001500000, 369.6, 252, 84,168, 114,267, 37,85, 47,83
000000000, 001510000, 370.6, 253, 85,168, 115,267, 37,85, 48,83
000000000, 001520000, 373.6, 256, 88,168, 118,267, 37,85, 51,83
000000000, 001530000, 376.6, 259, 91,168, 121,267, 38,85, 53,83
000000000, 001540000, 376.6, 259, 91,168, 121,267, 38,85, 53,83
000000000, 001550000, 378.3, 260, 91,169, 121,268, 38,85, 53,84
000000000, 001560000, 378.3, 260, 91,169, 121,268, 38,85, 53,84
000000000, 001570000, 378.3, 260, 91,169, 121,268, 38,85, 53,84
000000000, 001580000, 378.3, 260, 91,169, 121,268, 38,85, 53,84
000000000, 001590000, 378.3, 260, 91,169, 121,268, 38,85, 53,84
000000000, 001600000, 378.3, 260, 91,169, 121,268, 38,85, 53,84
000000000, 001610000, 378.3, 260, 91,169, 121,268, 38,85, 53,84
000000000, 001620000, 379.3, 261, 92,169, 122,268, 38,85, 54,84
000000000, 001630000, 379.3, 261, 92,169, 122,268, 38,85, 54,84
000000000, 001640000, 383.3, 265, 96,169, 126,268, 42,85, 54,84
000000000, 001650000, 385.3, 267, 98,169, 128,268, 42,85, 56,84
000000000, 001660000, 385.3, 267, 98,169, 128,268, 42,85, 56,84
000000000, 001670000, 387.3, 269, 100,169, 130,268, 44,85, 56,84
000000000, 001680000, 387.3, 269, 100,169, 130,268, 44,85, 56,84
000000000, 001690000, 392.4, 272, 100,172, 130,271, 44,87, 56,85
000000000, 001700000, 399.2, 276, 100,176, 130,275, 44,90, 56,86
000000000, 001710000, 404.6, 280, 102,178, 132,277, 46,91, 56,87
000000000, 001720000, 411.4, 284, 102,182, 132,281, 46,94, 56,88
000000000, 001730000, 417.5, 288, 103,185, 133,284, 47,95, 56,90
000000000, 001740000, 424.3, 292, 103,189, 133,288, 47,97, 56,92
000000000, 001750000, 424.3, 292, 103,189, 133,288, 47,97, 56,92
000000000, 001760000, 424.3, 292, 103,189, 133,288, 47,97, 56,92
000000000, 001770000, 426.3, 294, 105,189, 135,288, 47,97, 58,92
000000000, 001780000, 426.3, 294, 105,189, 135,288, 47,97, 58,92
000000000, 001790000, 428.3, 296, 107,189, 137,288, 49,97, 58,92
000000000, 001800000, 431.3, 299, 110,189, 140,288, 52,97, 58,92
000000000, 001810000, 432.3, 300, 111,189, 141,288, 53,97, 58,92
000000000, 001820000, 432.3, 300, 111,189, 141,288, 53,97, 58,92
000000000, 001830000, 434, 301, 111,190, 141,289, 53,97, 58,93
000000000, 001840000, 434, 301, 111,190, 141,289, 53,97, 58,93
000000000, 001850000, 434, 301, 111,190, 141,289, 53,97, 58,93
000000000, 001860000, 434, 301, 111,190, 141,289, 53,97, 58,93
000000000, 001870000, 440.8, 305, 111,194, 141,293, 53,99, 58,95
000000000, 001880000, 445.9, 308, 111,197, 141,296, 53,100, 58,97
000000000, 001890000, 445.9, 308, 111,197, 141,296, 53,100, 58,97
000000000, 001900000, 446.9, 309, 112,197, 142,296, 53,100, 59,97
000000000, 001910000, 447.9, 310, 113,197, 143,296, 53,100, 60,97
000000000, 001920000, 447.9, 310, 113,197, 143,296, 53,100, 60,97
000000000, 001930000, 450.9, 313, 116,197, 146,296, 54,100, 62,97
000000000, 001940000, 453.9, 316, 119,197, 149,296, 57,100, 62,97
000000000, 001950000, 456.9, 319, 122,197, 152,296, 60,100, 62,97
000000000, 001960000, 456.9, 319, 122,197, 152,296, 60,100, 62,97
000000000, 001970000, 465.4, 324, 122,202, 152,301, 60,103, 62,99
000000000, 001980000, 467.1, 325, 122,203, 152,302, 60,103, 62,100
000000000, 001990000, 467.1, 325, 122,203, 152,302, 60,103, 62,100
000000000, 002000000, 467.1, 325, 122,203, 152,302, 60,103, 62,100
000000000, 002010000, 468.8, 326, 122,204, 152,303, 60,104, 62,100
000000000, 002020000, 471.5, 328, 123,205, 153,304, 61,105, 62,100
000000000, 002030000, 471.5, 328, 123,205, 153,304, 61,105, 62,100
000000000, 002040000, 471.5, 328, 123,205, 153,304, 61,105, 62,100
000000000, 002050000, 473.5, 330, 125,205, 155,304, 63,105, 62,100
000000000, 002060000, 474.5, 331, 126,205, 156,304, 64,105, 62,100
000000000, 002070000, 475.5, 332, 127,205, 157,304, 65,105, 62,100
000000000, 002080000, 476.5, 333, 128,205, 158,304, 66,105, 62,100
000000000, 002090000, 477.5, 334, 129,205, 159,304, 67,105, 62,100
000000000, 002100000, 478.5, 335, 130,205, 160,304, 68,105, 62,100
000000000, 002110000, 481.9, 337, 130,207, 160,306, 68,105, 62,102
000000000, 002120000, 481.9, 337, 130,207, 160,306, 68,105, 62,102
000000000, 002130000, 481.9, 337, 130,207, 160,306, 68,105, 62,102
000000000, 002140000, 481.9, 337, 130,207, 160,306, 68,105, 62,102
000000000, 002150000, 481.9, 337, 130,207, 160,306, 68,105, 62,102
000000000, 002160000, 481.9, 337, 130,207, 160,306, 68,105, 62,102
000000000, 002170000, 481.9, 337, 130,207, 160,306, 68,105, 62,102
000000000, 002180000, 482.9, 338, 131,207, 161,306, 68,105, 63,102
000000000, 002190000, 483.9, 339, 132,207, 162,306, 68,105, 64,102
000000000, 002200000, 484.9, 340, 133,207, 163,306, 68,105, 65,102
000000000, 002210000, 485.9, 341, 134,207, 164,306, 68,105, 66,102
000000000, 002220000, 487.9, 343, 136,207, 166,306, 68,105, 68,102
000000000, 002230000, 489.9, 345, 138,207, 168,306, 69,105, 69,102
000000000, 002240000, 489.9, 345, 138,207, 168,306, 69,105, 69,102
000000000, 002250000, 495, 348, 138,210, 168,309, 69,107, 69,103
000000000, 002260000, 503.5, 353, 138,215, 168,314, 69,109, 69,106
000000000, 002270000, 510.3, 357, 138,219, 168,318, 69,111, 69,108
000000000, 002280000, 515.4, 360, 138,222, 168,321, 69,112, 69,110
000000000, 002290000, 517.1, 361, 138,223, 168,322, 69,112, 69,111
000000000, 002300000, 517.1, 361, 138,223, 168,322, 69,112, 69,111
000000000, 002310000, 517.1, 361, 138,223, 168,322, 69,112, 69,111
000000000, 002320000, 518.1, 362, 139,223, 169,322, 69,112, 70,111
000000000, 002330000, 518.1, 362, 139,223, 169,322, 69,112, 70,111
000000000, 002340000, 518.1, 362, 139,223, 169,322, 69,112, 70,111
000000000, 002350000, 519.1, 363, 140,223, 170,322, 69,112, 71,111
000000000, 002360000, 521.1, 365, 142,223, 172,322, 69,112, 73,111
000000000, 002370000, 521.1, 365, 142,223, 172,322, 69,112, 73,111
000000000, 002380000, 521.1, 365, 142,223, 172,322, 69,112, 73,111
000000000, 002390000, 526.2, 368, 142,226, 172,325, 69,113, 73,113
000000000, 002400000, 527.9, 369, 142,227, 172,326, 69,114, 73,113
000000000, 002410000, 527.9, 369, 142,227, 172,326, 69,114, 73,113
000000000, 002420000, 527.9, 369, 142,227, 172,326, 69,114, 73,113
000000000, 002430000, 527.9, 369, 142,227, 172,326, 69,114, 73,113
000000000, 002440000, 527.9, 369, 142,227, 172,326, 69,114, 73,113
000000000, 002450000, 527.9, 369, 142,227, 172,326, 69,114, 73,113
000000000, 002460000, 527.9, 369, 142,227, 172,326, 69,114, 73,113
000000000, 002470000, 528.9, 370, 143,227, 173,326, 69,114, 74,113
000000000, 002480000, 529.9, 371, 144,227, 174,326, 69,114, 75,113
000000000, 002490000, 529.9, 371, 144,227, 174,326, 69,114, 75,113
000000000, 002500000, 531.9, 373, 146,227, 176,326, 69,114, 77,113
000000000, 002510000, 532.9, 374, 147,227, 177,326, 70,114, 77,113
000000000, 002520000, 533.9, 375, 148,227, 178,326, 71,114, 77,113
000000000, 002530000, 537.3, 377, 148,229, 178,328, 71,115, 77,114
000000000, 002540000, 537.3, 377, 148,229, 178,328, 71,115, 77,114
000000000, 002550000, 537.3, 377, 148,229, 178,328, 71,115, 77,114
000000000, 002560000, 537.3, 377, 148,229, 178,328, 71,115, 77,114
000000000, 002570000, 537.3, 377, 148,229, 178,328, 71,115, 77,114
000000000, 002580000, 537.3, 377, 148,229, 178,328, 71,115, 77,114
000000000, 002590000, 537.3, 377, 148,229, 178,328, 71,115, 77,114
000000000, 002600000, 538.3, 378, 149,229, 179,328, 71,115, 78,114
000000000, 002610000, 540.3, 380, 151,229, 181,328, 72,115, 79,114
000000000, 002620000, 540.3, 380, 151,229, 181,328, 72,115, 79,114
000000000, 002630000, 541.3, 381, 152,229, 182,328, 72,115, 80,114
000000000, 002640000, 541.3, 381, 152,229, 182,328, 72,115, 80,114
000000000, 002650000, 542.3, 382, 153,229, 183,328, 72,115, 81,114
000000000, 002660000, 543.3, 383, 154,229, 184,328, 73,115, 81,114
000000000, 002670000, 548.4, 386, 154,232, 184,331, 73,116, 81,116
000000000, 002680000, 548.4, 386, 154,232, 184,331, 73,116, 81,116
000000000, 002690000, 548.4, 386, 154,232, 184,331, 73,116, 81,116
000000000, 002700000, 548.4, 386, 154,232, 184,331, 73,116, 81,116
000000000, 002710000, 548.4, 386, 154,232, 184,331, 73,116, 81,116
000000000, 002720000, 548.4, 386, 154,232, 184,331, 73,116, 81,116
000000000, 002730000, 548.4, 386, 154,232, 184,331, 73,116, 81,116
000000000, 002740000, 550.4, 388, 156,232, 186,331, 73,116, 83,116
000000000, 002750000, 551.4, 389, 157,232, 187,331, 73,116, 84,116
000000000, 002760000, 552.4, 390, 158,232, 188,331, 73,116, 85,116
000000000, 002770000, 556.4, 394, 162,232, 192,331, 74,116, 88,116
000000000, 002780000, 557.4, 395, 163,232, 193,331, 74,116, 89,116
000000000, 002790000, 559.4, 397, 165,232, 195,331, 74,116, 91,116
000000000, 002800000, 561.4, 399, 167,232, 197,331, 76,116, 91,116
000000000, 002810000, 566.5, 402, 167,235, 197,334, 76,118, 91,117
000000000, 002820000, 576, 408, 168,240, 198,339, 77,122, 91,118
000000000, 002830000, 582.1, 412, 169,243, 199,342, 78,124, 91,119
000000000, 002840000, 590.6, 417, 169,248, 199,347, 78,126, 91,122
000000000, 002850000, 595.7, 420, 169,251, 199,350, 78,127, 91,124
000000000, 002860000, 599.1, 422, 169,253, 199,352, 78,128, 91,125
000000000, 002870000, 599.1, 422, 169,253, 199,352, 78,128, 91,125
000000000, 002880000, 600.1, 423, 170,253, 200,352, 78,128, 92,125
000000000, 002890000, 602.1, 425, 172,253, 202,352, 78,128, 94,125
000000000, 002900000, 602.1, 425, 172,253, 202,352, 78,128, 94,125
000000000, 002910000, 605.1, 428, 175,253, 205,352, 79,128, 96,125
000000000, 002920000, 607.1, 430, 177,253, 207,352, 79,128, 98,125
000000000, 002930000, 608.1, 431, 178,253, 208,352, 80,128, 98,125
000000000, 002940000, 608.1, 431, 178,253, 208,352, 80,128, 98,125
000000000, 002950000, 614.9, 435, 178,257, 208,356, 80,130, 98,127
000000000, 002960000, 616.6, 436, 178,258, 208,357, 80,130, 98,128
000000000, 002970000, 616.6, 436, 178,258, 208,357, 80,130, 98,128
000000000, 002980000, 616.6, 436, 178,258, 208,357, 80,130, 98,128
000000000, 002990000, 616.6, 436, 178,258, 208,357, 80,130, 98,128
000000000, 003000000, 616.6, 436, 178,258, 208,357, 80,130, 98,128
000000000, 003010000, 616.6, 436, 178,258, 208,357, 80,130, 98,128
000000000, 003020000, 617.6, 437, 179,258, 209,357, 80,130, 99,128
000000000, 003030000, 617.6, 437, 179,258, 209,357, 80,130, 99,128
000000000, 003040000, 617.6, 437, 179,258, 209,357, 80,130, 99,128
000000000, 003050000, 618.6, 438, 180,258, 210,357, 80,130, 100,128
000000000, 003060000, 619.6, 439, 181,258, 211,357, 80,130, 101,128
000000000, 003070000, 620.6, 440, 182,258, 212,357, 81,130, 101,128
000000000, 003080000, 620.6, 440, 182,258, 212,357, 81,130, 101,128
000000000, 003090000, 625.7, 443, 182,261, 212,360, 81,131, 101,130
000000000, 003100000, 630.8, 446, 182,264, 212,363, 81,133, 101,131
000000000, 003110000, 639.3, 451, 182,269, 212,368, 81,135, 101,134
000000000, 003120000, 647.1, 456, 183,273, 213,372, 82,136, 101,137
000000000, 003130000, 654.9, 461, 184,277, 214,376, 83,138, 101,139
000000000, 003140000, 659.3, 464, 185,279, 215,378, 84,139, 101,140
000000000, 003150000, 659.3, 464, 185,279, 215,378, 84,139, 101,140
000000000, 003160000, 659.3, 464, 185,279, 215,378, 84,139, 101,140
000000000, 003170000, 660.3, 465, 186,279, 216,378, 84,139, 102,140
000000000, 003180000, 663.3, 468, 189,279, 219,378, 85,139, 104,140
000000000, 003190000, 665.3, 470, 191,279, 221,378, 85,139, 106,140
000000000, 003200000, 667.3, 472, 193,279, 223,378, 85,139, 108,140
000000000, 003210000, 668.3, 473, 194,279, 224,378, 86,139, 108,140
000000000, 003220000, 668.3, 473, 194,279, 224,378, 86,139, 108,140
000000000, 003230000, 671.7, 475, 194,281, 224,380, 86,140, 108,141
000000000, 003240000, 680.2, 480, 194,286, 224,385, 86,142, 108,144
000000000, 003250000, 690.4, 486, 194,292, 224,391, 86,145, 108,147
000000000, 003260000, 698.9, 491, 194,297, 224,396, 86,148, 108,149
000000000, 003270000, 705.7, 495, 194,301, 224,400, 86,151, 108,150
000000000, 003280000, 710.8, 498, 194,304, 224,403, 86,152, 108,152
000000000, 003290000, 710.8, 498, 194,304, 224,403, 86,152, 108,152
000000000, 003300000, 710.8, 498, 194,304, 224,403, 86,152, 108,152
000000000, 003310000, 712.8, 500, 196,304, 226,403, 86,152, 110,152
000000000, 003320000, 714.8, 502, 198,304, 228,403, 86,152, 112,152
000000000, 003330000, 715.8, 503, 199,304, 229,403, 86,152, 113,152
000000000, 003340000, 717.8, 505, 201,304, 231,403, 86,152, 115,152
000000000, 003350000, 719.8, 507, 203,304, 233,403, 87,152, 116,152
000000000, 003360000, 722.8, 510, 206,304, 236,403, 90,152, 116,152
000000000, 003370000, 727.2, 513, 207,306, 237,405, 91,153, 116,153
000000000, 003380000, 734, 517, 207,310, 237,409, 91,155, 116,155
000000000, 003390000, 734, 517, 207,310, 237,409, 91,155, 116,155
000000000, 003400000, 738.4, 520, 208,312, 238,411, 92,157, 116,155
000000000, 003410000, 738.4, 520, 208,312, 238,411, 92,157, 116,155
000000000, 003420000, 738.4, 520, 208,312, 238,411, 92,157, 116,155
000000000, 003430000, 738.4, 520, 208,312, 238,411, 92,157, 116,155
000000000, 003440000, 739.4, 521, 209,312, 239,411, 92,157, 117,155
000000000, 003450000, 740.4, 522, 210,312, 240,411, 92,157, 118,155
000000000, 003460000, 742.4, 524, 212,312, 242,411, 94,157, 118,155
000000000, 003470000, 742.4, 524, 212,312, 242,411, 94,157, 118,155
000000000, 003480000, 742.4, 524, 212,312, 242,411, 94,157, 118,155
000000000, 003490000, 742.4, 524, 212,312, 242,411, 94,157, 118,155
000000000, 003500000, 742.4, 524, 212,312, 242,411, 94,157, 118,155
000000000, 003510000, 747.5, 527, 212,315, 242,414, 94,159, 118,156
000000000, 003520000, 757.7, 533, 212,321, 242,420, 94,162, 118,159
000000000, 003530000, 764.5, 537, 212,325, 242,424, 94,164, 118,161
000000000, 003540000, 771.3, 541, 212,329, 242,428, 94,166, 118,163
000000000, 003550000, 774.7, 543, 212,331, 242,430, 94,168, 118,163
000000000, 003560000, 776.4, 544, 212,332, 242,431, 94,168, 118,164
000000000, 003570000, 776.4, 544, 212,332, 242,431, 94,168, 118,164
000000000, 003580000, 776.4, 544, 212,332, 242,431, 94,168, 118,164
000000000, 003590000, 777.4, 545, 213,332, 243,431, 95,168, 118,164
000000000, 003600000, 780.4, 548, 216,332, 246,431, 98,168, 118,164
000000000, 003610000, 781.4, 549, 217,332, 247,431, 99,168, 118,164
000000000, 003620000, 782.4, 550, 218,332, 248,431, 99,168, 119,164
000000000, 003630000, 784.4, 552, 220,332, 250,431, 99,168, 121,164
000000000, 003640000, 786.4, 554, 222,332, 252,431, 101,168, 121,164
000000000, 003650000, 792.5, 558, 223,335, 253,434, 102,170, 121,165
000000000, 003660000, 796.9, 561, 224,337, 254,436, 103,170, 121,167
000000000, 003670000, 803, 565, 225,340, 255,439, 104,172, 121,168
000000000, 003680000, 803, 565, 225,340, 255,439, 104,172, 121,168
000000000, 003690000, 803, 565, 225,340, 255,439, 104,172, 121,168
000000000, 003700000, 803, 565, 225,340, 255,439, 104,172, 121,168
000000000, 003710000, 803, 565, 225,340, 255,439, 104,172, 121,168
000000000, 003720000, 804, 566, 226,340, 256,439, 104,172, 122,168
000000000, 003730000, 806, 568, 228,340, 258,439, 106,172, 122,168
000000000, 003740000, 807, 569, 229,340, 259,439, 107,172, 122,168
000000000, 003750000, 810, 572, 232,340, 262,439, 110,172, 122,168
000000000, 003760000, 810, 572, 232,340, 262,439, 110,172, 122,168
000000000, 003770000, 813, 575, 235,340, 265,439, 113,172, 122,168
000000000, 003780000, 813, 575, 235,340, 265,439, 113,172, 122,168
000000000, 003790000, 819.8, 579, 235,344, 265,443, 113,174, 122,170
000000000, 003800000, 825.9, 583, 236,347, 266,446, 114,175, 122,172
000000000, 003810000, 834.4, 588, 236,352, 266,451, 114,177, 122,175
000000000, 003820000, 840.5, 592, 237,355, 267,454, 115,178, 122,177
000000000, 003830000, 849, 597, 237,360, 267,459, 115,180, 122,180
000000000, 003840000, 850.7, 598, 237,361, 267,460, 115,181, 122,180
000000000, 003850000, 850.7, 598, 237,361, 267,460, 115,181, 122,180
000000000, 003860000, 851.7, 599, 238,361, 268,460, 115,181, 123,180
000000000, 003870000, 852.7, 600, 239,361, 269,460, 116,181, 123,180
000000000, 003880000, 854.7, 602, 241,361, 271,460, 117,181, 124,180
000000000, 003890000, 857.7, 605, 244,361, 274,460, 120,181, 124,180
000000000, 003900000, 857.7, 605, 244,361, 274,460, 120,181, 124,180
000000000, 003910000, 858.7, 606, 245,361, 275,460, 121,181, 124,180
000000000, 003920000, 858.7, 606, 245,361, 275,460, 121,181, 124,180
000000000, 003930000, 862.1, 608, 245,363, 275,462, 121,182, 124,181
000000000, 003940000, 867.2, 611, 245,366, 275,465, 121,183, 124,183
000000000, 003950000, 867.2, 611, 245,366, 275,465, 121,183, 124,183
000000000, 003960000, 867.2, 611, 245,366, 275,465, 121,183, 124,183
000000000, 003970000, 867.2, 611, 245,366, 275,465, 121,183, 124,183
000000000, 003980000, 867.2, 611, 245,366, 275,465, 121,183, 124,183
000000000, 003990000, 867.2, 611, 245,366, 275,465, 121,183, 124,183
000000000, 004000000, 868.2, 612, 246,366, 276,465, 122,183, 124,183
000000000, 004010000, 869.2, 613, 247,366, 277,465, 123,183, 124,183
000000000, 004020000, 871.2, 615, 249,366, 279,465, 124,183, 125,183
000000000, 004030000, 872.2, 616, 250,366, 280,465, 124,183, 126,183
000000000, 004040000, 873.2, 617, 251,366, 281,465, 124,183, 127,183
000000000, 004050000, 874.2, 618, 252,366, 282,465, 124,183, 128,183
000000000, 004060000, 875.2, 619, 253,366, 283,465, 125,183, 128,183
000000000, 004070000, 882, 623, 253,370, 283,469, 125,186, 128,184
000000000, 004080000, 883.7, 624, 253,371, 283,470, 125,186, 128,185
000000000, 004090000, 885.4, 625, 253,372, 283,471, 125,186, 128,186
000000000, 004100000, 885.4, 625, 253,372, 283,471, 125,186, 128,186
000000000, 004110000, 889.8, 628, 254,374, 284,473, 126,187, 128,187
000000000, 004120000, 889.8, 628, 254,374, 284,473, 126,187, 128,187
000000000, 004130000, 889.8, 628, 254,374, 284,473, 126,187, 128,187
000000000, 004140000, 890.8, 629, 255,374, 285,473, 126,187, 129,187
000000000, 004150000, 892.8, 631, 257,374, 287,473, 126,187, 131,187
000000000, 004160000, 893.8, 632, 258,374, 288,473, 126,187, 132,187
000000000, 004170000, 893.8, 632, 258,374, 288,473, 126,187, 132,187
000000000, 004180000, 895.8, 634, 260,374, 290,473, 128,187, 132,187
000000000, 004190000, 895.8, 634, 260,374, 290,473, 128,187, 132,187
000000000, 004200000, 895.8, 634, 260,374, 290,473, 128,187, 132,187
000000000, 004210000, 899.2, 636, 260,376, 290,475, 128,187, 132,189
000000000, 004220000, 899.2, 636, 260,376, 290,475, 128,187, 132,189
000000000, 004230000, 899.2, 636, 260,376, 290,475, 128,187, 132,189
000000000, 004240000, 899.2, 636, 260,376, 290,475, 128,187, 132,189
000000000, 004250000, 899.2, 636, 260,376, 290,475, 128,187, 132,189
000000000, 004260000, 899.2, 636, 260,376, 290,475, 128,187, 132,189
000000000, 004270000, 899.2, 636, 260,376, 290,475, 128,187, 132,189
000000000, 004280000, 899.2, 636, 260,376, 290,475, 128,187, 132,189
000000000, 004290000, 901.2, 638, 262,376, 292,475, 129,187, 133,189
000000000, 004300000, 902.2, 639, 263,376, 293,475, 130,187, 133,189
000000000, 004310000, 903.2, 640, 264,376, 294,475, 131,187, 133,189
000000000, 004320000, 904.2, 641, 265,376, 295,475, 132,187, 133,189
000000000, 004330000, 907.2, 644, 268,376, 298,475, 135,187, 133,189
000000000, 004340000, 907.2, 644, 268,376, 298,475, 135,187, 133,189
000000000, 004350000, 912.3, 647, 268,379, 298,478, 135,189, 133,190
000000000, 004360000, 914, 648, 268,380, 298,479, 135,190, 133,190
000000000, 004370000, 915.7, 649, 268,381, 298,480, 135,190, 133,191
000000000, 004380000, 925.2, 655, 269,386, 299,485, 136,192, 133,194
000000000, 004390000, 933.7, 660, 269,391, 299,490, 136,195, 133,196
000000000, 004400000, 938.8, 663, 269,394, 299,493, 136,197, 133,197
000000000, 004410000, 938.8, 663, 269,394, 299,493, 136,197, 133,197
000000000, 004420000, 939.8, 664, 270,394, 300,493, 136,197, 134,197
000000000, 004430000, 939.8, 664, 270,394, 300,493, 136,197, 134,197
000000000, 004440000, 939.8, 664, 270,394, 300,493, 136,197, 134,197
000000000, 004450000, 941.8, 666, 272,394, 302,493, 136,197, 136,197
000000000, 004460000, 943.8, 668, 274,394, 304,493, 136,197, 138,197
000000000, 004470000, 943.8, 668, 274,394, 304,493, 136,197, 138,197
000000000, 004480000, 944.8, 669, 275,394, 305,493, 137,197, 138,197
000000000, 004490000, 946.5, 670, 275,395, 305,494, 137,198, 138,197
000000000, 004500000, 953.3, 674, 275,399, 305,498, 137,201, 138,198
000000000, 004510000, 953.3, 674, 275,399, 305,498, 137,201, 138,198
000000000, 004520000, 953.3, 674, 275,399, 305,498, 137,201, 138,198
000000000, 004530000, 953.3, 674, 275,399, 305,498, 137,201, 138,198
000000000, 004540000, 953.3, 674, 275,399, 305,498, 137,201, 138,198
000000000, 004550000, 953.3, 674, 275,399, 305,498, 137,201, 138,198
000000000, 004560000, 955.3, 676, 277,399, 307,498, 137,201, 140,198
000000000, 004570000, 956.3, 677, 278,399, 308,498, 137,201, 141,198
000000000, 004580000, 958.3, 679, 280,399, 310,498, 137,201, 143,198
000000000, 004590000, 958.3, 679, 280,399, 310,498, 137,201, 143,198
000000000, 004600000, 958.3, 679, 280,399, 310,498, 137,201, 143,198
000000000, 004610000, 958.3, 679, 280,399, 310,498, 137,201, 143,198
000000000, 004620000, 959.3, 680, 281,399, 311,498, 138,201, 143,198
000000000, 004630000, 964.4, 683, 281,402, 311,501, 138,203, 143,199
000000000, 004640000, 971.2, 687, 281,406, 311,505, 138,205, 143,201
000000000, 004650000, 979.7, 692, 281,411, 311,510, 138,207, 143,204
000000000, 004660000, 987.5, 697, 282,415, 312,514, 139,209, 143,206
000000000, 004670000, 996, 702, 282,420, 312,519, 139,211, 143,209
000000000, 004680000, 1002.8, 706, 282,424, 312,523, 139,213, 143,211
000000000, 004690000, 1002.8, 706, 282,424, 312,523, 139,213, 143,211
000000000, 004700000, 1002.8, 706, 282,424, 312,523, 139,213, 143,211
000000000, 004710000, 1003.8, 707, 283,424, 313,523, 139,213, 144,211
000000000, 004720000, 1004.8, 708, 284,424, 314,523, 139,213, 145,211
000000000, 004730000, 1004.8, 708, 284,424, 314,523, 139,213, 145,211
000000000, 004740000, 1006.8, 710, 286,424, 316,523, 139,213, 147,211
000000000, 004750000, 1006.8, 710, 286,424, 316,523, 139,213, 147,211
000000000, 004760000, 1008.8, 712, 288,424, 318,523, 141,213, 147,211
000000000, 004770000, 1013.9, 715, 288,427, 318,526, 141,215, 147,212
000000000, 004780000, 1020.7, 719, 288,431, 318,530, 141,216, 147,215
000000000, 004790000, 1027.5, 723, 288,435, 318,534, 141,217, 147,218
000000000, 004800000, 1037.7, 729, 288,441, 318,540, 141,221, 147,220
000000000, 004810000, 1047.2, 735, 289,446, 319,545, 142,222, 147,224
000000000, 004820000, 1054, 739, 289,450, 319,549, 142,224, 147,226
000000000, 004830000, 1054, 739, 289,450, 319,549, 142,224, 147,226
000000000, 004840000, 1054, 739, 289,450, 319,549, 142,224, 147,226
000000000, 004850000, 1055, 740, 290,450, 320,549, 143,224, 147,226
000000000, 004860000, 1056, 741, 291,450, 321,549, 144,224, 147,226
000000000, 004870000, 1056, 741, 291,450, 321,549, 144,224, 147,226
000000000, 004880000, 1057, 742, 292,450, 322,549, 145,224, 147,226
000000000, 004890000, 1058, 743, 293,450, 323,549, 146,224, 147,226
000000000, 004900000, 1058, 743, 293,450, 323,549, 146,224, 147,226
000000000, 004910000, 1063.1, 746, 293,453, 323,552, 146,226, 147,227
000000000, 004920000, 1070.9, 751, 294,457, 324,556, 147,228, 147,229
000000000, 004930000, 1074.3, 753, 294,459, 324,558, 147,228, 147,231
000000000, 004940000, 1074.3, 753, 294,459, 324,558, 147,228, 147,231
000000000, 004950000, 1079.4, 756, 294,462, 324,561, 147,230, 147,232
000000000, 004960000, 1079.4, 756, 294,462, 324,561, 147,230, 147,232
000000000, 004970000, 1079.4, 756, 294,462, 324,561, 147,230, 147,232
000000000, 004980000, 1079.4, 756, 294,462, 324,561, 147,230, 147,232
000000000, 004990000, 1079.4, 756, 294,462, 324,561, 147,230, 147,232
000000000, 005000000, 1080.4, 757, 295,462, 325,561, 148,230, 147,232
000000000, 005010000, 1081.4, 758, 296,462, 326,561, 149,230, 147,232
000000000, 005020000, 1081.4, 758, 296,462, 326,561, 149,230, 147,232
000000000, 005030000, 1083.4, 760, 298,462, 328,561, 151,230, 147,232
000000000, 005040000, 1083.4, 760, 298,462, 328,561, 151,230, 147,232
000000000, 005050000, 1086.1, 762, 299,463, 329,562, 152,230, 147,233
000000000, 005060000, 1092.9, 766, 299,467, 329,566, 152,233, 147,234
000000000, 005070000, 1101.4, 771, 299,472, 329,571, 152,236, 147,236
000000000, 005080000, 1109.9, 776, 299,477, 329,576, 152,239, 147,238
000000000, 005090000, 1118.4, 781, 299,482, 329,581, 152,241, 147,241
000000000, 005100000, 1126.9, 786, 299,487, 329,586, 152,244, 147,243
000000000, 005110000, 1126.9, 786, 299,487, 329,586, 152,244, 147,243
000000000, 005120000, 1126.9, 786, 299,487, 329,586, 152,244, 147,243
000000000, 005130000, 1126.9, 786, 299,487, 329,586, 152,244, 147,243
000000000, 005140000, 1128.9, 788, 301,487, 331,586, 152,244, 149,243
000000000, 005150000, 1130.9, 790, 303,487, 333,586, 153,244, 150,243
000000000, 005160000, 1131.9, 791, 304,487, 334,586, 153,244, 151,243
000000000, 005170000, 1132.9, 792, 305,487, 335,586, 153,244, 152,243
000000000, 005180000, 1133.9, 793, 306,487, 336,586, 154,244, 152,243
000000000, 005190000, 1137.3, 795, 306,489, 336,588, 154,245, 152,244
000000000, 005200000, 1143.4, 799, 307,492, 337,591, 155,246, 152,246
000000000, 005210000, 1149.5, 803, 308,495, 338,594, 156,246, 152,249
000000000, 005220000, 1154.6, 806, 308,498, 338,597, 156,247, 152,251
000000000, 005230000, 1160.7, 810, 309,501, 339,600, 157,248, 152,253
000000000, 005240000, 1164.1, 812, 309,503, 339,602, 157,249, 152,254
000000000, 005250000, 1164.1, 812, 309,503, 339,602, 157,249, 152,254
000000000, 005260000, 1164.1, 812, 309,503, 339,602, 157,249, 152,254
000000000, 005270000, 1166.1, 814, 311,503, 341,602, 157,249, 154,254
000000000, 005280000, 1168.1, 816, 313,503, 343,602, 157,249, 156,254
000000000, 005290000, 1168.1, 816, 313,503, 343,602, 157,249, 156,254
000000000, 005300000, 1171.1, 819, 316,503, 346,602, 157,249, 159,254
000000000, 005310000, 1171.1, 819, 316,503, 346,602, 157,249, 159,254
000000000, 005320000, 1172.1, 820, 317,503, 347,602, 158,249, 159,254
000000000, 005330000, 1178.2, 824, 318,506, 348,605, 159,250, 159,256
000000000, 005340000, 1185, 828, 318,510, 348,609, 159,251, 159,259
000000000, 005350000, 1195.2, 834, 318,516, 348,615, 159,255, 159,261
000000000, 005360000, 1207.1, 841, 318,523, 348,622, 159,258, 159,265
000000000, 005370000, 1212.2, 844, 318,526, 348,625, 159,260, 159,266
000000000, 005380000, 1215.6, 846, 318,528, 348,627, 159,262, 159,266
000000000, 005390000, 1215.6, 846, 318,528, 348,627, 159,262, 159,266
000000000, 005400000, 1215.6, 846, 318,528, 348,627, 159,262, 159,266
000000000, 005410000, 1215.6, 846, 318,528, 348,627, 159,262, 159,266
000000000, 005420000, 1216.6, 847, 319,528, 349,627, 159,262, 160,266
000000000, 005430000, 1217.6, 848, 320,528, 350,627, 159,262, 161,266
000000000, 005440000, 1219.6, 850, 322,528, 352,627, 159,262, 163,266
000000000, 005450000, 1221.6, 852, 324,528, 354,627, 160,262, 164,266
000000000, 005460000, 1221.6, 852, 324,528, 354,627, 160,262, 164,266
000000000, 005470000, 1226, 855, 325,530, 355,629, 161,264, 164,266
000000000, 005480000, 1229.4, 857, 325,532, 355,631, 161,265, 164,267
000000000, 005490000, 1238.9, 863, 326,537, 356,636, 162,267, 164,270
000000000, 005500000, 1245.7, 867, 326,541, 356,640, 162,270, 164,271
000000000, 005510000, 1251.8, 871, 327,544, 357,643, 163,272, 164,272
000000000, 005520000, 1256.9, 874, 327,547, 357,646, 163,274, 164,273
000000000, 005530000, 1256.9, 874, 327,547, 357,646, 163,274, 164,273
000000000, 005540000, 1257.9, 875, 328,547, 358,646, 163,274, 165,273
000000000, 005550000, 1257.9, 875, 328,547, 358,646, 163,274, 165,273
000000000, 005560000, 1258.9, 876, 329,547, 359,646, 163,274, 166,273
000000000, 005570000, 1260.9, 878, 331,547, 361,646, 163,274, 168,273
000000000, 005580000, 1261.9, 879, 332,547, 362,646, 163,274, 169,273
000000000, 005590000, 1262.9, 880, 333,547, 363,646, 164,274, 169,273
000000000, 005600000, 1262.9, 880, 333,547, 363,646, 164,274, 169,273
000000000, 005610000, 1264.6, 881, 333,548, 363,647, 164,274, 169,274
000000000, 005620000, 1264.6, 881, 333,548, 363,647, 164,274, 169,274
000000000, 005630000, 1264.6, 881, 333,548, 363,647, 164,274, 169,274
000000000, 005640000, 1264.6, 881, 333,548, 363,647, 164,274, 169,274
000000000, 005650000, 1264.6, 881, 333,548, 363,647, 164,274, 169,274
000000000, 005660000, 1264.6, 881, 333,548, 363,647, 164,274, 169,274
000000000, 005670000, 1264.6, 881, 333,548, 363,647, 164,274, 169,274
000000000, 005680000, 1264.6, 881, 333,548, 363,647, 164,274, 169,274
000000000, 005690000, 1265.6, 882, 334,548, 364,647, 164,274, 170,274
000000000, 005700000, 1266.6, 883, 335,548, 365,647, 165,274, 170,274
000000000, 005710000, 1268.6, 885, 337,548, 367,647, 165,274, 172,274
000000000, 005720000, 1269.6, 886, 338,548, 368,647, 165,274, 173,274
000000000, 005730000, 1271.6, 888, 340,548, 370,647, 166,274, 174,274
000000000, 005740000, 1271.6, 888, 340,548, 370,647, 166,274, 174,274
000000000, 005750000, 1275, 890, 340,550, 370,649, 166,275, 174,275
000000000, 005760000, 1280.1, 893, 340,553, 370,652, 166,277, 174,276
000000000, 005770000, 1286.9, 897, 340,557, 370,656, 166,279, 174,278
000000000, 005780000, 1295.4, 902, 340,562, 370,661, 166,281, 174,281
000000000, 005790000, 1302.2, 906, 340,566, 370,665, 166,283, 174,283
000000000, 005800000, 1304.9, 908, 341,567, 371,666, 167,284, 174,283
000000000, 005810000, 1304.9, 908, 341,567, 371,666, 167,284, 174,283
000000000, 005820000, 1305.9, 909, 342,567, 372,666, 167,284, 175,283
000000000, 005830000, 1305.9, 909, 342,567, 372,666, 167,284, 175,283
000000000, 005840000, 1308.9, 912, 345,567, 375,666, 168,284, 177,283
000000000, 005850000, 1308.9, 912, 345,567, 375,666, 168,284, 177,283
000000000, 005860000, 1310.9, 914, 347,567, 377,666, 168,284, 179,283
000000000, 005870000, 1310.9, 914, 347,567, 377,666, 168,284, 179,283
000000000, 005880000, 1313.9, 917, 350,567, 380,666, 171,284, 179,283
000000000, 005890000, 1320.7, 921, 350,571, 380,670, 171,287, 179,284
000000000, 005900000, 1327.5, 925, 350,575, 380,674, 171,290, 179,285
000000000, 005910000, 1336, 930, 350,580, 380,679, 171,292, 179,288
000000000, 005920000, 1342.8, 934, 350,584, 380,683, 171,294, 179,290
000000000, 005930000, 1351.3, 939, 350,589, 380,688, 171,297, 179,292
000000000, 005940000, 1356.4, 942, 350,592, 380,691, 171,299, 179,293
000000000, 005950000, 1356.4, 942, 350,592, 380,691, 171,299, 179,293
000000000, 005960000, 1359.4, 945, 353,592, 383,691, 171,299, 182,293
000000000, 005970000, 1361.4, 947, 355,592, 385,691, 173,299, 182,293
000000000, 005980000, 1361.4, 947, 355,592, 385,691, 173,299, 182,293
000000000, 005990000, 1361.4, 947, 355,592, 385,691, 173,299, 182,293
000000000, 006000000, 1363.4, 949, 357,592, 387,691, 175,299, 182,293
000000000, 006010000, 1364.4, 950, 358,592, 388,691, 176,299, 182,293
000000000, 006020000, 1364.4, 950, 358,592, 388,691, 176,299, 182,293
000000000, 006030000, 1369.5, 953, 358,595, 388,694, 176,300, 182,295
000000000, 006040000, 1374.6, 956, 358,598, 388,697, 176,301, 182,297
000000000, 006050000, 1374.6, 956, 358,598, 388,697, 176,301, 182,297
000000000, 006060000, 1374.6, 956, 358,598, 388,697, 176,301, 182,297
000000000, 006070000, 1379.7, 959, 358,601, 388,700, 176,303, 182,298
000000000, 006080000, 1379.7, 959, 358,601, 388,700, 176,303, 182,298
000000000, 006090000, 1379.7, 959, 358,601, 388,700, 176,303, 182,298
000000000, 006100000, 1379.7, 959, 358,601, 388,700, 176,303, 182,298
000000000, 006110000, 1380.7, 960, 359,601, 389,700, 177,303, 182,298
000000000, 006120000, 1380.7, 960, 359,601, 389,700, 177,303, 182,298
000000000, 006130000, 1384.7, 964, 363,601, 393,700, 178,303, 185,298
000000000, 006140000, 1386.7, 966, 365,601, 395,700, 178,303, 187,298
000000000, 006150000, 1386.7, 966, 365,601, 395,700, 178,303, 187,298
000000000, 006160000, 1387.7, 967, 366,601, 396,700, 179,303, 187,298
000000000, 006170000, 1392.8, 970, 366,604, 396,703, 179,305, 187,299
000000000, 006180000, 1400.6, 975, 367,608, 397,707, 180,307, 187,301
000000000, 006190000, 1407.4, 979, 367,612, 397,711, 180,309, 187,303
000000000, 006200000, 1413.5, 983, 368,615, 398,714, 181,309, 187,306
000000000, 006210000, 1418.6, 986, 368,618, 398,717, 181,310, 187,308
000000000, 006220000, 1422, 988, 368,620, 398,719, 181,310, 187,310
000000000, 006230000, 1422, 988, 368,620, 398,719, 181,310, 187,310
000000000, 006240000, 1423, 989, 369,620, 399,719, 182,310, 187,310
000000000, 006250000, 1424, 990, 370,620, 400,719, 183,310, 187,310
000000000, 006260000, 1425, 991, 371,620, 401,719, 184,310, 187,310
000000000, 006270000, 1427, 993, 373,620, 403,719, 186,310, 187,310
000000000, 006280000, 1429, 995, 375,620, 405,719, 187,310, 188,310
000000000, 006290000, 1430, 996, 376,620, 406,719, 187,310, 189,310
000000000, 006300000, 1432, 998, 378,620, 408,719, 189,310, 189,310
000000000, 006310000, 1434.7, 1000, 379,621, 409,720, 190,311, 189,310
000000000, 006320000, 1441.5, 1004, 379,625, 409,724, 190,314, 189,311
000000000, 006330000, 1449.3, 1009, 380,629, 410,728, 191,316, 189,313
000000000, 006340000, 1456.1, 1013, 380,633, 410,732, 191,318, 189,315
000000000, 006350000, 1461.2, 1016, 380,636, 410,735, 191,320, 189,316
000000000, 006360000, 1466.3, 1019, 380,639, 410,738, 191,320, 189,319
000000000, 006370000, 1466.3, 1019, 380,639, 410,738, 191,320, 189,319
000000000, 006380000, 1467.3, 1020, 381,639, 411,738, 191,320, 190,319
000000000, 006390000, 1468.3, 1021, 382,639, 412,738, 191,320, 191,319
000000000, 006400000, 1468.3, 1021, 382,639, 412,738, 191,320, 191,319
000000000, 006410000, 1468.3, 1021, 382,639, 412,738, 191,320, 191,319
000000000, 006420000, 1468.3, 1021, 382,639, 412,738, 191,320, 191,319
000000000, 006430000, 1470.3, 1023, 384,639, 414,738, 192,320, 192,319
000000000, 006440000, 1470.3, 1023, 384,639, 414,738, 192,320, 192,319
000000000, 006450000, 1475.4, 1026, 384,642, 414,741, 192,322, 192,320
000000000, 006460000, 1483.9, 1031, 384,647, 414,746, 192,324, 192,323
000000000, 006470000, 1494.1, 1037, 384,653, 414,752, 192,327, 192,326
000000000, 006480000, 1499.2, 1040, 384,656, 414,755, 192,330, 192,326
000000000, 006490000, 1508.7, 1046, 385,661, 415,760, 193,332, 192,329
000000000, 006500000, 1515.5, 1050, 385,665, 415,764, 193,334, 192,331
000000000, 006510000, 1515.5, 1050, 385,665, 415,764, 193,334, 192,331
000000000, 006520000, 1517.5, 1052, 387,665, 417,764, 194,334, 193,331
000000000, 006530000, 1518.5, 1053, 388,665, 418,764, 195,334, 193,331
000000000, 006540000, 1519.5, 1054, 389,665, 419,764, 196,334, 193,331
000000000, 006550000, 1521.5, 1056, 391,665, 421,764, 198,334, 193,331
000000000, 006560000, 1522.5, 1057, 392,665, 422,764, 199,334, 193,331
000000000, 006570000, 1523.5, 1058, 393,665, 423,764, 200,334, 193,331
000000000, 006580000, 1523.5, 1058, 393,665, 423,764, 200,334, 193,331
000000000, 006590000, 1527.2, 1061, 395,666, 425,765, 202,335, 193,331
000000000, 006600000, 1535.7, 1066, 395,671, 425,770, 202,338, 193,333
000000000, 006610000, 1537.4, 1067, 395,672, 425,771, 202,338, 193,334
000000000, 006620000, 1537.4, 1067, 395,672, 425,771, 202,338, 193,334
000000000, 006630000, 1537.4, 1067, 395,672, 425,771, 202,338, 193,334
000000000, 006640000, 1537.4, 1067, 395,672, 425,771, 202,338, 193,334
000000000, 006650000, 1537.4, 1067, 395,672, 425,771, 202,338, 193,334
000000000, 006660000, 1539.4, 1069, 397,672, 427,771, 203,338, 194,334
000000000, 006670000, 1539.4, 1069, 397,672, 427,771, 203,338, 194,334
000000000, 006680000, 1539.4, 1069, 397,672, 427,771, 203,338, 194,334
000000000, 006690000, 1539.4, 1069, 397,672, 427,771, 203,338, 194,334
000000000, 006700000, 1542.4, 1072, 400,672, 430,771, 203,338, 197,334
000000000, 006710000, 1543.4, 1073, 401,672, 431,771, 203,338, 198,334
000000000, 006720000, 1544.4, 1074, 402,672, 432,771, 204,338, 198,334
000000000, 006730000, 1549.5, 1077, 402,675, 432,774, 204,340, 198,335
000000000, 006740000, 1555.6, 1081, 403,678, 433,777, 205,341, 198,337
000000000, 006750000, 1560.7, 1084, 403,681, 433,780, 205,343, 198,338
000000000, 006760000, 1567.5, 1088, 403,685, 433,784, 205,345, 198,340
000000000, 006770000, 1574.3, 1092, 403,689, 433,788, 205,347, 198,342
000000000, 006780000, 1577.7, 1094, 403,691, 433,790, 205,347, 198,344
000000000, 006790000, 1577.7, 1094, 403,691, 433,790, 205,347, 198,344
000000000, 006800000, 1580.7, 1097, 406,691, 436,790, 205,347, 201,344
000000000, 006810000, 1580.7, 1097, 406,691, 436,790, 205,347, 201,344
000000000, 006820000, 1581.7, 1098, 407,691, 437,790, 206,347, 201,344
000000000, 006830000, 1581.7, 1098, 407,691, 437,790, 206,347, 201,344
000000000, 006840000, 1582.7, 1099, 408,691, 438,790, 207,347, 201,344
000000000, 006850000, 1583.7, 1100, 409,691, 439,790, 208,347, 201,344
000000000, 006860000, 1583.7, 1100, 409,691, 439,790, 208,347, 201,344
000000000, 006870000, 1585.4, 1101, 409,692, 439,791, 208,347, 201,345
000000000, 006880000, 1585.4, 1101, 409,692, 439,791, 208,347, 201,345
000000000, 006890000, 1587.1, 1102, 409,693, 439,792, 208,347, 201,346
000000000, 006900000, 1590.5, 1104, 409,695, 439,794, 208,348, 201,347
000000000, 006910000, 1602.4, 1111, 409,702, 439,801, 208,351, 201,351
000000000, 006920000, 1607.5, 1114, 409,705, 439,804, 208,352, 201,353
000000000, 006930000, 1607.5, 1114, 409,705, 439,804, 208,352, 201,353
000000000, 006940000, 1610.5, 1117, 412,705, 442,804, 208,352, 204,353
000000000, 006950000, 1611.5, 1118, 413,705, 443,804, 209,352, 204,353
000000000, 006960000, 1611.5, 1118, 413,705, 443,804, 209,352, 204,353
000000000, 006970000, 1612.5, 1119, 414,705, 444,804, 210,352, 204,353
000000000, 006980000, 1612.5, 1119, 414,705, 444,804, 210,352, 204,353
000000000, 006990000, 1612.5, 1119, 414,705, 444,804, 210,352, 204,353
000000000, 007000000, 1612.5, 1119, 414,705, 444,804, 210,352, 204,353
000000000, 007010000, 1616.9, 1122, 415,707, 445,806, 211,352, 204,355
000000000, 007020000, 1616.9, 1122, 415,707, 445,806, 211,352, 204,355
000000000, 007030000, 1616.9, 1122, 415,707, 445,806, 211,352, 204,355
000000000, 007040000, 1616.9, 1122, 415,707, 445,806, 211,352, 204,355
000000000, 007050000, 1616.9, 1122, 415,707, 445,806, 211,352, 204,355
000000000, 007060000, 1616.9, 1122, 415,707, 445,806, 211,352, 204,355
000000000, 007070000, 1616.9, 1122, 415,707, 445,806, 211,352, 204,355
000000000, 007080000, 1617.9, 1123, 416,707, 446,806, 212,352, 204,355
000000000, 007090000, 1620.9, 1126, 419,707, 449,806, 215,352, 204,355
000000000, 007100000, 1622.9, 1128, 421,707, 451,806, 217,352, 204,355
000000000, 007110000, 1625.9, 1131, 424,707, 454,806, 220,352, 204,355
000000000, 007120000, 1627.9, 1133, 426,707, 456,806, 221,352, 205,355
000000000, 007130000, 1628.9, 1134, 427,707, 457,806, 222,352, 205,355
000000000, 007140000, 1628.9, 1134, 427,707, 457,806, 222,352, 205,355
000000000, 007150000, 1634, 1137, 427,710, 457,809, 222,354, 205,356
000000000, 007160000, 1643.5, 1143, 428,715, 458,814, 223,356, 205,359
000000000, 007170000, 1652, 1148, 428,720, 458,819, 223,358, 205,362
000000000, 007180000, 1656.4, 1151, 429,722, 459,821, 224,359, 205,363
000000000, 007190000, 1663.2, 1155, 429,726, 459,825, 224,361, 205,365
000000000, 007200000, 1668.3, 1158, 429,729, 459,828, 224,362, 205,367
000000000, 007210000, 1668.3, 1158, 429,729, 459,828, 224,362, 205,367
000000000, 007220000, 1669.3, 1159, 430,729, 460,828, 224,362, 206,367
000000000, 007230000, 1671.3, 1161, 432,729, 462,828, 224,362, 208,367
000000000, 007240000, 1672.3, 1162, 433,729, 463,828, 225,362, 208,367
000000000, 007250000, 1674.3, 1164, 435,729, 465,828, 227,362, 208,367
000000000, 007260000, 1675.3, 1165, 436,729, 466,828, 227,362, 209,367
000000000, 007270000, 1677.3, 1167, 438,729, 468,828, 228,362, 210,367
000000000, 007280000, 1677.3, 1167, 438,729, 468,828, 228,362, 210,367
000000000, 007290000, 1684.1, 1171, 438,733, 468,832, 228,364, 210,369
000000000, 007300000, 1689.2, 1174, 438,736, 468,835, 228,366, 210,370
000000000, 007310000, 1694.3, 1177, 438,739, 468,838, 228,367, 210,372
000000000, 007320000, 1701.1, 1181, 438,743, 468,842, 228,370, 210,373
000000000, 007330000, 1707.9, 1185, 438,747, 468,846, 228,373, 210,374
000000000, 007340000, 1713, 1188, 438,750, 468,849, 228,375, 210,375
000000000, 007350000, 1713, 1188, 438,750, 468,849, 228,375, 210,375
000000000, 007360000, 1715, 1190, 440,750, 470,849, 228,375, 212,375
000000000, 007370000, 1716, 1191, 441,750, 471,849, 228,375, 213,375
000000000, 007380000, 1717, 1192, 442,750, 472,849, 228,375, 214,375
000000000, 007390000, 1720, 1195, 445,750, 475,849, 228,375, 217,375
000000000, 007400000, 1721, 1196, 446,750, 476,849, 228,375, 218,375
000000000, 007410000, 1722, 1197, 447,750, 477,849, 229,375, 218,375
