#section:000000000004, isUP:1, length:1, interval:10000, detectors:2
#lane0:00020101
#lane1:00030100
#begintime, endtime, total(conv), total(simple), total_p,total_t, volume_p,volume_t, volume0p,volume0t, volume1p,volume1t, ...
000000000, 000010000, 0, 0, 0,0, 0,0, 0,0, 0,0
000000000, 000020000, 0, 0, 0,0, 0,0, 0,0, 0,0
000000000, 000030000, 3.4, 2, 0,2, 0,2, 0,0, 0,2
000000000, 000040000, 5.1, 3, 0,3, 0,3, 0,0, 0,3
000000000, 000050000, 7.8, 5, 1,4, 1,4, 1,0, 0,4
000000000, 000060000, 10.5, 7, 2,5, 2,5, 2,0, 0,5
000000000, 000070000, 10.5, 7, 2,5, 2,5, 2,0, 0,5
000000000, 000080000, 11.5, 8, 3,5, 3,5, 3,0, 0,5
000000000, 000090000, 11.5, 8, 3,5, 3,5, 3,0, 0,5
000000000, 000100000, 11.5, 8, 3,5, 3,5, 3,0, 0,5
000000000, 000110000, 11.5, 8, 3,5, 3,5, 3,0, 0,5
000000000, 000120000, 11.5, 8, 3,5, 3,5, 3,0, 0,5
000000000, 000130000, 11.5, 8, 3,5, 3,5, 3,0, 0,5
000000000, 000140000, 11.5, 8, 3,5, 3,5, 3,0, 0,5
000000000, 000150000, 11.5, 8, 3,5, 3,5, 3,0, 0,5
000000000, 000160000, 15.2, 11, 5,6, 5,6, 3,0, 2,6
000000000, 000170000, 19.6, 14, 6,8, 6,8, 3,0, 3,8
000000000, 000180000, 21.3, 15, 6,9, 6,9, 3,0, 3,9
000000000, 000190000, 21.3, 15, 6,9, 6,9, 3,0, 3,9
000000000, 000200000, 21.3, 15, 6,9, 6,9, 3,0, 3,9
000000000, 000210000, 22.3, 16, 7,9, 7,9, 4,0, 3,9
000000000, 000220000, 25.3, 19, 10,9, 10,9, 5,0, 5,9
000000000, 000230000, 25.3, 19, 10,9, 10,9, 5,0, 5,9
000000000, 000240000, 25.3, 19, 10,9, 10,9, 5,0, 5,9
000000000, 000250000, 25.3, 19, 10,9, 10,9, 5,0, 5,9
000000000, 000260000, 25.3, 19, 10,9, 10,9, 5,0, 5,9
000000000, 000270000, 25.3, 19, 10,9, 10,9, 5,0, 5,9
000000000, 000280000, 25.3, 19, 10,9, 10,9, 5,0, 5,9
000000000, 000290000, 27, 20, 10,10, 10,10, 5,0, 5,10
000000000, 000300000, 29.7, 22, 11,11, 11,11, 6,0, 5,11
000000000, 000310000, 29.7, 22, 11,11, 11,11, 6,0, 5,11
000000000, 000320000, 34.8, 25, 11,14, 11,14, 6,0, 5,14
000000000, 000330000, 36.5, 26, 11,15, 11,15, 6,0, 5,15
000000000, 000340000, 38.2, 27, 11,16, 11,16, 6,0, 5,16
000000000, 000350000, 39.2, 28, 12,16, 12,16, 7,0, 5,16
000000000, 000360000, 42.2, 31, 15,16, 15,16, 9,0, 6,16
000000000, 000370000, 47.2, 36, 20,16, 20,16, 9,0, 11,16
000000000, 000380000, 51.2, 40, 24,16, 24,16, 12,0, 12,16
000000000, 000390000, 56.2, 45, 29,16, 29,16, 13,0, 16,16
000000000, 000400000, 60.2, 49, 33,16, 33,16, 14,0, 19,16
000000000, 000410000, 65.2, 54, 38,16, 38,16, 16,0, 22,16
000000000, 000420000, 65.2, 54, 38,16, 38,16, 16,0, 22,16
000000000, 000430000, 66.9, 55, 38,17, 38,17, 16,0, 22,17
000000000, 000440000, 68.9, 57, 40,17, 40,17, 18,0, 22,17
000000000, 000450000, 68.9, 57, 40,17, 40,17, 18,0, 22,17
000000000, 000460000, 70.9, 59, 42,17, 42,17, 20,0, 22,17
000000000, 000470000, 70.9, 59, 42,17, 42,17, 20,0, 22,17
000000000, 000480000, 72.9, 61, 44,17, 44,17, 22,0, 22,17
000000000, 000490000, 73.9, 62, 45,17, 45,17, 23,0, 22,17
000000000, 000500000, 76.9, 65, 48,17, 48,17, 24,0, 24,17
000000000, 000510000, 80.9, 69, 52,17, 52,17, 26,0, 26,17
000000000, 000520000, 86.9, 75, 58,17, 58,17, 28,0, 30,17
000000000, 000530000, 91.9, 80, 63,17, 63,17, 32,0, 31,17
000000000, 000540000, 96.9, 85, 68,17, 68,17, 36,0, 32,17
000000000, 000550000, 101.9, 90, 73,17, 73,17, 38,0, 35,17
000000000, 000560000, 101.9, 90, 73,17, 73,17, 38,0, 35,17
000000000, 000570000, 104.6, 92, 74,18, 74,18, 38,0, 36,18
000000000, 000580000, 106.3, 93, 74,19, 74,19, 38,0, 36,19
000000000, 000590000, 106.3, 93, 74,19, 74,19, 38,0, 36,19
000000000, 000600000, 106.3, 93, 74,19, 74,19, 38,0, 36,19
000000000, 000610000, 110, 96, 76,20, 76,20, 38,0, 38,20
000000000, 000620000, 112, 98, 78,20, 78,20, 39,0, 39,20
000000000, 000630000, 112, 98, 78,20, 78,20, 39,0, 39,20
000000000, 000640000, 114, 100, 80,20, 80,20, 40,0, 40,20
000000000, 000650000, 114, 100, 80,20, 80,20, 40,0, 40,20
000000000, 000660000, 114, 100, 80,20, 80,20, 40,0, 40,20
000000000, 000670000, 114, 100, 80,20, 80,20, 40,0, 40,20
000000000, 000680000, 114, 100, 80,20, 80,20, 40,0, 40,20
000000000, 000690000, 114, 100, 80,20, 80,20, 40,0, 40,20
000000000, 000700000, 114, 100, 80,20, 80,20, 40,0, 40,20
000000000, 000710000, 115, 101, 81,20, 81,20, 41,0, 40,20
000000000, 000720000, 116, 102, 82,20, 82,20, 42,0, 40,20
000000000, 000730000, 119, 105, 85,20, 85,20, 45,0, 40,20
000000000, 000740000, 122, 108, 88,20, 88,20, 48,0, 40,20
000000000, 000750000, 122, 108, 88,20, 88,20, 48,0, 40,20
000000000, 000760000, 122, 108, 88,20, 88,20, 48,0, 40,20
000000000, 000770000, 122, 108, 88,20, 88,20, 48,0, 40,20
000000000, 000780000, 124, 110, 90,20, 90,20, 48,0, 42,20
000000000, 000790000, 124, 110, 90,20, 90,20, 48,0, 42,20
000000000, 000800000, 124, 110, 90,20, 90,20, 48,0, 42,20
000000000, 000810000, 129, 115, 95,20, 95,20, 51,0, 44,20
000000000, 000820000, 131, 117, 97,20, 97,20, 52,0, 45,20
000000000, 000830000, 134, 120, 100,20, 100,20, 53,0, 47,20
000000000, 000840000, 134, 120, 100,20, 100,20, 53,0, 47,20
000000000, 000850000, 135.7, 121, 100,21, 100,21, 53,0, 47,21
000000000, 000860000, 137.7, 123, 102,21, 102,21, 55,0, 47,21
000000000, 000870000, 137.7, 123, 102,21, 102,21, 55,0, 47,21
000000000, 000880000, 138.7, 124, 103,21, 103,21, 56,0, 47,21
000000000, 000890000, 139.7, 125, 104,21, 104,21, 57,0, 47,21
000000000, 000900000, 139.7, 125, 104,21, 104,21, 57,0, 47,21
000000000, 000910000, 139.7, 125, 104,21, 104,21, 57,0, 47,21
000000000, 000920000, 143.7, 129, 108,21, 108,21, 58,0, 50,21
000000000, 000930000, 143.7, 129, 108,21, 108,21, 58,0, 50,21
000000000, 000940000, 143.7, 129, 108,21, 108,21, 58,0, 50,21
000000000, 000950000, 143.7, 129, 108,21, 108,21, 58,0, 50,21
000000000, 000960000, 143.7, 129, 108,21, 108,21, 58,0, 50,21
000000000, 000970000, 143.7, 129, 108,21, 108,21, 58,0, 50,21
000000000, 000980000, 143.7, 129, 108,21, 108,21, 58,0, 50,21
000000000, 000990000, 143.7, 129, 108,21, 108,21, 58,0, 50,21
000000000, 001000000, 143.7, 129, 108,21, 108,21, 58,0, 50,21
000000000, 001010000, 143.7, 129, 108,21, 108,21, 58,0, 50,21
000000000, 001020000, 145.4, 130, 108,22, 108,22, 58,0, 50,22
000000000, 001030000, 147.1, 131, 108,23, 108,23, 58,0, 50,23
000000000, 001040000, 148.8, 132, 108,24, 108,24, 58,0, 50,24
000000000, 001050000, 149.8, 133, 109,24, 109,24, 59,0, 50,24
000000000, 001060000, 151.8, 135, 111,24, 111,24, 61,0, 50,24
000000000, 001070000, 151.8, 135, 111,24, 111,24, 61,0, 50,24
000000000, 001080000, 151.8, 135, 111,24, 111,24, 61,0, 50,24
000000000, 001090000, 151.8, 135, 111,24, 111,24, 61,0, 50,24
000000000, 001100000, 151.8, 135, 111,24, 111,24, 61,0, 50,24
000000000, 001110000, 151.8, 135, 111,24, 111,24, 61,0, 50,24
000000000, 001120000, 151.8, 135, 111,24, 111,24, 61,0, 50,24
000000000, 001130000, 155.2, 137, 111,26, 111,26, 61,0, 50,26
000000000, 001140000, 155.2, 137, 111,26, 111,26, 61,0, 50,26
000000000, 001150000, 155.2, 137, 111,26, 111,26, 61,0, 50,26
000000000, 001160000, 155.2, 137, 111,26, 111,26, 61,0, 50,26
000000000, 001170000, 161.3, 141, 112,29, 112,29, 62,0, 50,29
000000000, 001180000, 161.3, 141, 112,29, 112,29, 62,0, 50,29
000000000, 001190000, 161.3, 141, 112,29, 112,29, 62,0, 50,29
000000000, 001200000, 163.3, 143, 114,29, 114,29, 63,0, 51,29
000000000, 001210000, 164.3, 144, 115,29, 115,29, 63,0, 52,29
000000000, 001220000, 164.3, 144, 115,29, 115,29, 63,0, 52,29
000000000, 001230000, 164.3, 144, 115,29, 115,29, 63,0, 52,29
000000000, 001240000, 164.3, 144, 115,29, 115,29, 63,0, 52,29
000000000, 001250000, 164.3, 144, 115,29, 115,29, 63,0, 52,29
000000000, 001260000, 164.3, 144, 115,29, 115,29, 63,0, 52,29
000000000, 001270000, 164.3, 144, 115,29, 115,29, 63,0, 52,29
000000000, 001280000, 164.3, 144, 115,29, 115,29, 63,0, 52,29
000000000, 001290000, 166, 145, 115,30, 115,30, 63,0, 52,30
000000000, 001300000, 167, 146, 116,30, 116,30, 63,0, 53,30
000000000, 001310000, 168.7, 147, 116,31, 116,31, 63,0, 53,31
000000000, 001320000, 171.4, 149, 117,32, 117,32, 64,0, 53,32
000000000, 001330000, 171.4, 149, 117,32, 117,32, 64,0, 53,32
000000000, 001340000, 174.4, 152, 120,32, 120,32, 67,0, 53,32
000000000, 001350000, 175.4, 153, 121,32, 121,32, 68,0, 53,32
000000000, 001360000, 175.4, 153, 121,32, 121,32, 68,0, 53,32
000000000, 001370000, 175.4, 153, 121,32, 121,32, 68,0, 53,32
000000000, 001380000, 175.4, 153, 121,32, 121,32, 68,0, 53,32
000000000, 001390000, 175.4, 153, 121,32, 121,32, 68,0, 53,32
000000000, 001400000, 175.4, 153, 121,32, 121,32, 68,0, 53,32
000000000, 001410000, 177.1, 154, 121,33, 121,33, 68,0, 53,33
000000000, 001420000, 180.5, 156, 121,35, 121,35, 68,0, 53,35
000000000, 001430000, 180.5, 156, 121,35, 121,35, 68,0, 53,35
000000000, 001440000, 182.2, 157, 121,36, 121,36, 68,0, 53,36
000000000, 001450000, 183.9, 158, 121,37, 121,37, 68,0, 53,37
000000000, 001460000, 185.6, 159, 121,38, 121,38, 68,0, 53,38
000000000, 001470000, 186.6, 160, 122,38, 122,38, 69,0, 53,38
000000000, 001480000, 188.6, 162, 124,38, 124,38, 71,0, 53,38
000000000, 001490000, 188.6, 162, 124,38, 124,38, 71,0, 53,38
000000000, 001500000, 188.6, 162, 124,38, 124,38, 71,0, 53,38
000000000, 001510000, 188.6, 162, 124,38, 124,38, 71,0, 53,38
000000000, 001520000, 188.6, 162, 124,38, 124,38, 71,0, 53,38
000000000, 001530000, 188.6, 162, 124,38, 124,38, 71,0, 53,38
000000000, 001540000, 188.6, 162, 124,38, 124,38, 71,0, 53,38
000000000, 001550000, 192, 164, 124,40, 124,40, 71,0, 53,40
000000000, 001560000, 192, 164, 124,40, 124,40, 71,0, 53,40
000000000, 001570000, 192, 164, 124,40, 124,40, 71,0, 53,40
000000000, 001580000, 192, 164, 124,40, 124,40, 71,0, 53,40
000000000, 001590000, 192, 164, 124,40, 124,40, 71,0, 53,40
000000000, 001600000, 194, 166, 126,40, 126,40, 73,0, 53,40
000000000, 001610000, 194, 166, 126,40, 126,40, 73,0, 53,40
000000000, 001620000, 197, 169, 129,40, 129,40, 73,0, 56,40
000000000, 001630000, 202, 174, 134,40, 134,40, 76,0, 58,40
000000000, 001640000, 206, 178, 138,40, 138,40, 77,0, 61,40
000000000, 001650000, 209, 181, 141,40, 141,40, 80,0, 61,40
000000000, 001660000, 215, 187, 147,40, 147,40, 84,0, 63,40
000000000, 001670000, 219, 191, 151,40, 151,40, 87,0, 64,40
000000000, 001680000, 219, 191, 151,40, 151,40, 87,0, 64,40
000000000, 001690000, 219, 191, 151,40, 151,40, 87,0, 64,40
000000000, 001700000, 225.1, 195, 152,43, 152,43, 87,0, 65,43
000000000, 001710000, 227.1, 197, 154,43, 154,43, 88,0, 66,43
000000000, 001720000, 229.8, 199, 155,44, 155,44, 88,0, 67,44
000000000, 001730000, 231.5, 200, 155,45, 155,45, 88,0, 67,45
000000000, 001740000, 232.5, 201, 156,45, 156,45, 89,0, 67,45
000000000, 001750000, 232.5, 201, 156,45, 156,45, 89,0, 67,45
000000000, 001760000, 235.5, 204, 159,45, 159,45, 90,0, 69,45
000000000, 001770000, 241.5, 210, 165,45, 165,45, 91,0, 74,45
000000000, 001780000, 246.5, 215, 170,45, 170,45, 95,0, 75,45
000000000, 001790000, 253.5, 222, 177,45, 177,45, 98,0, 79,45
000000000, 001800000, 258.5, 227, 182,45, 182,45, 99,0, 83,45
000000000, 001810000, 260.5, 229, 184,45, 184,45, 100,0, 84,45
000000000, 001820000, 260.5, 229, 184,45, 184,45, 100,0, 84,45
000000000, 001830000, 261.5, 230, 185,45, 185,45, 101,0, 84,45
000000000, 001840000, 263.5, 232, 187,45, 187,45, 103,0, 84,45
000000000, 001850000, 264.5, 233, 188,45, 188,45, 104,0, 84,45
000000000, 001860000, 266.5, 235, 190,45, 190,45, 106,0, 84,45
000000000, 001870000, 269.9, 237, 190,47, 190,47, 106,0, 84,47
000000000, 001880000, 270.9, 238, 191,47, 191,47, 107,0, 84,47
000000000, 001890000, 272.9, 240, 193,47, 193,47, 109,0, 84,47
000000000, 001900000, 275.9, 243, 196,47, 196,47, 110,0, 86,47
000000000, 001910000, 275.9, 243, 196,47, 196,47, 110,0, 86,47
000000000, 001920000, 275.9, 243, 196,47, 196,47, 110,0, 86,47
000000000, 001930000, 276.9, 244, 197,47, 197,47, 111,0, 86,47
000000000, 001940000, 281.9, 249, 202,47, 202,47, 112,0, 90,47
000000000, 001950000, 282.9, 250, 203,47, 203,47, 113,0, 90,47
000000000, 001960000, 282.9, 250, 203,47, 203,47, 113,0, 90,47
000000000, 001970000, 283.9, 251, 204,47, 204,47, 113,0, 91,47
000000000, 001980000, 284.9, 252, 205,47, 205,47, 113,0, 92,47
000000000, 001990000, 286.9, 254, 207,47, 207,47, 115,0, 92,47
000000000, 002000000, 290.9, 258, 211,47, 211,47, 119,0, 92,47
000000000, 002010000, 292.9, 260, 213,47, 213,47, 121,0, 92,47
000000000, 002020000, 295.6, 262, 214,48, 214,48, 121,0, 93,48
000000000, 002030000, 295.6, 262, 214,48, 214,48, 121,0, 93,48
000000000, 002040000, 297.6, 264, 216,48, 216,48, 123,0, 93,48
000000000, 002050000, 301.6, 268, 220,48, 220,48, 125,0, 95,48
000000000, 002060000, 307.6, 274, 226,48, 226,48, 128,0, 98,48
000000000, 002070000, 311.6, 278, 230,48, 230,48, 130,0, 100,48
000000000, 002080000, 315.6, 282, 234,48, 234,48, 132,0, 102,48
000000000, 002090000, 315.6, 282, 234,48, 234,48, 132,0, 102,48
000000000, 002100000, 315.6, 282, 234,48, 234,48, 132,0, 102,48
000000000, 002110000, 315.6, 282, 234,48, 234,48, 132,0, 102,48
000000000, 002120000, 319.6, 286, 238,48, 238,48, 136,0, 102,48
000000000, 002130000, 320.6, 287, 239,48, 239,48, 137,0, 102,48
000000000, 002140000, 322.6, 289, 241,48, 241,48, 139,0, 102,48
000000000, 002150000, 323.6, 290, 242,48, 242,48, 140,0, 102,48
000000000, 002160000, 324.6, 291, 243,48, 243,48, 141,0, 102,48
000000000, 002170000, 324.6, 291, 243,48, 243,48, 141,0, 102,48
000000000, 002180000, 325.6, 292, 244,48, 244,48, 142,0, 102,48
000000000, 002190000, 325.6, 292, 244,48, 244,48, 142,0, 102,48
000000000, 002200000, 325.6, 292, 244,48, 244,48, 142,0, 102,48
000000000, 002210000, 325.6, 292, 244,48, 244,48, 142,0, 102,48
000000000, 002220000, 325.6, 292, 244,48, 244,48, 142,0, 102,48
000000000, 002230000, 325.6, 292, 244,48, 244,48, 142,0, 102,48
000000000, 002240000, 325.6, 292, 244,48, 244,48, 142,0, 102,48
000000000, 002250000, 327.3, 293, 244,49, 244,49, 142,0, 102,49
000000000, 002260000, 328.3, 294, 245,49, 245,49, 142,0, 103,49
000000000, 002270000, 328.3, 294, 245,49, 245,49, 142,0, 103,49
000000000, 002280000, 332, 297, 247,50, 247,50, 143,0, 104,50
000000000, 002290000, 335, 300, 250,50, 250,50, 146,0, 104,50
000000000, 002300000, 335, 300, 250,50, 250,50, 146,0, 104,50
000000000, 002310000, 335, 300, 250,50, 250,50, 146,0, 104,50
000000000, 002320000, 336, 301, 251,50, 251,50, 146,0, 105,50
000000000, 002330000, 336, 301, 251,50, 251,50, 146,0, 105,50
000000000, 002340000, 336, 301, 251,50, 251,50, 146,0, 105,50
000000000, 002350000, 336, 301, 251,50, 251,50, 146,0, 105,50
000000000, 002360000, 336, 301, 251,50, 251,50, 146,0, 105,50
000000000, 002370000, 336, 301, 251,50, 251,50, 146,0, 105,50
000000000, 002380000, 336, 301, 251,50, 251,50, 146,0, 105,50
000000000, 002390000, 336, 301, 251,50, 251,50, 146,0, 105,50
000000000, 002400000, 339.4, 303, 251,52, 251,52, 146,0, 105,52
000000000, 002410000, 341.4, 305, 253,52, 253,52, 148,0, 105,52
000000000, 002420000, 343.4, 307, 255,52, 255,52, 150,0, 105,52
000000000, 002430000, 345.4, 309, 257,52, 257,52, 152,0, 105,52
000000000, 002440000, 345.4, 309, 257,52, 257,52, 152,0, 105,52
000000000, 002450000, 345.4, 309, 257,52, 257,52, 152,0, 105,52
000000000, 002460000, 350.4, 314, 262,52, 262,52, 154,0, 108,52
000000000, 002470000, 350.4, 314, 262,52, 262,52, 154,0, 108,52
000000000, 002480000, 350.4, 314, 262,52, 262,52, 154,0, 108,52
000000000, 002490000, 350.4, 314, 262,52, 262,52, 154,0, 108,52
000000000, 002500000, 350.4, 314, 262,52, 262,52, 154,0, 108,52
000000000, 002510000, 350.4, 314, 262,52, 262,52, 154,0, 108,52
000000000, 002520000, 350.4, 314, 262,52, 262,52, 154,0, 108,52
000000000, 002530000, 351.4, 315, 263,52, 263,52, 155,0, 108,52
000000000, 002540000, 352.4, 316, 264,52, 264,52, 156,0, 108,52
000000000, 002550000, 352.4, 316, 264,52, 264,52, 156,0, 108,52
000000000, 002560000, 355.4, 319, 267,52, 267,52, 159,0, 108,52
000000000, 002570000, 355.4, 319, 267,52, 267,52, 159,0, 108,52
000000000, 002580000, 356.4, 320, 268,52, 268,52, 160,0, 108,52
000000000, 002590000, 356.4, 320, 268,52, 268,52, 160,0, 108,52
000000000, 002600000, 359.4, 323, 271,52, 271,52, 160,0, 111,52
000000000, 002610000, 362.4, 326, 274,52, 274,52, 161,0, 113,52
000000000, 002620000, 362.4, 326, 274,52, 274,52, 161,0, 113,52
000000000, 002630000, 362.4, 326, 274,52, 274,52, 161,0, 113,52
000000000, 002640000, 362.4, 326, 274,52, 274,52, 161,0, 113,52
000000000, 002650000, 362.4, 326, 274,52, 274,52, 161,0, 113,52
000000000, 002660000, 362.4, 326, 274,52, 274,52, 161,0, 113,52
000000000, 002670000, 362.4, 326, 274,52, 274,52, 161,0, 113,52
000000000, 002680000, 365.1, 328, 275,53, 275,53, 162,0, 113,53
000000000, 002690000, 366.1, 329, 276,53, 276,53, 163,0, 113,53
000000000, 002700000, 367.1, 330, 277,53, 277,53, 164,0, 113,53
000000000, 002710000, 369.1, 332, 279,53, 279,53, 166,0, 113,53
000000000, 002720000, 370.1, 333, 280,53, 280,53, 167,0, 113,53
000000000, 002730000, 370.1, 333, 280,53, 280,53, 167,0, 113,53
000000000, 002740000, 374.1, 337, 284,53, 284,53, 168,0, 116,53
000000000, 002750000, 374.1, 337, 284,53, 284,53, 168,0, 116,53
000000000, 002760000, 374.1, 337, 284,53, 284,53, 168,0, 116,53
000000000, 002770000, 374.1, 337, 284,53, 284,53, 168,0, 116,53
000000000, 002780000, 374.1, 337, 284,53, 284,53, 168,0, 116,53
000000000, 002790000, 374.1, 337, 284,53, 284,53, 168,0, 116,53
000000000, 002800000, 374.1, 337, 284,53, 284,53, 168,0, 116,53
000000000, 002810000, 375.8, 338, 284,54, 284,54, 168,0, 116,54
000000000, 002820000, 379.2, 340, 284,56, 284,56, 168,0, 116,56
000000000, 002830000, 381.9, 342, 285,57, 285,57, 168,0, 117,57
000000000, 002840000, 382.9, 343, 286,57, 286,57, 168,0, 118,57
000000000, 002850000, 386.3, 345, 286,59, 286,59, 168,0, 118,59
000000000, 002860000, 389.3, 348, 289,59, 289,59, 170,0, 119,59
000000000, 002870000, 389.3, 348, 289,59, 289,59, 170,0, 119,59
000000000, 002880000, 392.3, 351, 292,59, 292,59, 171,0, 121,59
000000000, 002890000, 392.3, 351, 292,59, 292,59, 171,0, 121,59
000000000, 002900000, 392.3, 351, 292,59, 292,59, 171,0, 121,59
000000000, 002910000, 393.3, 352, 293,59, 293,59, 171,0, 122,59
000000000, 002920000, 393.3, 352, 293,59, 293,59, 171,0, 122,59
000000000, 002930000, 393.3, 352, 293,59, 293,59, 171,0, 122,59
000000000, 002940000, 393.3, 352, 293,59, 293,59, 171,0, 122,59
000000000, 002950000, 393.3, 352, 293,59, 293,59, 171,0, 122,59
000000000, 002960000, 395.3, 354, 295,59, 295,59, 173,0, 122,59
000000000, 002970000, 395.3, 354, 295,59, 295,59, 173,0, 122,59
000000000, 002980000, 397.3, 356, 297,59, 297,59, 175,0, 122,59
000000000, 002990000, 399.3, 358, 299,59, 299,59, 177,0, 122,59
000000000, 003000000, 399.3, 358, 299,59, 299,59, 177,0, 122,59
000000000, 003010000, 399.3, 358, 299,59, 299,59, 177,0, 122,59
000000000, 003020000, 402.3, 361, 302,59, 302,59, 178,0, 124,59
000000000, 003030000, 405.3, 364, 305,59, 305,59, 180,0, 125,59
000000000, 003040000, 405.3, 364, 305,59, 305,59, 180,0, 125,59
000000000, 003050000, 405.3, 364, 305,59, 305,59, 180,0, 125,59
000000000, 003060000, 405.3, 364, 305,59, 305,59, 180,0, 125,59
000000000, 003070000, 405.3, 364, 305,59, 305,59, 180,0, 125,59
000000000, 003080000, 405.3, 364, 305,59, 305,59, 180,0, 125,59
000000000, 003090000, 405.3, 364, 305,59, 305,59, 180,0, 125,59
000000000, 003100000, 407.3, 366, 307,59, 307,59, 181,0, 126,59
000000000, 003110000, 407.3, 366, 307,59, 307,59, 181,0, 126,59
000000000, 003120000, 407.3, 366, 307,59, 307,59, 181,0, 126,59
000000000, 003130000, 407.3, 366, 307,59, 307,59, 181,0, 126,59
000000000, 003140000, 410, 368, 308,60, 308,60, 182,0, 126,60
000000000, 003150000, 410, 368, 308,60, 308,60, 182,0, 126,60
000000000, 003160000, 413, 371, 311,60, 311,60, 185,0, 126,60
000000000, 003170000, 416, 374, 314,60, 314,60, 186,0, 128,60
000000000, 003180000, 416, 374, 314,60, 314,60, 186,0, 128,60
000000000, 003190000, 416, 374, 314,60, 314,60, 186,0, 128,60
000000000, 003200000, 416, 374, 314,60, 314,60, 186,0, 128,60
000000000, 003210000, 416, 374, 314,60, 314,60, 186,0, 128,60
000000000, 003220000, 416, 374, 314,60, 314,60, 186,0, 128,60
000000000, 003230000, 417.7, 375, 314,61, 314,61, 186,0, 128,61
000000000, 003240000, 419.4, 376, 314,62, 314,62, 186,0, 128,62
000000000, 003250000, 419.4, 376, 314,62, 314,62, 186,0, 128,62
000000000, 003260000, 419.4, 376, 314,62, 314,62, 186,0, 128,62
000000000, 003270000, 422.8, 378, 314,64, 314,64, 186,0, 128,64
000000000, 003280000, 425.5, 380, 315,65, 315,65, 187,0, 128,65
000000000, 003290000, 426.5, 381, 316,65, 316,65, 188,0, 128,65
000000000, 003300000, 429.5, 384, 319,65, 319,65, 189,0, 130,65
000000000, 003310000, 429.5, 384, 319,65, 319,65, 189,0, 130,65
000000000, 003320000, 429.5, 384, 319,65, 319,65, 189,0, 130,65
000000000, 003330000, 429.5, 384, 319,65, 319,65, 189,0, 130,65
000000000, 003340000, 429.5, 384, 319,65, 319,65, 189,0, 130,65
000000000, 003350000, 430.5, 385, 320,65, 320,65, 189,0, 131,65
000000000, 003360000, 430.5, 385, 320,65, 320,65, 189,0, 131,65
000000000, 003370000, 433.2, 387, 321,66, 321,66, 190,0, 131,66
000000000, 003380000, 434.9, 388, 321,67, 321,67, 190,0, 131,67
000000000, 003390000, 436.9, 390, 323,67, 323,67, 192,0, 131,67
000000000, 003400000, 438.6, 391, 323,68, 323,68, 192,0, 131,68
000000000, 003410000, 439.6, 392, 324,68, 324,68, 193,0, 131,68
000000000, 003420000, 440.6, 393, 325,68, 325,68, 194,0, 131,68
000000000, 003430000, 440.6, 393, 325,68, 325,68, 194,0, 131,68
000000000, 003440000, 442.6, 395, 327,68, 327,68, 195,0, 132,68
000000000, 003450000, 448.6, 401, 333,68, 333,68, 197,0, 136,68
000000000, 003460000, 451.6, 404, 336,68, 336,68, 199,0, 137,68
000000000, 003470000, 458.6, 411, 343,68, 343,68, 203,0, 140,68
000000000, 003480000, 463.6, 416, 348,68, 348,68, 206,0, 142,68
000000000, 003490000, 468.6, 421, 353,68, 353,68, 210,0, 143,68
000000000, 003500000, 468.6, 421, 353,68, 353,68, 210,0, 143,68
000000000, 003510000, 469.6, 422, 354,68, 354,68, 210,0, 144,68
000000000, 003520000, 470.6, 423, 355,68, 355,68, 210,0, 145,68
000000000, 003530000, 472.3, 424, 355,69, 355,69, 210,0, 145,69
000000000, 003540000, 474, 425, 355,70, 355,70, 210,0, 145,70
000000000, 003550000, 480.1, 429, 356,73, 356,73, 211,0, 145,73
000000000, 003560000, 483.1, 432, 359,73, 359,73, 213,0, 146,73
000000000, 003570000, 483.1, 432, 359,73, 359,73, 213,0, 146,73
000000000, 003580000, 488.1, 437, 364,73, 364,73, 216,0, 148,73
000000000, 003590000, 492.1, 441, 368,73, 368,73, 218,0, 150,73
000000000, 003600000, 496.1, 445, 372,73, 372,73, 219,0, 153,73
000000000, 003610000, 500.1, 449, 376,73, 376,73, 221,0, 155,73
000000000, 003620000, 502.1, 451, 378,73, 378,73, 221,0, 157,73
000000000, 003630000, 502.1, 451, 378,73, 378,73, 221,0, 157,73
000000000, 003640000, 502.1, 451, 378,73, 378,73, 221,0, 157,73
000000000, 003650000, 502.1, 451, 378,73, 378,73, 221,0, 157,73
000000000, 003660000, 503.8, 452, 378,74, 378,74, 221,0, 157,74
000000000, 003670000, 509.9, 456, 379,77, 379,77, 222,0, 157,77
000000000, 003680000, 512.6, 458, 380,78, 380,78, 223,0, 157,78
000000000, 003690000, 514.6, 460, 382,78, 382,78, 225,0, 157,78
000000000, 003700000, 515.6, 461, 383,78, 383,78, 226,0, 157,78
000000000, 003710000, 515.6, 461, 383,78, 383,78, 226,0, 157,78
000000000, 003720000, 520.6, 466, 388,78, 388,78, 229,0, 159,78
000000000, 003730000, 524.6, 470, 392,78, 392,78, 231,0, 161,78
000000000, 003740000, 529.6, 475, 397,78, 397,78, 234,0, 163,78
000000000, 003750000, 533.6, 479, 401,78, 401,78, 235,0, 166,78
000000000, 003760000, 539.6, 485, 407,78, 407,78, 239,0, 168,78
000000000, 003770000, 543.6, 489, 411,78, 411,78, 240,0, 171,78
000000000, 003780000, 543.6, 489, 411,78, 411,78, 240,0, 171,78
000000000, 003790000, 543.6, 489, 411,78, 411,78, 240,0, 171,78
000000000, 003800000, 545.3, 490, 411,79, 411,79, 240,0, 171,79
000000000, 003810000, 545.3, 490, 411,79, 411,79, 240,0, 171,79
000000000, 003820000, 548, 492, 412,80, 412,80, 240,0, 172,80
000000000, 003830000, 548, 492, 412,80, 412,80, 240,0, 172,80
000000000, 003840000, 555.1, 497, 414,83, 414,83, 242,0, 172,83
000000000, 003850000, 555.1, 497, 414,83, 414,83, 242,0, 172,83
000000000, 003860000, 558.1, 500, 417,83, 417,83, 243,0, 174,83
000000000, 003870000, 559.1, 501, 418,83, 418,83, 243,0, 175,83
000000000, 003880000, 563.1, 505, 422,83, 422,83, 244,0, 178,83
000000000, 003890000, 566.1, 508, 425,83, 425,83, 244,0, 181,83
000000000, 003900000, 571.1, 513, 430,83, 430,83, 247,0, 183,83
000000000, 003910000, 575.1, 517, 434,83, 434,83, 248,0, 186,83
000000000, 003920000, 575.1, 517, 434,83, 434,83, 248,0, 186,83
000000000, 003930000, 577.8, 519, 435,84, 435,84, 248,0, 187,84
000000000, 003940000, 579.5, 520, 435,85, 435,85, 248,0, 187,85
000000000, 003950000, 579.5, 520, 435,85, 435,85, 248,0, 187,85
000000000, 003960000, 580.5, 521, 436,85, 436,85, 249,0, 187,85
000000000, 003970000, 581.5, 522, 437,85, 437,85, 250,0, 187,85
000000000, 003980000, 582.5, 523, 438,85, 438,85, 251,0, 187,85
000000000, 003990000, 582.5, 523, 438,85, 438,85, 251,0, 187,85
000000000, 004000000, 585.5, 526, 441,85, 441,85, 253,0, 188,85
000000000, 004010000, 589.5, 530, 445,85, 445,85, 256,0, 189,85
000000000, 004020000, 590.5, 531, 446,85, 446,85, 256,0, 190,85
000000000, 004030000, 590.5, 531, 446,85, 446,85, 256,0, 190,85
000000000, 004040000, 590.5, 531, 446,85, 446,85, 256,0, 190,85
000000000, 004050000, 590.5, 531, 446,85, 446,85, 256,0, 190,85
000000000, 004060000, 590.5, 531, 446,85, 446,85, 256,0, 190,85
000000000, 004070000, 592.2, 532, 446,86, 446,86, 256,0, 190,86
000000000, 004080000, 593.2, 533, 447,86, 447,86, 256,0, 191,86
000000000, 004090000, 593.2, 533, 447,86, 447,86, 256,0, 191,86
000000000, 004100000, 595.2, 535, 449,86, 449,86, 258,0, 191,86
000000000, 004110000, 596.2, 536, 450,86, 450,86, 259,0, 191,86
000000000, 004120000, 597.2, 537, 451,86, 451,86, 260,0, 191,86
000000000, 004130000, 597.2, 537, 451,86, 451,86, 260,0, 191,86
000000000, 004140000, 599.2, 539, 453,86, 453,86, 261,0, 192,86
000000000, 004150000, 600.2, 540, 454,86, 454,86, 261,0, 193,86
000000000, 004160000, 605.2, 545, 459,86, 459,86, 263,0, 196,86
000000000, 004170000, 609.2, 549, 463,86, 463,86, 266,0, 197,86
000000000, 004180000, 613.2, 553, 467,86, 467,86, 268,0, 199,86
000000000, 004190000, 617.2, 557, 471,86, 471,86, 268,0, 203,86
000000000, 004200000, 617.2, 557, 471,86, 471,86, 268,0, 203,86
000000000, 004210000, 618.9, 558, 471,87, 471,87, 268,0, 203,87
000000000, 004220000, 619.9, 559, 472,87, 472,87, 269,0, 203,87
000000000, 004230000, 619.9, 559, 472,87, 472,87, 269,0, 203,87
000000000, 004240000, 620.9, 560, 473,87, 473,87, 270,0, 203,87
000000000, 004250000, 620.9, 560, 473,87, 473,87, 270,0, 203,87
000000000, 004260000, 621.9, 561, 474,87, 474,87, 271,0, 203,87
000000000, 004270000, 621.9, 561, 474,87, 474,87, 271,0, 203,87
000000000, 004280000, 625.9, 565, 478,87, 478,87, 274,0, 204,87
000000000, 004290000, 632.9, 572, 485,87, 485,87, 279,0, 206,87
000000000, 004300000, 639.9, 579, 492,87, 492,87, 283,0, 209,87
000000000, 004310000, 646.9, 586, 499,87, 499,87, 287,0, 212,87
000000000, 004320000, 652.9, 592, 505,87, 505,87, 290,0, 215,87
000000000, 004330000, 652.9, 592, 505,87, 505,87, 290,0, 215,87
000000000, 004340000, 652.9, 592, 505,87, 505,87, 290,0, 215,87
000000000, 004350000, 652.9, 592, 505,87, 505,87, 290,0, 215,87
000000000, 004360000, 657.3, 595, 506,89, 506,89, 291,0, 215,89
000000000, 004370000, 657.3, 595, 506,89, 506,89, 291,0, 215,89
000000000, 004380000, 657.3, 595, 506,89, 506,89, 291,0, 215,89
000000000, 004390000, 660.7, 597, 506,91, 506,91, 291,0, 215,91
000000000, 004400000, 660.7, 597, 506,91, 506,91, 291,0, 215,91
000000000, 004410000, 661.7, 598, 507,91, 507,91, 292,0, 215,91
000000000, 004420000, 666.7, 603, 512,91, 512,91, 295,0, 217,91
000000000, 004430000, 667.7, 604, 513,91, 513,91, 295,0, 218,91
000000000, 004440000, 667.7, 604, 513,91, 513,91, 295,0, 218,91
000000000, 004450000, 667.7, 604, 513,91, 513,91, 295,0, 218,91
000000000, 004460000, 667.7, 604, 513,91, 513,91, 295,0, 218,91
000000000, 004470000, 667.7, 604, 513,91, 513,91, 295,0, 218,91
000000000, 004480000, 667.7, 604, 513,91, 513,91, 295,0, 218,91
000000000, 004490000, 672.1, 607, 514,93, 514,93, 295,0, 219,93
000000000, 004500000, 675.1, 610, 517,93, 517,93, 295,0, 222,93
000000000, 004510000, 675.1, 610, 517,93, 517,93, 295,0, 222,93
000000000, 004520000, 676.1, 611, 518,93, 518,93, 296,0, 222,93
000000000, 004530000, 676.1, 611, 518,93, 518,93, 296,0, 222,93
000000000, 004540000, 679.1, 614, 521,93, 521,93, 299,0, 222,93
000000000, 004550000, 680.1, 615, 522,93, 522,93, 300,0, 222,93
000000000, 004560000, 681.1, 616, 523,93, 523,93, 301,0, 222,93
000000000, 004570000, 681.1, 616, 523,93, 523,93, 301,0, 222,93
000000000, 004580000, 681.1, 616, 523,93, 523,93, 301,0, 222,93
000000000, 004590000, 681.1, 616, 523,93, 523,93, 301,0, 222,93
000000000, 004600000, 681.1, 616, 523,93, 523,93, 301,0, 222,93
000000000, 004610000, 681.1, 616, 523,93, 523,93, 301,0, 222,93
000000000, 004620000, 681.1, 616, 523,93, 523,93, 301,0, 222,93
000000000, 004630000, 682.8, 617, 523,94, 523,94, 301,0, 222,94
000000000, 004640000, 682.8, 617, 523,94, 523,94, 301,0, 222,94
000000000, 004650000, 682.8, 617, 523,94, 523,94, 301,0, 222,94
000000000, 004660000, 684.5, 618, 523,95, 523,95, 301,0, 222,95
000000000, 004670000, 685.5, 619, 524,95, 524,95, 301,0, 223,95
000000000, 004680000, 687.2, 620, 524,96, 524,96, 301,0, 223,96
000000000, 004690000, 688.2, 621, 525,96, 525,96, 302,0, 223,96
000000000, 004700000, 689.2, 622, 526,96, 526,96, 303,0, 223,96
000000000, 004710000, 689.2, 622, 526,96, 526,96, 303,0, 223,96
000000000, 004720000, 689.2, 622, 526,96, 526,96, 303,0, 223,96
000000000, 004730000, 689.2, 622, 526,96, 526,96, 303,0, 223,96
000000000, 004740000, 689.2, 622, 526,96, 526,96, 303,0, 223,96
000000000, 004750000, 689.2, 622, 526,96, 526,96, 303,0, 223,96
000000000, 004760000, 689.2, 622, 526,96, 526,96, 303,0, 223,96
000000000, 004770000, 690.9, 623, 526,97, 526,97, 303,0, 223,97
000000000, 004780000, 690.9, 623, 526,97, 526,97, 303,0, 223,97
000000000, 004790000, 692.6, 624, 526,98, 526,98, 303,0, 223,98
000000000, 004800000, 692.6, 624, 526,98, 526,98, 303,0, 223,98
000000000, 004810000, 692.6, 624, 526,98, 526,98, 303,0, 223,98
000000000, 004820000, 692.6, 624, 526,98, 526,98, 303,0, 223,98
000000000, 004830000, 694.6, 626, 528,98, 528,98, 305,0, 223,98
000000000, 004840000, 696.6, 628, 530,98, 530,98, 305,0, 225,98
000000000, 004850000, 701.6, 633, 535,98, 535,98, 308,0, 227,98
000000000, 004860000, 704.6, 636, 538,98, 538,98, 310,0, 228,98
000000000, 004870000, 711.6, 643, 545,98, 545,98, 315,0, 230,98
000000000, 004880000, 715.6, 647, 549,98, 549,98, 317,0, 232,98
000000000, 004890000, 719.6, 651, 553,98, 553,98, 317,0, 236,98
000000000, 004900000, 719.6, 651, 553,98, 553,98, 317,0, 236,98
000000000, 004910000, 719.6, 651, 553,98, 553,98, 317,0, 236,98
000000000, 004920000, 719.6, 651, 553,98, 553,98, 317,0, 236,98
000000000, 004930000, 723.3, 654, 555,99, 555,99, 318,0, 237,99
000000000, 004940000, 725.3, 656, 557,99, 557,99, 320,0, 237,99
000000000, 004950000, 728.7, 658, 557,101, 557,101, 320,0, 237,101
000000000, 004960000, 732.7, 662, 561,101, 561,101, 324,0, 237,101
000000000, 004970000, 732.7, 662, 561,101, 561,101, 324,0, 237,101
000000000, 004980000, 735.7, 665, 564,101, 564,101, 325,0, 239,101
000000000, 004990000, 740.7, 670, 569,101, 569,101, 325,0, 244,101
000000000, 005000000, 745.7, 675, 574,101, 574,101, 327,0, 247,101
000000000, 005010000, 752.7, 682, 581,101, 581,101, 329,0, 252,101
000000000, 005020000, 757.7, 687, 586,101, 586,101, 332,0, 254,101
000000000, 005030000, 760.7, 690, 589,101, 589,101, 334,0, 255,101
000000000, 005040000, 760.7, 690, 589,101, 589,101, 334,0, 255,101
000000000, 005050000, 763.4, 692, 590,102, 590,102, 334,0, 256,102
000000000, 005060000, 764.4, 693, 591,102, 591,102, 334,0, 257,102
000000000, 005070000, 766.1, 694, 591,103, 591,103, 334,0, 257,103
000000000, 005080000, 766.1, 694, 591,103, 591,103, 334,0, 257,103
000000000, 005090000, 766.1, 694, 591,103, 591,103, 334,0, 257,103
000000000, 005100000, 766.1, 694, 591,103, 591,103, 334,0, 257,103
000000000, 005110000, 767.1, 695, 592,103, 592,103, 335,0, 257,103
000000000, 005120000, 772.1, 700, 597,103, 597,103, 337,0, 260,103
000000000, 005130000, 777.1, 705, 602,103, 602,103, 339,0, 263,103
000000000, 005140000, 777.1, 705, 602,103, 602,103, 339,0, 263,103
000000000, 005150000, 777.1, 705, 602,103, 602,103, 339,0, 263,103
000000000, 005160000, 777.1, 705, 602,103, 602,103, 339,0, 263,103
000000000, 005170000, 777.1, 705, 602,103, 602,103, 339,0, 263,103
000000000, 005180000, 777.1, 705, 602,103, 602,103, 339,0, 263,103
000000000, 005190000, 778.8, 706, 602,104, 602,104, 339,0, 263,104
000000000, 005200000, 778.8, 706, 602,104, 602,104, 339,0, 263,104
000000000, 005210000, 778.8, 706, 602,104, 602,104, 339,0, 263,104
000000000, 005220000, 780.5, 707, 602,105, 602,105, 339,0, 263,105
000000000, 005230000, 782.2, 708, 602,106, 602,106, 339,0, 263,106
000000000, 005240000, 783.9, 709, 602,107, 602,107, 339,0, 263,107
000000000, 005250000, 787.9, 713, 606,107, 606,107, 343,0, 263,107
000000000, 005260000, 789.9, 715, 608,107, 608,107, 344,0, 264,107
000000000, 005270000, 789.9, 715, 608,107, 608,107, 344,0, 264,107
000000000, 005280000, 789.9, 715, 608,107, 608,107, 344,0, 264,107
000000000, 005290000, 789.9, 715, 608,107, 608,107, 344,0, 264,107
000000000, 005300000, 789.9, 715, 608,107, 608,107, 344,0, 264,107
000000000, 005310000, 789.9, 715, 608,107, 608,107, 344,0, 264,107
000000000, 005320000, 789.9, 715, 608,107, 608,107, 344,0, 264,107
000000000, 005330000, 791.6, 716, 608,108, 608,108, 344,0, 264,108
000000000, 005340000, 791.6, 716, 608,108, 608,108, 344,0, 264,108
000000000, 005350000, 794.3, 718, 609,109, 609,109, 344,0, 265,109
000000000, 005360000, 794.3, 718, 609,109, 609,109, 344,0, 265,109
000000000, 005370000, 799.4, 721, 609,112, 609,112, 344,0, 265,112
000000000, 005380000, 803.1, 724, 611,113, 611,113, 345,0, 266,113
000000000, 005390000, 803.1, 724, 611,113, 611,113, 345,0, 266,113
000000000, 005400000, 806.1, 727, 614,113, 614,113, 347,0, 267,113
000000000, 005410000, 806.1, 727, 614,113, 614,113, 347,0, 267,113
000000000, 005420000, 806.1, 727, 614,113, 614,113, 347,0, 267,113
000000000, 005430000, 806.1, 727, 614,113, 614,113, 347,0, 267,113
000000000, 005440000, 806.1, 727, 614,113, 614,113, 347,0, 267,113
000000000, 005450000, 806.1, 727, 614,113, 614,113, 347,0, 267,113
000000000, 005460000, 806.1, 727, 614,113, 614,113, 347,0, 267,113
000000000, 005470000, 810.5, 730, 615,115, 615,115, 347,0, 268,115
000000000, 005480000, 812.2, 731, 615,116, 615,116, 347,0, 268,116
000000000, 005490000, 813.9, 732, 615,117, 615,117, 347,0, 268,117
000000000, 005500000, 819, 735, 615,120, 615,120, 347,0, 268,120
000000000, 005510000, 822.4, 737, 615,122, 615,122, 347,0, 268,122
000000000, 005520000, 825.1, 739, 616,123, 616,123, 348,0, 268,123
000000000, 005530000, 825.1, 739, 616,123, 616,123, 348,0, 268,123
000000000, 005540000, 829.1, 743, 620,123, 620,123, 350,0, 270,123
000000000, 005550000, 829.1, 743, 620,123, 620,123, 350,0, 270,123
000000000, 005560000, 829.1, 743, 620,123, 620,123, 350,0, 270,123
000000000, 005570000, 829.1, 743, 620,123, 620,123, 350,0, 270,123
000000000, 005580000, 829.1, 743, 620,123, 620,123, 350,0, 270,123
000000000, 005590000, 829.1, 743, 620,123, 620,123, 350,0, 270,123
000000000, 005600000, 829.1, 743, 620,123, 620,123, 350,0, 270,123
000000000, 005610000, 830.1, 744, 621,123, 621,123, 350,0, 271,123
000000000, 005620000, 831.1, 745, 622,123, 622,123, 351,0, 271,123
000000000, 005630000, 832.1, 746, 623,123, 623,123, 352,0, 271,123
000000000, 005640000, 833.1, 747, 624,123, 624,123, 353,0, 271,123
000000000, 005650000, 833.1, 747, 624,123, 624,123, 353,0, 271,123
000000000, 005660000, 834.1, 748, 625,123, 625,123, 354,0, 271,123
000000000, 005670000, 834.1, 748, 625,123, 625,123, 354,0, 271,123
000000000, 005680000, 838.1, 752, 629,123, 629,123, 356,0, 273,123
000000000, 005690000, 843.1, 757, 634,123, 634,123, 359,0, 275,123
000000000, 005700000, 844.1, 758, 635,123, 635,123, 359,0, 276,123
000000000, 005710000, 844.1, 758, 635,123, 635,123, 359,0, 276,123
000000000, 005720000, 844.1, 758, 635,123, 635,123, 359,0, 276,123
000000000, 005730000, 844.1, 758, 635,123, 635,123, 359,0, 276,123
000000000, 005740000, 844.1, 758, 635,123, 635,123, 359,0, 276,123
000000000, 005750000, 844.1, 758, 635,123, 635,123, 359,0, 276,123
000000000, 005760000, 847.5, 760, 635,125, 635,125, 359,0, 276,125
000000000, 005770000, 851.2, 763, 637,126, 637,126, 360,0, 277,126
000000000, 005780000, 851.2, 763, 637,126, 637,126, 360,0, 277,126
000000000, 005790000, 852.9, 764, 637,127, 637,127, 360,0, 277,127
000000000, 005800000, 858.3, 768, 639,129, 639,129, 361,0, 278,129
000000000, 005810000, 858.3, 768, 639,129, 639,129, 361,0, 278,129
000000000, 005820000, 862.3, 772, 643,129, 643,129, 364,0, 279,129
000000000, 005830000, 864.3, 774, 645,129, 645,129, 364,0, 281,129
000000000, 005840000, 865.3, 775, 646,129, 646,129, 364,0, 282,129
000000000, 005850000, 865.3, 775, 646,129, 646,129, 364,0, 282,129
000000000, 005860000, 865.3, 775, 646,129, 646,129, 364,0, 282,129
000000000, 005870000, 865.3, 775, 646,129, 646,129, 364,0, 282,129
000000000, 005880000, 865.3, 775, 646,129, 646,129, 364,0, 282,129
000000000, 005890000, 868, 777, 647,130, 647,130, 364,0, 283,130
000000000, 005900000, 869.7, 778, 647,131, 647,131, 364,0, 283,131
000000000, 005910000, 869.7, 778, 647,131, 647,131, 364,0, 283,131
000000000, 005920000, 871.4, 779, 647,132, 647,132, 364,0, 283,132
000000000, 005930000, 873.1, 780, 647,133, 647,133, 364,0, 283,133
000000000, 005940000, 874.1, 781, 648,133, 648,133, 365,0, 283,133
000000000, 005950000, 874.1, 781, 648,133, 648,133, 365,0, 283,133
000000000, 005960000, 877.1, 784, 651,133, 651,133, 365,0, 286,133
000000000, 005970000, 878.1, 785, 652,133, 652,133, 366,0, 286,133
000000000, 005980000, 883.1, 790, 657,133, 657,133, 369,0, 288,133
000000000, 005990000, 889.1, 796, 663,133, 663,133, 372,0, 291,133
000000000, 006000000, 891.1, 798, 665,133, 665,133, 373,0, 292,133
000000000, 006010000, 895.1, 802, 669,133, 669,133, 374,0, 295,133
000000000, 006020000, 895.1, 802, 669,133, 669,133, 374,0, 295,133
000000000, 006030000, 895.1, 802, 669,133, 669,133, 374,0, 295,133
000000000, 006040000, 897.8, 804, 670,134, 670,134, 374,0, 296,134
000000000, 006050000, 901.5, 807, 672,135, 672,135, 376,0, 296,135
000000000, 006060000, 904.5, 810, 675,135, 675,135, 379,0, 296,135
000000000, 006070000, 906.5, 812, 677,135, 677,135, 381,0, 296,135
000000000, 006080000, 907.5, 813, 678,135, 678,135, 382,0, 296,135
000000000, 006090000, 907.5, 813, 678,135, 678,135, 382,0, 296,135
000000000, 006100000, 911.5, 817, 682,135, 682,135, 384,0, 298,135
000000000, 006110000, 912.5, 818, 683,135, 683,135, 384,0, 299,135
000000000, 006120000, 912.5, 818, 683,135, 683,135, 384,0, 299,135
000000000, 006130000, 912.5, 818, 683,135, 683,135, 384,0, 299,135
000000000, 006140000, 913.5, 819, 684,135, 684,135, 385,0, 299,135
000000000, 006150000, 913.5, 819, 684,135, 684,135, 385,0, 299,135
000000000, 006160000, 913.5, 819, 684,135, 684,135, 385,0, 299,135
000000000, 006170000, 915.2, 820, 684,136, 684,136, 385,0, 299,136
000000000, 006180000, 918.6, 822, 684,138, 684,138, 385,0, 299,138
000000000, 006190000, 920.3, 823, 684,139, 684,139, 385,0, 299,139
000000000, 006200000, 920.3, 823, 684,139, 684,139, 385,0, 299,139
000000000, 006210000, 922, 824, 684,140, 684,140, 385,0, 299,140
000000000, 006220000, 924, 826, 686,140, 686,140, 386,0, 300,140
000000000, 006230000, 924, 826, 686,140, 686,140, 386,0, 300,140
000000000, 006240000, 928, 830, 690,140, 690,140, 388,0, 302,140
000000000, 006250000, 930, 832, 692,140, 692,140, 390,0, 302,140
000000000, 006260000, 937, 839, 699,140, 699,140, 393,0, 306,140
000000000, 006270000, 939, 841, 701,140, 701,140, 394,0, 307,140
000000000, 006280000, 941, 843, 703,140, 703,140, 395,0, 308,140
000000000, 006290000, 941, 843, 703,140, 703,140, 395,0, 308,140
000000000, 006300000, 941, 843, 703,140, 703,140, 395,0, 308,140
000000000, 006310000, 942.7, 844, 703,141, 703,141, 395,0, 308,141
000000000, 006320000, 946.1, 846, 703,143, 703,143, 395,0, 308,143
000000000, 006330000, 946.1, 846, 703,143, 703,143, 395,0, 308,143
000000000, 006340000, 948.8, 848, 704,144, 704,144, 395,0, 309,144
000000000, 006350000, 948.8, 848, 704,144, 704,144, 395,0, 309,144
000000000, 006360000, 949.8, 849, 705,144, 705,144, 396,0, 309,144
000000000, 006370000, 949.8, 849, 705,144, 705,144, 396,0, 309,144
000000000, 006380000, 951.8, 851, 707,144, 707,144, 396,0, 311,144
000000000, 006390000, 951.8, 851, 707,144, 707,144, 396,0, 311,144
000000000, 006400000, 951.8, 851, 707,144, 707,144, 396,0, 311,144
000000000, 006410000, 951.8, 851, 707,144, 707,144, 396,0, 311,144
000000000, 006420000, 951.8, 851, 707,144, 707,144, 396,0, 311,144
000000000, 006430000, 951.8, 851, 707,144, 707,144, 396,0, 311,144
000000000, 006440000, 951.8, 851, 707,144, 707,144, 396,0, 311,144
000000000, 006450000, 951.8, 851, 707,144, 707,144, 396,0, 311,144
000000000, 006460000, 951.8, 851, 707,144, 707,144, 396,0, 311,144
000000000, 006470000, 953.5, 852, 707,145, 707,145, 396,0, 311,145
000000000, 006480000, 959.6, 856, 708,148, 708,148, 396,0, 312,148
000000000, 006490000, 959.6, 856, 708,148, 708,148, 396,0, 312,148
000000000, 006500000, 961.3, 857, 708,149, 708,149, 396,0, 312,149
000000000, 006510000, 962.3, 858, 709,149, 709,149, 397,0, 312,149
000000000, 006520000, 965.3, 861, 712,149, 712,149, 399,0, 313,149
000000000, 006530000, 970.3, 866, 717,149, 717,149, 402,0, 315,149
000000000, 006540000, 974.3, 870, 721,149, 721,149, 404,0, 317,149
000000000, 006550000, 981.3, 877, 728,149, 728,149, 406,0, 322,149
000000000, 006560000, 987.3, 883, 734,149, 734,149, 408,0, 326,149
000000000, 006570000, 989.3, 885, 736,149, 736,149, 409,0, 327,149
000000000, 006580000, 989.3, 885, 736,149, 736,149, 409,0, 327,149
000000000, 006590000, 992, 887, 737,150, 737,150, 409,0, 328,150
000000000, 006600000, 993.7, 888, 737,151, 737,151, 409,0, 328,151
000000000, 006610000, 996.4, 890, 738,152, 738,152, 410,0, 328,152
000000000, 006620000, 999.4, 893, 741,152, 741,152, 413,0, 328,152
000000000, 006630000, 1001.4, 895, 743,152, 743,152, 415,0, 328,152
000000000, 006640000, 1002.4, 896, 744,152, 744,152, 416,0, 328,152
000000000, 006650000, 1002.4, 896, 744,152, 744,152, 416,0, 328,152
000000000, 006660000, 1005.4, 899, 747,152, 747,152, 416,0, 331,152
000000000, 006670000, 1007.4, 901, 749,152, 749,152, 416,0, 333,152
000000000, 006680000, 1007.4, 901, 749,152, 749,152, 416,0, 333,152
000000000, 006690000, 1007.4, 901, 749,152, 749,152, 416,0, 333,152
000000000, 006700000, 1007.4, 901, 749,152, 749,152, 416,0, 333,152
000000000, 006710000, 1007.4, 901, 749,152, 749,152, 416,0, 333,152
000000000, 006720000, 1007.4, 901, 749,152, 749,152, 416,0, 333,152
000000000, 006730000, 1007.4, 901, 749,152, 749,152, 416,0, 333,152
000000000, 006740000, 1010.1, 903, 750,153, 750,153, 416,0, 334,153
000000000, 006750000, 1011.8, 904, 750,154, 750,154, 416,0, 334,154
000000000, 006760000, 1013.8, 906, 752,154, 752,154, 416,0, 336,154
000000000, 006770000, 1017.2, 908, 752,156, 752,156, 416,0, 336,156
000000000, 006780000, 1018.2, 909, 753,156, 753,156, 417,0, 336,156
000000000, 006790000, 1018.2, 909, 753,156, 753,156, 417,0, 336,156
000000000, 006800000, 1021.2, 912, 756,156, 756,156, 420,0, 336,156
000000000, 006810000, 1026.2, 917, 761,156, 761,156, 423,0, 338,156
000000000, 006820000, 1031.2, 922, 766,156, 766,156, 427,0, 339,156
000000000, 006830000, 1037.2, 928, 772,156, 772,156, 431,0, 341,156
000000000, 006840000, 1043.2, 934, 778,156, 778,156, 435,0, 343,156
000000000, 006850000, 1048.2, 939, 783,156, 783,156, 438,0, 345,156
000000000, 006860000, 1048.2, 939, 783,156, 783,156, 438,0, 345,156
000000000, 006870000, 1048.2, 939, 783,156, 783,156, 438,0, 345,156
000000000, 006880000, 1050.2, 941, 785,156, 785,156, 440,0, 345,156
000000000, 006890000, 1052.2, 943, 787,156, 787,156, 442,0, 345,156
000000000, 006900000, 1054.2, 945, 789,156, 789,156, 444,0, 345,156
000000000, 006910000, 1054.2, 945, 789,156, 789,156, 444,0, 345,156
000000000, 006920000, 1055.2, 946, 790,156, 790,156, 445,0, 345,156
000000000, 006930000, 1055.2, 946, 790,156, 790,156, 445,0, 345,156
000000000, 006940000, 1059.2, 950, 794,156, 794,156, 448,0, 346,156
000000000, 006950000, 1062.2, 953, 797,156, 797,156, 451,0, 346,156
000000000, 006960000, 1068.2, 959, 803,156, 803,156, 454,0, 349,156
000000000, 006970000, 1072.2, 963, 807,156, 807,156, 455,0, 352,156
000000000, 006980000, 1077.2, 968, 812,156, 812,156, 457,0, 355,156
000000000, 006990000, 1082.2, 973, 817,156, 817,156, 460,0, 357,156
000000000, 007000000, 1082.2, 973, 817,156, 817,156, 460,0, 357,156
000000000, 007010000, 1082.2, 973, 817,156, 817,156, 460,0, 357,156
000000000, 007020000, 1083.2, 974, 818,156, 818,156, 461,0, 357,156
000000000, 007030000, 1084.2, 975, 819,156, 819,156, 462,0, 357,156
000000000, 007040000, 1085.2, 976, 820,156, 820,156, 463,0, 357,156
000000000, 007050000, 1086.2, 977, 821,156, 821,156, 464,0, 357,156
000000000, 007060000, 1086.2, 977, 821,156, 821,156, 464,0, 357,156
000000000, 007070000, 1086.2, 977, 821,156, 821,156, 464,0, 357,156
000000000, 007080000, 1090.2, 981, 825,156, 825,156, 466,0, 359,156
000000000, 007090000, 1093.2, 984, 828,156, 828,156, 467,0, 361,156
000000000, 007100000, 1096.2, 987, 831,156, 831,156, 469,0, 362,156
000000000, 007110000, 1099.2, 990, 834,156, 834,156, 470,0, 364,156
000000000, 007120000, 1100.2, 991, 835,156, 835,156, 470,0, 365,156
000000000, 007130000, 1100.2, 991, 835,156, 835,156, 470,0, 365,156
000000000, 007140000, 1100.2, 991, 835,156, 835,156, 470,0, 365,156
000000000, 007150000, 1101.9, 992, 835,157, 835,157, 470,0, 365,157
000000000, 007160000, 1101.9, 992, 835,157, 835,157, 470,0, 365,157
000000000, 007170000, 1103.6, 993, 835,158, 835,158, 470,0, 365,158
000000000, 007180000, 1109, 997, 837,160, 837,160, 471,0, 366,160
000000000, 007190000, 1110.7, 998, 837,161, 837,161, 471,0, 366,161
000000000, 007200000, 1113.4, 1000, 838,162, 838,162, 472,0, 366,162
000000000, 007210000, 1113.4, 1000, 838,162, 838,162, 472,0, 366,162
000000000, 007220000, 1117.4, 1004, 842,162, 842,162, 474,0, 368,162
000000000, 007230000, 1121.4, 1008, 846,162, 846,162, 477,0, 369,162
000000000, 007240000, 1124.4, 1011, 849,162, 849,162, 479,0, 370,162
000000000, 007250000, 1128.4, 1015, 853,162, 853,162, 481,0, 372,162
000000000, 007260000, 1128.4, 1015, 853,162, 853,162, 481,0, 372,162
000000000, 007270000, 1128.4, 1015, 853,162, 853,162, 481,0, 372,162
000000000, 007280000, 1128.4, 1015, 853,162, 853,162, 481,0, 372,162
000000000, 007290000, 1129.4, 1016, 854,162, 854,162, 481,0, 373,162
000000000, 007300000, 1133.8, 1019, 855,164, 855,164, 481,0, 374,164
000000000, 007310000, 1135.8, 1021, 857,164, 857,164, 482,0, 375,164
000000000, 007320000, 1140.9, 1024, 857,167, 857,167, 482,0, 375,167
000000000, 007330000, 1141.9, 1025, 858,167, 858,167, 482,0, 376,167
000000000, 007340000, 1143.6, 1026, 858,168, 858,168, 482,0, 376,168
000000000, 007350000, 1145.6, 1028, 860,168, 860,168, 484,0, 376,168
000000000, 007360000, 1148.6, 1031, 863,168, 863,168, 484,0, 379,168
000000000, 007370000, 1148.6, 1031, 863,168, 863,168, 484,0, 379,168
000000000, 007380000, 1148.6, 1031, 863,168, 863,168, 484,0, 379,168
000000000, 007390000, 1148.6, 1031, 863,168, 863,168, 484,0, 379,168
000000000, 007400000, 1148.6, 1031, 863,168, 863,168, 484,0, 379,168
000000000, 007410000, 1148.6, 1031, 863,168, 863,168, 484,0, 379,168
