#begin time, end time, start, goal, volume, vehicle type,
#num of stop points, stop point id, ...
0, 86400000, 0, 1, 1433, 21, 0
0, 86400000, 1, 0, 1433, 21, 0 
0, 86400000, 0, 1, 353, 51, 0
0, 86400000, 1, 0, 353, 51, 0 
0, 86400000, 2, 3, 1433, 21, 0
0, 86400000, 3, 2, 1433, 21, 0 
0, 86400000, 2, 3, 353, 51, 0
0, 86400000, 3, 2, 353, 51, 0 
0, 86400000, 4, 5, 1433, 21, 0
0, 86400000, 5, 4, 1433, 21, 0 
0, 86400000, 4, 5, 353, 51, 0
0, 86400000, 5, 4, 353, 51, 0 
0, 86400000, 6, 7, 1433, 21, 0
0, 86400000, 7, 6, 1433, 21, 0 
0, 86400000, 6, 7, 353, 51, 0
0, 86400000, 7, 6, 353, 51, 0 
 
