#section:009743009843, isUP:1, length:-5, detectors:5
#time, lane, vehicle_id, vehicle_type, origin, destination, velocity
<<<<<<< HEAD
000024800,00050101,000032,20,009743,011102,0.000748303
=======
000037900,00030103,000103,20,009743,008574,0.00434726
000038800,00050101,000106,20,009743,011347,0.00433559
000049600,00040102,000156,20,009743,010866,0.00386775
000090600,00030103,000306,20,009743,010852,0.00434726
000093800,00030103,000324,20,009743,008574,0.00394659
000116100,00050101,000405,20,009743,011102,0.00433559
>>>>>>> 3d2d16815294ec1d737aafd2c7c7798e801feaaf
