#section:010859010866, isUP:0, length:-5, interval:30000, detectors:3
#lane0:01040000
#lane1:90010001
#lane2:90010002
#begintime, endtime, total(conv), total(simple), total_p,total_t, volume_p,volume_t, volume0p,volume0t, volume1p,volume1t, ...
000000000, 000030000, 0, 0, 0,0, 0,0, 0,0, 0,0, 0,0
000000000, 000060000, 6, 6, 6,0, 6,0, 3,0, 0,0, 3,0
000000000, 000090000, 12, 12, 12,0, 12,0, 5,0, 2,0, 5,0
000000000, 000120000, 17, 17, 17,0, 17,0, 7,0, 2,0, 8,0
000000000, 000150000, 22, 22, 22,0, 22,0, 8,0, 4,0, 10,0
