#section:008833020003, isUP:0, length:-5, interval:30000, detectors:4
#lane0:01030001
#lane1:01040000
#lane2:90010002
#lane3:90010003
#begintime, endtime, total(conv), total(simple), total_p,total_t, volume_p,volume_t, volume0p,volume0t, volume1p,volume1t, ...
000000000, 000030000, 0, 0, 0,0, 0,0, 0,0, 0,0, 0,0, 0,0
<<<<<<< HEAD
=======
000000000, 000060000, 0, 0, 0,0, 0,0, 0,0, 0,0, 0,0, 0,0
000000000, 000090000, 5, 5, 5,0, 5,0, 1,0, 3,0, 0,0, 1,0
000000000, 000120000, 17, 17, 17,0, 17,0, 6,0, 3,0, 6,0, 2,0
000000000, 000150000, 26, 26, 26,0, 26,0, 7,0, 6,0, 11,0, 2,0
>>>>>>> 3d2d16815294ec1d737aafd2c7c7798e801feaaf
