#section:009760009883, isUP:1, length:-5, interval:30000, detectors:4
#lane0:00040101
#lane1:00050100
#lane2:90000102
#lane3:90000103
#begintime, endtime, total(conv), total(simple), total_p,total_t, volume_p,volume_t, volume0p,volume0t, volume1p,volume1t, ...
000000000, 000030000, 0, 0, 0,0, 0,0, 0,0, 0,0, 0,0, 0,0
000000000, 000060000, 6, 6, 6,0, 6,0, 1,0, 1,0, 3,0, 1,0
000000000, 000090000, 13, 13, 13,0, 13,0, 5,0, 4,0, 3,0, 1,0
000000000, 000120000, 22, 22, 22,0, 22,0, 9,0, 5,0, 4,0, 4,0
000000000, 000150000, 38, 38, 38,0, 38,0, 17,0, 6,0, 10,0, 5,0
