#section:010852010886, isUP:1, length:-5, interval:30000, detectors:3
#lane0:00040100
#lane1:90000101
#lane2:90000102
#begintime, endtime, total(conv), total(simple), total_p,total_t, volume_p,volume_t, volume0p,volume0t, volume1p,volume1t, ...
000000000, 000030000, 0, 0, 0,0, 0,0, 0,0, 0,0, 0,0
000000000, 000060000, 4, 4, 4,0, 4,0, 3,0, 1,0, 0,0
000000000, 000090000, 14, 14, 14,0, 14,0, 8,0, 6,0, 0,0
000000000, 000120000, 22, 22, 22,0, 22,0, 14,0, 8,0, 0,0
000000000, 000150000, 33, 33, 33,0, 33,0, 21,0, 12,0, 0,0
