#section:010240010859, isUP:1, length:-5, interval:30000, detectors:4
#lane0:00030103
#lane1:00040102
#lane2:00050101
#lane3:00060100
#begintime, endtime, total(conv), total(simple), total_p,total_t, volume_p,volume_t, volume0p,volume0t, volume1p,volume1t, ...
000000000, 000030000, 0, 0, 0,0, 0,0, 0,0, 0,0, 0,0, 0,0
000000000, 000060000, 0, 0, 0,0, 0,0, 0,0, 0,0, 0,0, 0,0
000000000, 000090000, 0, 0, 0,0, 0,0, 0,0, 0,0, 0,0, 0,0
000000000, 000120000, 0, 0, 0,0, 0,0, 0,0, 0,0, 0,0, 0,0
000000000, 000150000, 1, 1, 1,0, 1,0, 0,0, 1,0, 0,0, 0,0
