#section:009743009843, isUP:1, length:-5, interval:30000, detectors:5
#lane0:00020104
#lane1:00030103
#lane2:00040102
#lane3:00050101
#lane4:00060100
#begintime, endtime, total(conv), total(simple), total_p,total_t, volume_p,volume_t, volume0p,volume0t, volume1p,volume1t, ...
000000000, 000030000, 0, 0, 0,0, 0,0, 0,0, 0,0, 0,0, 0,0, 0,0
000000000, 000060000, 3, 3, 3,0, 3,0, 0,0, 1,0, 1,0, 1,0, 0,0
000000000, 000090000, 3, 3, 3,0, 3,0, 0,0, 1,0, 1,0, 1,0, 0,0
000000000, 000120000, 6, 6, 6,0, 6,0, 0,0, 3,0, 1,0, 2,0, 0,0
000000000, 000150000, 6, 6, 6,0, 6,0, 0,0, 3,0, 1,0, 2,0, 0,0
