#section:009814009818, isUP:1, length:-5, interval:30000, detectors:4
#lane0:00040101
#lane1:00050100
#lane2:90000102
#lane3:90000103
#begintime, endtime, total(conv), total(simple), total_p,total_t, volume_p,volume_t, volume0p,volume0t, volume1p,volume1t, ...
000000000, 000030000, 0, 0, 0,0, 0,0, 0,0, 0,0, 0,0, 0,0
000000000, 000060000, 1, 1, 1,0, 1,0, 0,0, 0,0, 1,0, 0,0
000000000, 000090000, 4, 4, 4,0, 4,0, 1,0, 0,0, 3,0, 0,0
000000000, 000120000, 4, 4, 4,0, 4,0, 1,0, 0,0, 3,0, 0,0
000000000, 000150000, 7, 7, 7,0, 7,0, 2,0, 1,0, 4,0, 0,0
