#section:009699009851, isUP:1, length:-1, interval:30000, detectors:2
#lane0:00030101
#lane1:00040100
#begintime, endtime, total(conv), total(simple), total_p,total_t, volume_p,volume_t, volume0p,volume0t, volume1p,volume1t, ...
<<<<<<< HEAD
029537264, 000030000, 0, 0, 0,0, 29538720,0, 0,0, 0,0
=======
016368672, 000030000, 0, 0, 0,0, 16370128,0, 0,0, 0,0
016368672, 000060000, 0, 0, 0,0, 16370128,0, 0,0, 0,0
016368672, 000090000, 0, 0, 0,0, 16370128,0, 0,0, 0,0
016368672, 000120000, 0, 0, 0,0, 16370128,0, 0,0, 0,0
016368672, 000150000, 0, 0, 0,0, 16370128,0, 0,0, 0,0
>>>>>>> 3d2d16815294ec1d737aafd2c7c7798e801feaaf
