#section:009699020005, isUP:0, length:-5, interval:30000, detectors:5
#lane0:01030004
#lane1:01040003
#lane2:01050002
#lane3:01060001
#lane4:01070000
#begintime, endtime, total(conv), total(simple), total_p,total_t, volume_p,volume_t, volume0p,volume0t, volume1p,volume1t, ...
000000000, 000030000, 0, 0, 0,0, 0,0, 0,0, 0,0, 0,0, 0,0, 0,0
000000000, 000060000, 0, 0, 0,0, 0,0, 0,0, 0,0, 0,0, 0,0, 0,0
000000000, 000090000, 0, 0, 0,0, 0,0, 0,0, 0,0, 0,0, 0,0, 0,0
000000000, 000120000, 0, 0, 0,0, 0,0, 0,0, 0,0, 0,0, 0,0, 0,0
000000000, 000150000, 1, 1, 1,0, 1,0, 0,0, 0,0, 1,0, 0,0, 0,0
