000000100,00010100,000000,20,011100,010866,100
000000100,00010100,000000,20,011100,020125,100
000001500,00010100,000034,20,011100,020125,1500
000002600,00010100,000049,20,011100,020125,1100
000007600,00010100,000148,21,011100,020100,5000
000009000,00010100,000173,21,011100,020100,1400
000010600,00010100,000196,20,011100,008515,1600
000012800,00010100,000240,20,011100,008515,2200
000014300,00010100,000270,21,011100,020100,1500
000015800,00010100,000294,21,011100,020100,1500
000017500,00010100,000325,20,011100,010866,1700
000019300,00010100,000359,21,011100,020100,1800
000021100,00010100,000392,20,011100,020125,1800
000022900,00010100,000427,20,011100,008515,1800
000024700,00010100,000467,20,011100,010866,1800
000026500,00010100,000501,20,011100,020125,1800
000028300,00010100,000537,20,011100,008515,1800
000030100,00010100,000576,21,011100,020100,1800
000031900,00010100,000613,20,011100,008515,1800
000033700,00010100,000639,20,011100,008515,1800
000035500,00010100,000673,20,011100,008515,1800
000037300,00010100,000707,21,011100,020100,1800
000039100,00010100,000745,21,011100,020100,1800
000040900,00010100,000777,20,011100,020125,1800
000042700,00010100,000813,20,011100,010866,1800
000044500,00010100,000844,20,011100,020125,1800
000046400,00010100,000878,20,011100,008515,1900
000048200,00010100,000910,21,011100,020100,1800
000003700,00010100,000069,20,011100,008515,3700
000004800,00010100,000092,21,011100,020100,1100
000006100,00010100,000116,20,011100,020125,1300
000007700,00010100,000151,20,011100,008515,1600
000009400,00010100,000184,20,011100,020125,1700
000011100,00010100,000219,20,011100,008515,1700
000012900,00010100,000253,20,011100,010866,1800
000014700,00010100,000289,21,011100,020100,1800
000016500,00010100,000326,20,011100,010866,1800
000018300,00010100,000358,20,011100,008515,1800
000020100,00010100,000392,20,011100,008515,1800
000021900,00010100,000424,20,011100,010866,1800
000023700,00010100,000459,21,011100,020100,1800
000025500,00010100,000494,20,011100,020125,1800
000027300,00010100,000529,20,011100,020125,1800
000029100,00010100,000562,20,011100,020125,1800
000030900,00010100,000595,20,011100,020125,1800
000032800,00010100,000635,20,011100,020125,1900
000035900,00010100,000692,20,011100,008515,3100
000037500,00010100,000724,20,011100,008515,1600
000039200,00010100,000758,20,011100,010866,1700
000002800,00010100,000026,21,011100,020100,2800
000003900,00010100,000041,20,011100,008515,1100
000014800,00010100,000141,20,011100,010866,10900
000025600,00010100,000242,20,011100,020125,10800
000029700,00010100,000283,21,011100,020100,4100
000037800,00010100,000367,20,011100,010866,8100
000047600,00010100,000455,20,011100,020125,9800
000048700,00010100,000472,20,011100,008515,1100
000050000,00010100,000487,20,011100,008515,1300
000051600,00010100,000506,20,011100,010866,1600
000054500,00010100,000535,20,011100,008515,2900
000065300,00010100,000631,20,011100,020125,10800
000002800,00010100,000020,20,011100,010866,2800
000004100,00010100,000030,20,011100,020125,1300
000015200,00010100,000114,21,011100,020100,11100
000019200,00010100,000147,21,011100,020100,4000
000020300,00010100,000158,20,011100,010866,1100
000022400,00010100,000181,20,011100,010866,2100
000028100,00010100,000236,21,011100,020100,5700
000030000,00010100,000256,20,011100,020125,1900
000033500,00010100,000288,20,011100,020125,3500
000039500,00010100,000339,20,011100,010866,6000
000041700,00010100,000357,20,011100,020125,2200
000046600,00010100,000405,21,011100,020100,4900
000047900,00010100,000417,20,011100,020125,1300
000056700,00010100,000487,20,011100,020125,8800
000058100,00010100,000498,20,011100,008515,1400
000060200,00010100,000522,20,011100,020125,2100
000061700,00010100,000538,20,011100,008515,1500
000063300,00010100,000559,20,011100,020125,1600
000071200,00010100,000627,20,011100,010866,7900
000075900,00010100,000669,20,011100,020125,4700
000082700,00010100,000726,20,011100,008515,6800
000084100,00010100,000738,20,011100,010866,1400
000085600,00010100,000752,20,011100,010866,1500
000098800,00010100,000859,20,011100,020125,13200
000000700,00010100,000012,20,011100,020125,700
000001800,00010100,000028,20,011100,010866,1100
000006100,00010100,000113,21,011100,020100,4300
000007500,00010100,000133,20,011100,010866,1400
000009000,00010100,000151,20,011100,008515,1500
000010700,00010100,000177,20,011100,020125,1700
000012500,00010100,000206,20,011100,008515,1800
000014300,00010100,000231,20,011100,010866,1800
000016100,00010100,000262,20,011100,008515,1800
000017900,00010100,000289,21,011100,020100,1800
000019700,00010100,000317,20,011100,008515,1800
000021500,00010100,000352,20,011100,008515,1800
000023300,00010100,000388,20,011100,020125,1800
000025200,00010100,000418,20,011100,020125,1900
000027000,00010100,000450,20,011100,020125,1800
000028800,00010100,000482,20,011100,020125,1800
000030600,00010100,000514,20,011100,008515,1800
000032500,00010100,000545,21,011100,020100,1900
000034300,00010100,000572,20,011100,020125,1800
000036200,00010100,000605,20,011100,020125,1900
000038000,00010100,000637,21,011100,020100,1800
000039800,00010100,000669,20,011100,008515,1800
000041700,00010100,000700,20,011100,010866,1900
000043500,00010100,000727,20,011100,010866,1800
000045300,00010100,000763,20,011100,010866,1800
000047200,00010100,000800,20,011100,020125,1900
000050400,00010100,000860,20,011100,020125,3200
000052100,00010100,000892,20,011100,008515,1700
000053800,00010100,000923,20,011100,008515,1700
000058200,00010100,001005,20,011100,010866,4400
000059800,00010100,001034,20,011100,010866,1600
000061500,00010100,001064,20,011100,008515,1700
000063300,00010100,001095,20,011100,008515,1800
000065100,00010100,001123,20,011100,010866,1800
000066900,00010100,001152,21,011100,020100,1800
000068700,00010100,001185,20,011100,020125,1800
000070500,00010100,001217,21,011100,020100,1800
000072300,00010100,001248,20,011100,008515,1800
000074700,00010100,001282,20,011100,008515,2400
000082900,00010100,001418,20,011100,008515,8200
000087300,00010100,001488,20,011100,008515,4400
000089500,00010100,001522,21,011100,020100,2200
000091400,00010100,001555,21,011100,020100,1900
000093300,00010100,001586,20,011100,010866,1900
000095100,00010100,001612,20,011100,010866,1800
000096900,00010100,001644,20,011100,020125,1800
000098800,00010100,001674,20,011100,020125,1900
000000100,00010100,000001,20,011100,020125,100
000002100,00010100,000047,20,011100,010866,2000
000006000,00010100,000137,20,011100,010866,3900
000007200,00010100,000167,20,011100,008515,1200
000010500,00010100,000229,20,011100,008515,3300
000012100,00010100,000259,20,011100,008515,1600
000015400,00010100,000330,20,011100,020125,3300
000016900,00010100,000365,20,011100,008515,1500
000018400,00010100,000397,20,011100,020125,1500
000020100,00010100,000432,21,011100,020100,1700
000021900,00010100,000465,20,011100,008515,1800
000023700,00010100,000502,21,011100,020100,1800
000025500,00010100,000535,20,011100,020125,1800
000027400,00010100,000576,20,011100,008515,1900
000029200,00010100,000614,21,011100,020100,1800
000031100,00010100,000649,20,011100,010866,1900
000032900,00010100,000682,20,011100,008515,1800
000034700,00010100,000719,20,011100,010866,1800
000036600,00010100,000759,20,011100,010866,1900
000038500,00010100,000799,21,011100,020100,1900
000040300,00010100,000841,21,011100,020100,1800
000042100,00010100,000872,20,011100,008515,1800
000043900,00010100,000912,20,011100,008515,1800
000045800,00010100,000949,20,011100,020125,1900
000047600,00010100,000991,20,011100,008515,1800
000049500,00010100,001023,20,011100,010866,1900
000051300,00010100,001062,20,011100,020125,1800
000053100,00010100,001093,21,011100,020100,1800
000055000,00010100,001129,20,011100,010866,1900
000056800,00010100,001165,20,011100,008515,1800
000058600,00010100,001196,20,011100,008515,1800
000060500,00010100,001230,21,011100,020100,1900
000062300,00010100,001268,20,011100,008515,1800
000064100,00010100,001301,20,011100,020125,1800
000066000,00010100,001338,20,011100,020125,1900
000067800,00010100,001378,20,011100,008515,1800
000069600,00010100,001409,20,011100,008515,1800
000071500,00010100,001445,21,011100,020100,1900
000073300,00010100,001481,20,011100,010866,1800
000075100,00010100,001517,20,011100,008515,1800
000077000,00010100,001556,20,011100,008515,1900
000078800,00010100,001591,20,011100,008515,1800
000080700,00010100,001629,21,011100,020100,1900
000082600,00010100,001665,20,011100,020125,1900
000084500,00010100,001701,21,011100,020100,1900
000086300,00010100,001735,20,011100,008515,1800
000088100,00010100,001769,20,011100,008515,1800
000090000,00010100,001803,21,011100,020100,1900
000091800,00010100,001838,20,011100,008515,1800
000093600,00010100,001878,20,011100,010866,1800
000095500,00010100,001913,20,011100,010866,1900
000097400,00010100,001952,20,011100,020125,1900
000099500,00010100,001995,21,011100,020100,2100
000000700,00010100,000016,20,011100,020125,700
000001800,00010100,000046,20,011100,010866,1100
000003700,00010100,000092,20,011100,020125,1900
000005100,00010100,000124,20,011100,010866,1400
000006700,00010100,000163,20,011100,010866,1600
000008400,00010100,000204,20,011100,008515,1700
000010100,00010100,000240,20,011100,008515,1700
000011900,00010100,000281,20,011100,020125,1800
000013700,00010100,000320,21,011100,020100,1800
000015600,00010100,000363,20,011100,008515,1900
000017400,00010100,000402,21,011100,020100,1800
000019200,00010100,000441,21,011100,020100,1800
000021100,00010100,000486,21,011100,020100,1900
000022900,00010100,000529,20,011100,008515,1800
000024700,00010100,000563,20,011100,010866,1800
000026600,00010100,000609,21,011100,020100,1900
000028400,00010100,000648,20,011100,008515,1800
000030200,00010100,000683,20,011100,010866,1800
000032100,00010100,000727,21,011100,020100,1900
000033900,00010100,000770,20,011100,020125,1800
000035700,00010100,000809,20,011100,010866,1800
000037600,00010100,000852,20,011100,010866,1900
000039400,00010100,000891,20,011100,020125,1800
000041300,00010100,000933,20,011100,020125,1900
000043100,00010100,000970,20,011100,008515,1800
000044900,00010100,001007,20,011100,020125,1800
000046800,00010100,001042,20,011100,020125,1900
000048600,00010100,001085,20,011100,010866,1800
000050400,00010100,001122,21,011100,020100,1800
000052200,00010100,001162,20,011100,010866,1800
000054100,00010100,001207,20,011100,020125,1900
000055900,00010100,001250,20,011100,008515,1800
000057800,00010100,001289,20,011100,010866,1900
000059600,00010100,001324,20,011100,008515,1800
000061400,00010100,001359,20,011100,010866,1800
000063300,00010100,001397,21,011100,020100,1900
000065100,00010100,001438,20,011100,008515,1800
000066900,00010100,001479,21,011100,020100,1800
000069000,00010100,001524,20,011100,020125,2100
000071400,00010100,001570,20,011100,020125,2400
000073600,00010100,001617,20,011100,010866,2200
000076200,00010100,001671,20,011100,020125,2600
000078700,00010100,001716,20,011100,010866,2500
000081600,00010100,001771,21,011100,020100,2900
000085800,00010100,001853,20,011100,020125,4200
000096300,00010100,002071,20,011100,020125,10500
000097400,00010100,002098,20,011100,020125,1100
000098700,00010100,002127,20,011100,020125,1300
000000300,00010100,000015,20,011100,008515,300
000001400,00010100,000045,21,011100,020100,1100
000002700,00010100,000079,21,011100,020100,1300
000004300,00010100,000121,20,011100,010866,1600
000006000,00010100,000161,20,011100,020125,1700
000007700,00010100,000204,20,011100,008515,1700
000009500,00010100,000246,20,011100,008515,1800
000011300,00010100,000290,20,011100,020125,1800
000013100,00010100,000335,20,011100,008515,1800
000014900,00010100,000379,20,011100,010866,1800
000016800,00010100,000420,20,011100,008515,1900
000018600,00010100,000463,20,011100,008515,1800
000020400,00010100,000501,20,011100,020125,1800
000022300,00010100,000547,21,011100,020100,1900
000024100,00010100,000584,20,011100,008515,1800
000025900,00010100,000629,21,011100,020100,1800
000027800,00010100,000673,20,011100,020125,1900
000029600,00010100,000713,20,011100,020125,1800
000031500,00010100,000754,20,011100,010866,1900
000033300,00010100,000797,20,011100,020125,1800
000035100,00010100,000831,20,011100,010866,1800
000037000,00010100,000871,20,011100,010866,1900
000038800,00010100,000909,20,011100,020125,1800
000040700,00010100,000948,20,011100,020125,1900
000042500,00010100,000988,20,011100,020125,1800
000044300,00010100,001029,21,011100,020100,1800
000046200,00010100,001067,20,011100,020125,1900
000048000,00010100,001109,20,011100,008515,1800
000049800,00010100,001151,20,011100,008515,1800
000051700,00010100,001191,21,011100,020100,1900
000053500,00010100,001229,21,011100,020100,1800
000055400,00010100,001265,21,011100,020100,1900
000057200,00010100,001299,20,011100,008515,1800
000059100,00010100,001336,20,011100,010866,1900
000061000,00010100,001378,20,011100,008515,1900
000062900,00010100,001418,20,011100,008515,1900
000064700,00010100,001451,20,011100,010866,1800
000066500,00010100,001493,20,011100,008515,1800
000068400,00010100,001535,20,011100,020125,1900
000070200,00010100,001568,20,011100,010866,1800
000072000,00010100,001608,20,011100,008515,1800
000073900,00010100,001647,20,011100,020125,1900
000075700,00010100,001681,20,011100,010866,1800
000077500,00010100,001723,20,011100,010866,1800
000079400,00010100,001758,20,011100,010866,1900
000081200,00010100,001795,20,011100,008515,1800
000085000,00010100,001875,20,011100,020125,3800
000093000,00010100,002048,20,011100,008515,8000
000096300,00010100,002118,20,011100,020125,3300
000098700,00010100,002168,20,011100,008515,2400
000000900,00010100,000033,21,011100,020100,900
000002000,00010100,000072,21,011100,020100,1100
000003300,00010100,000113,20,011100,020125,1300
000004900,00010100,000159,20,011100,008515,1600
000006600,00010100,000200,20,011100,008515,1700
000008400,00010100,000247,20,011100,010866,1800
000010200,00010100,000294,20,011100,010866,1800
000012000,00010100,000338,21,011100,020100,1800
000013800,00010100,000384,20,011100,008515,1800
000015600,00010100,000427,20,011100,020125,1800
000017400,00010100,000469,20,011100,020125,1800
000019300,00010100,000516,20,011100,008515,1900
000021100,00010100,000557,21,011100,020100,1800
000023000,00010100,000600,20,011100,010866,1900
000024800,00010100,000645,20,011100,008515,1800
000026600,00010100,000684,21,011100,020100,1800
000028500,00010100,000731,20,011100,008515,1900
000030300,00010100,000774,20,011100,010866,1800
000032200,00010100,000817,20,011100,020125,1900
000034000,00010100,000860,20,011100,010866,1800
000035800,00010100,000900,20,011100,010866,1800
000037700,00010100,000940,20,011100,008515,1900
000039500,00010100,000982,20,011100,010866,1800
000041300,00010100,001022,20,011100,010866,1800
000043200,00010100,001061,20,011100,010866,1900
000045100,00010100,001103,21,011100,020100,1900
000046900,00010100,001143,21,011100,020100,1800
000048700,00010100,001184,20,011100,010866,1800
000050500,00010100,001220,20,011100,008515,1800
000052400,00010100,001263,20,011100,010866,1900
000054200,00010100,001301,20,011100,020125,1800
000056000,00010100,001333,21,011100,020100,1800
000057900,00010100,001370,20,011100,008515,1900
000059700,00010100,001409,20,011100,008515,1800
000061600,00010100,001450,21,011100,020100,1900
000063400,00010100,001492,20,011100,008515,1800
000065200,00010100,001536,20,011100,020125,1800
000067100,00010100,001573,21,011100,020100,1900
000068900,00010100,001617,21,011100,020100,1800
000070700,00010100,001660,20,011100,010866,1800
000072600,00010100,001699,20,011100,008515,1900
000074400,00010100,001744,20,011100,020125,1800
000076300,00010100,001789,20,011100,008515,1900
000078100,00010100,001824,20,011100,010866,1800
000079900,00010100,001867,20,011100,020125,1800
000081700,00010100,001910,20,011100,008515,1800
000083600,00010100,001952,20,011100,008515,1900
000085400,00010100,001987,20,011100,020125,1800
000087300,00010100,002033,21,011100,020100,1900
000089100,00010100,002068,20,011100,008515,1800
000090900,00010100,002100,21,011100,020100,1800
000092800,00010100,002140,20,011100,010866,1900
000094600,00010100,002176,20,011100,008515,1800
000096400,00010100,002216,20,011100,010866,1800
000098300,00010100,002254,21,011100,020100,1900
000000100,00010100,000000,20,011100,020125,100
000001200,00010100,000041,20,011100,008515,1100
000002500,00010100,000081,20,011100,020125,1300
000004100,00010100,000126,20,011100,020125,1600
000005900,00010100,000174,21,011100,020100,1800
000007700,00010100,000220,21,011100,020100,1800
000009600,00010100,000268,21,011100,020100,1900
000011400,00010100,000316,20,011100,008515,1800
000013200,00010100,000361,20,011100,008515,1800
000015100,00010100,000405,20,011100,010866,1900
000016900,00010100,000450,20,011100,020125,1800
000018700,00010100,000493,20,011100,008515,1800
000020600,00010100,000537,20,011100,008515,1900
000022400,00010100,000581,21,011100,020100,1800
000024300,00010100,000627,20,011100,008515,1900
000026100,00010100,000669,21,011100,020100,1800
000028000,00010100,000715,20,011100,020125,1900
000029800,00010100,000756,20,011100,020125,1800
000031600,00010100,000795,21,011100,020100,1800
000033500,00010100,000844,21,011100,020100,1900
000035300,00010100,000883,20,011100,008515,1800
000037100,00010100,000924,20,011100,020125,1800
000039000,00010100,000973,20,011100,008515,1900
000040800,00010100,001013,20,011100,010866,1800
000042600,00010100,001056,20,011100,010866,1800
000044500,00010100,001098,20,011100,010866,1900
000046300,00010100,001137,20,011100,008515,1800
000048200,00010100,001180,20,011100,020125,1900
000050000,00010100,001221,20,011100,010866,1800
000051800,00010100,001263,20,011100,008515,1800
000053700,00010100,001306,20,011100,020125,1900
000055500,00010100,001350,20,011100,010866,1800
000057400,00010100,001398,20,011100,008515,1900
000059200,00010100,001441,20,011100,020125,1800
000061100,00010100,001489,21,011100,020100,1900
000062900,00010100,001532,21,011100,020100,1800
000064700,00010100,001571,21,011100,020100,1800
000066600,00010100,001613,20,011100,010866,1900
000068400,00010100,001653,20,011100,008515,1800
000070300,00010100,001697,20,011100,010866,1900
000072100,00010100,001738,20,011100,020125,1800
000073900,00010100,001777,20,011100,008515,1800
000075800,00010100,001819,21,011100,020100,1900
000077600,00010100,001857,21,011100,020100,1800
000079400,00010100,001901,20,011100,020125,1800
000081300,00010100,001942,20,011100,010866,1900
000083100,00010100,001985,20,011100,008515,1800
000085000,00010100,002031,20,011100,008515,1900
000086800,00010100,002067,21,011100,020100,1800
000088600,00010100,002107,20,011100,010866,1800
000090500,00010100,002154,20,011100,010866,1900
000092500,00010100,002202,20,011100,008515,2000
000095600,00010100,002270,21,011100,020100,3100
000098300,00010100,002335,20,011100,020125,2700
000000400,00010100,000028,20,011100,008515,400
000001500,00010100,000063,21,011100,020100,1100
000002800,00010100,000105,21,011100,020100,1300
000004400,00010100,000147,20,011100,008515,1600
000006200,00010100,000197,20,011100,020125,1800
000008000,00010100,000243,20,011100,020125,1800
000009800,00010100,000291,20,011100,010866,1800
000011600,00010100,000337,20,011100,010866,1800
000013500,00010100,000384,21,011100,020100,1900
000015300,00010100,000427,20,011100,008515,1800
000017200,00010100,000475,20,011100,020125,1900
000019000,00010100,000519,20,011100,020125,1800
000020800,00010100,000559,20,011100,010866,1800
000022600,00010100,000600,20,011100,020125,1800
000024500,00010100,000642,21,011100,020100,1900
000026300,00010100,000682,21,011100,020100,1800
000028100,00010100,000722,20,011100,010866,1800
000030000,00010100,000765,20,011100,008515,1900
000031800,00010100,000805,21,011100,020100,1800
000033600,00010100,000847,20,011100,010866,1800
000035500,00010100,000890,20,011100,010866,1900
000037300,00010100,000930,20,011100,008515,1800
000039100,00010100,000970,20,011100,020125,1800
000041000,00010100,001015,20,011100,008515,1900
000042800,00010100,001055,20,011100,008515,1800
000044600,00010100,001096,20,011100,008515,1800
000046400,00010100,001140,20,011100,010866,1800
000048300,00010100,001183,21,011100,020100,1900
000050200,00010100,001233,20,011100,008515,1900
000052000,00010100,001271,20,011100,010866,1800
000053800,00010100,001312,21,011100,020100,1800
000055600,00010100,001357,20,011100,020125,1800
000057500,00010100,001398,20,011100,010866,1900
000059300,00010100,001435,20,011100,008515,1800
000061200,00010100,001484,20,011100,010866,1900
000063000,00010100,001527,20,011100,008515,1800
000064800,00010100,001563,20,011100,010866,1800
000066700,00010100,001606,20,011100,020125,1900
000068500,00010100,001649,20,011100,010866,1800
000070400,00010100,001689,20,011100,008515,1900
000072200,00010100,001733,20,011100,020125,1800
000074100,00010100,001778,20,011100,010866,1900
000076200,00010100,001824,20,011100,010866,2100
000078200,00010100,001866,20,011100,020125,2000
000080200,00010100,001909,20,011100,020125,2000
000083300,00010100,001974,20,011100,020125,3100
000086900,00010100,002055,20,011100,010866,3600
000089800,00010100,002124,20,011100,010866,2900
000098600,00010100,002320,20,011100,008515,8800
000003600,00010100,000036,20,011100,010866,3600
000009200,00010100,000083,20,011100,010866,5600
000018400,00010100,000178,20,011100,010866,9200
000041600,00010100,000383,20,011100,008515,23200
000043400,00010100,000397,20,011100,008515,1800
000049800,00010100,000459,20,011100,020125,6400
000052000,00010100,000479,20,011100,020125,2200
000053600,00010100,000492,21,011100,020100,1600
000054900,00010100,000502,21,011100,020100,1300
000075200,00010100,000686,20,011100,010866,20300
000077200,00010100,000708,20,011100,008515,2000
000081100,00010100,000742,20,011100,008515,3900
000083300,00010100,000762,20,011100,008515,2200
000084500,00010100,000776,20,011100,008515,1200
000097000,00010100,000896,20,011100,008515,12500
000001300,00010100,000025,21,011100,020100,1300
000009600,00010100,000161,20,011100,020125,8300
000011900,00010100,000199,20,011100,008515,2300
000015300,00010100,000248,20,011100,010866,3400
000023900,00010100,000388,20,011100,008515,8600
000025400,00010100,000416,20,011100,010866,1500
000027700,00010100,000456,20,011100,020125,2300
000035100,00010100,000570,20,011100,010866,7400
000036400,00010100,000591,20,011100,008515,1300
000037900,00010100,000612,20,011100,020125,1500
000039600,00010100,000645,20,011100,008515,1700
000041300,00010100,000675,20,011100,008515,1700
000044800,00010100,000728,21,011100,020100,3500
000046500,00010100,000755,20,011100,008515,1700
000048100,00010100,000779,20,011100,020125,1600
000050400,00010100,000831,20,011100,010866,2300
000052100,00010100,000863,21,011100,020100,1700
000054200,00010100,000903,20,011100,010866,2100
000055900,00010100,000935,20,011100,010866,1700
000057600,00010100,000963,21,011100,020100,1700
000059400,00010100,000994,21,011100,020100,1800
000061200,00010100,001029,20,011100,008515,1800
000063000,00010100,001064,21,011100,020100,1800
000064800,00010100,001098,20,011100,010866,1800
000066600,00010100,001131,20,011100,020125,1800
000068400,00010100,001158,20,011100,010866,1800
000070300,00010100,001190,21,011100,020100,1900
000072100,00010100,001224,20,011100,020125,1800
000073900,00010100,001254,21,011100,020100,1800
000075800,00010100,001289,20,011100,020125,1900
000077600,00010100,001319,21,011100,020100,1800
000079400,00010100,001345,20,011100,010866,1800
000081300,00010100,001376,20,011100,008515,1900
000083100,00010100,001404,20,011100,020125,1800
000084900,00010100,001434,20,011100,020125,1800
000086800,00010100,001463,20,011100,010866,1900
000088700,00010100,001491,20,011100,020125,1900
000090500,00010100,001523,21,011100,020100,1800
000092300,00010100,001552,20,011100,010866,1800
000094100,00010100,001580,21,011100,020100,1800
000096000,00010100,001610,20,011100,010866,1900
000097800,00010100,001639,20,011100,010866,1800
000099600,00010100,001667,20,011100,020125,1800
000002400,00010100,000053,21,011100,020100,2400
000003500,00010100,000082,20,011100,008515,1100
000004800,00010100,000109,21,011100,020100,1300
000006400,00010100,000143,20,011100,020125,1600
000008100,00010100,000182,20,011100,010866,1700
000009900,00010100,000224,21,011100,020100,1800
000011700,00010100,000263,20,011100,008515,1800
000013500,00010100,000302,20,011100,008515,1800
000015300,00010100,000339,20,011100,008515,1800
000017100,00010100,000375,21,011100,020100,1800
000018900,00010100,000412,20,011100,008515,1800
000020700,00010100,000449,20,011100,008515,1800
000022500,00010100,000486,20,011100,010866,1800
000024400,00010100,000533,21,011100,020100,1900
000026200,00010100,000572,20,011100,008515,1800
000028000,00010100,000607,20,011100,008515,1800
000029900,00010100,000647,21,011100,020100,1900
000031700,00010100,000687,21,011100,020100,1800
000033600,00010100,000724,20,011100,008515,1900
000035400,00010100,000758,20,011100,008515,1800
000037200,00010100,000797,20,011100,020125,1800
000039100,00010100,000834,20,011100,010866,1900
000040900,00010100,000872,21,011100,020100,1800
000042800,00010100,000911,21,011100,020100,1900
000044600,00010100,000944,21,011100,020100,1800
000046500,00010100,000987,20,011100,008515,1900
000048400,00010100,001021,21,011100,020100,1900
000050200,00010100,001057,20,011100,008515,1800
000052100,00010100,001097,20,011100,020125,1900
000054000,00010100,001135,20,011100,010866,1900
000055800,00010100,001169,20,011100,008515,1800
000057600,00010100,001200,20,011100,020125,1800
000059500,00010100,001231,21,011100,020100,1900
000061500,00010100,001272,20,011100,008515,2000
000063400,00010100,001310,20,011100,010866,1900
000065300,00010100,001346,20,011100,020125,1900
000067100,00010100,001381,20,011100,020125,1800
000068900,00010100,001417,20,011100,010866,1800
000070800,00010100,001453,21,011100,020100,1900
000072600,00010100,001492,20,011100,010866,1800
000074400,00010100,001528,20,011100,010866,1800
000076300,00010100,001572,21,011100,020100,1900
000078600,00010100,001615,20,011100,010866,2300
000081000,00010100,001664,20,011100,020125,2400
000083200,00010100,001708,20,011100,010866,2200
000085700,00010100,001754,20,011100,010866,2500
000089100,00010100,001817,20,011100,020125,3400
000097500,00010100,001989,20,011100,008515,8400
000015300,00010100,000147,20,011100,010866,15300
000019500,00010100,000187,21,011100,020100,4200
000028800,00010100,000263,20,011100,010866,9300
000032500,00010100,000302,20,011100,010866,3700
000039600,00010100,000369,20,011100,010866,7100
000041600,00010100,000388,20,011100,010866,2000
000045400,00010100,000427,20,011100,020125,3800
000048600,00010100,000460,20,011100,008515,3200
000049800,00010100,000469,20,011100,020125,1200
000052900,00010100,000497,20,011100,010866,3100
000057600,00010100,000536,20,011100,020125,4700
000069100,00010100,000650,20,011100,020125,11500
000081600,00010100,000777,20,011100,008515,12500
000087300,00010100,000830,20,011100,010866,5700
000094400,00010100,000894,20,011100,020125,7100
000001000,00010100,000014,21,011100,020100,1000
000002100,00010100,000030,21,011100,020100,1100
000003400,00010100,000052,20,011100,010866,1300
000005000,00010100,000084,20,011100,010866,1600
000006800,00010100,000105,20,011100,010866,1800
000011500,00010100,000171,20,011100,020125,4700
000013500,00010100,000211,21,011100,020100,2000
000015000,00010100,000234,20,011100,020125,1500
000020700,00010100,000328,20,011100,008515,5700
000022100,00010100,000347,21,011100,020100,1400
000023600,00010100,000372,21,011100,020100,1500
000025300,00010100,000403,20,011100,008515,1700
000027100,00010100,000437,21,011100,020100,1800
000029000,00010100,000467,20,011100,020125,1900
000030800,00010100,000502,20,011100,010866,1800
000033700,00010100,000549,21,011100,020100,2900
000036500,00010100,000605,20,011100,008515,2800
000040400,00010100,000666,20,011100,020125,3900
000046900,00010100,000764,20,011100,010866,6500
000054000,00010100,000876,21,011100,020100,7100
000055400,00010100,000905,20,011100,008515,1400
000056900,00010100,000933,21,011100,020100,1500
000064000,00010100,001058,21,011100,020100,7100
000067300,00010100,001113,20,011100,010866,3300
000068900,00010100,001139,20,011100,020125,1600
000070300,00010100,001160,20,011100,008515,1400
000071800,00010100,001183,20,011100,020125,1500
000073600,00010100,001217,21,011100,020100,1800
000075400,00010100,001245,20,011100,020125,1800
000077200,00010100,001275,20,011100,010866,1800
000079000,00010100,001308,20,011100,020125,1800
000080800,00010100,001341,21,011100,020100,1800
000082600,00010100,001370,21,011100,020100,1800
000084400,00010100,001400,20,011100,008515,1800
000086200,00010100,001433,20,011100,010866,1800
000088000,00010100,001460,20,011100,008515,1800
000098700,00010100,001639,20,011100,020125,10700
000001400,00010100,000030,20,011100,008515,1400
000004100,00010100,000082,21,011100,020100,2700
000005600,00010100,000110,21,011100,020100,1500
000006800,00010100,000137,20,011100,008515,1200
000009300,00010100,000191,20,011100,020125,2500
000010800,00010100,000228,20,011100,010866,1500
000014200,00010100,000298,20,011100,008515,3400
000015800,00010100,000332,21,011100,020100,1600
000017400,00010100,000366,20,011100,020125,1600
000019100,00010100,000396,20,011100,008515,1700
000020900,00010100,000434,21,011100,020100,1800
000022700,00010100,000476,20,011100,010866,1800
000024500,00010100,000514,20,011100,020125,1800
000026300,00010100,000549,20,011100,020125,1800
000028100,00010100,000589,20,011100,020125,1800
000029900,00010100,000624,20,011100,008515,1800
000031700,00010100,000661,20,011100,008515,1800
000033600,00010100,000697,20,011100,008515,1900
000035400,00010100,000735,20,011100,008515,1800
000037200,00010100,000767,20,011100,008515,1800
000039100,00010100,000803,21,011100,020100,1900
000040900,00010100,000838,20,011100,010866,1800
000042800,00010100,000879,21,011100,020100,1900
000044600,00010100,000915,20,011100,008515,1800
000046400,00010100,000952,20,011100,020125,1800
000048300,00010100,000994,20,011100,020125,1900
000050100,00010100,001029,20,011100,010866,1800
000052000,00010100,001069,21,011100,020100,1900
000053800,00010100,001110,20,011100,020125,1800
000055600,00010100,001147,21,011100,020100,1800
000057500,00010100,001186,20,011100,008515,1900
000059300,00010100,001224,21,011100,020100,1800
000061100,00010100,001265,21,011100,020100,1800
000063000,00010100,001304,20,011100,008515,1900
000064800,00010100,001343,20,011100,008515,1800
000066600,00010100,001377,20,011100,020125,1800
000068500,00010100,001420,20,011100,010866,1900
000070300,00010100,001452,20,011100,020125,1800
000072100,00010100,001489,20,011100,010866,1800
000074000,00010100,001524,20,011100,020125,1900
000075800,00010100,001557,20,011100,008515,1800
000077600,00010100,001592,20,011100,008515,1800
000079500,00010100,001628,21,011100,020100,1900
000081300,00010100,001665,20,011100,020125,1800
000083100,00010100,001701,21,011100,020100,1800
000085000,00010100,001740,20,011100,008515,1900
000086800,00010100,001775,20,011100,010866,1800
000088600,00010100,001809,20,011100,020125,1800
000090500,00010100,001844,20,011100,008515,1900
000092300,00010100,001882,20,011100,010866,1800
000094200,00010100,001921,21,011100,020100,1900
000001300,00010100,000008,20,011100,008515,1300
000002400,00010100,000019,20,011100,010866,1100
000010500,00010100,000100,21,011100,020100,8100
000012900,00010100,000125,20,011100,010866,2400
000025700,00010100,000241,20,011100,020125,12800
000034900,00010100,000331,20,011100,010866,9200
000062100,00010100,000557,21,011100,020100,27200
000077600,00010100,000679,20,011100,020125,15500
000086700,00010100,000770,20,011100,008515,9100
000091900,00010100,000805,20,011100,020125,5200
000103000,00010100,000908,21,011100,020100,11100
000104100,00010100,000923,20,011100,020125,1100
000105400,00010100,000940,20,011100,008515,1300
000109700,00010100,000972,21,011100,020100,4300
000111200,00010100,000986,20,011100,010866,1500
000113700,00010100,001006,20,011100,010866,2500
000116900,00010100,001038,20,011100,020125,3200
000118900,00010100,001062,21,011100,020100,2000
000120300,00010100,001079,20,011100,020125,1400
000124300,00010100,001122,20,011100,020125,4000
000128900,00010100,001161,20,011100,020125,4600
000130200,00010100,001178,21,011100,020100,1300
000136100,00010100,001224,21,011100,020100,5900
000001300,00010100,000007,20,011100,010866,1300
000015400,00010100,000095,20,011100,008515,14100
000019500,00010100,000119,20,011100,010866,4100
000020700,00010100,000123,20,011100,010866,1200
000023200,00010100,000135,21,011100,020100,2500
000024700,00010100,000143,21,011100,020100,1500
000026300,00010100,000157,20,011100,020125,1600
000034700,00010100,000202,20,011100,008515,8400
000042600,00010100,000252,20,011100,020125,7900
000050600,00010100,000297,20,011100,010866,8000
000052500,00010100,000311,20,011100,008515,1900
000063900,00010100,000396,20,011100,020125,11400
000066900,00010100,000416,20,011100,010866,3000
000076600,00010100,000491,20,011100,008515,9700
000079900,00010100,000519,20,011100,020125,3300
000081800,00010100,000536,20,011100,010866,1900
000083600,00010100,000545,20,011100,020125,1800
000099100,00010100,000653,20,011100,010866,15500
000100800,00010100,000665,20,011100,010866,1700
000103400,00010100,000680,21,011100,020100,2600
000105600,00010100,000695,20,011100,008515,2200
000106800,00010100,000703,20,011100,008515,1200
000112300,00010100,000750,21,011100,020100,5500
000116400,00010100,000784,20,011100,020125,4100
000127200,00010100,000849,20,011100,008515,10800
000130500,00010100,000865,20,011100,010866,3300
000132800,00010100,000885,20,011100,010866,2300
000135300,00010100,000899,20,011100,010866,2500
000141700,00010100,000944,21,011100,020100,6400
000144700,00010100,000963,21,011100,020100,3000
000146700,00010100,000977,21,011100,020100,2000
000149200,00010100,000996,20,011100,020125,2500
000150400,00010100,001007,20,011100,010866,1200
000153600,00010100,001031,20,011100,008515,3200
000170600,00010100,001147,20,011100,008515,17000
000176400,00010100,001190,20,011100,020125,5800
000181000,00010100,001221,20,011100,008515,4600
000182100,00010100,001231,21,011100,020100,1100
000188800,00010100,001277,20,011100,020125,6700
000191200,00010100,001304,20,011100,010866,2400
000192500,00010100,001310,20,011100,020125,1300
000213300,00010100,001447,20,011100,010866,20800
000221300,00010100,001511,20,011100,020125,8000
000230500,00010100,001578,20,011100,020125,9200
000233900,00010100,001612,20,011100,020125,3400
000240700,00010100,001657,20,011100,020125,6800
000242100,00010100,001667,21,011100,020100,1400
000249200,00010100,001722,20,011100,010866,7100
000251900,00010100,001747,21,011100,020100,2700
000258200,00010100,001793,20,011100,008515,6300
000259500,00010100,001801,21,011100,020100,1300
000266100,00010100,001844,20,011100,010866,6600
000278100,00010100,001936,20,011100,020125,12000
000290700,00010100,002020,20,011100,008515,12600
000291800,00010100,002025,20,011100,020125,1100
000294600,00010100,002052,20,011100,008515,2800
000296200,00010100,002059,20,011100,010866,1600
000022000,00010100,000108,21,011100,020100,22000
000032200,00010100,000155,20,011100,020125,10200
000066800,00010100,000309,20,011100,008515,34600
000012800,00010100,000047,20,011100,010866,12800
000023200,00010100,000094,20,011100,008515,10400
000031900,00010100,000140,21,011100,020100,8700
000136900,00010100,000583,20,011100,010866,105000
000011500,00010100,000050,21,011100,020100,11500
000032400,00010100,000134,20,011100,008515,20900
000043800,00010100,000193,20,011100,008515,11400
000064500,00010100,000284,20,011100,008515,20700
000066400,00010100,000294,21,011100,020100,1900
000029200,00010100,000131,20,011100,010866,29200
000048800,00010100,000221,21,011100,020100,19600
000086900,00010100,000369,20,011100,008515,38100
000093100,00010100,000395,20,011100,020125,6200
000100700,00010100,000433,21,011100,020100,7600
000105500,00010100,000449,21,011100,020100,4800
000113000,00010100,000478,20,011100,010866,7500
000131100,00010100,000556,20,011100,010866,18100
000135400,00010100,000567,20,011100,010866,4300
000155000,00010100,000640,20,011100,008515,19600
000229900,00010100,000920,20,011100,020125,74900
000259400,00010100,001017,20,011100,020125,29500
000323800,00010100,001263,21,011100,020100,64400
000327500,00010100,001276,20,011100,008515,3700
000361100,00010100,001395,20,011100,010866,33600
000364000,00010100,001404,20,011100,008515,2900
000372500,00010100,001443,20,011100,010866,8500
000423500,00010100,001623,20,011100,008515,51000
000477100,00010100,001821,20,011100,008515,53600
000533100,00010100,002067,20,011100,008515,56000
000535100,00010100,002074,20,011100,010866,2000
000555300,00010100,002177,20,011100,008515,20200
000587000,00010100,002303,21,011100,020100,31700
000610200,00010100,002405,21,011100,020100,23200
000632500,00010100,002493,20,011100,010866,22300
000668600,00010100,002635,20,011100,010866,36100
000676000,00010100,002667,20,011100,010866,7400
000677900,00010100,002677,21,011100,020100,1900
000685000,00010100,002701,20,011100,010866,7100
000689600,00010100,002722,20,011100,020125,4600
000093600,00010100,000395,20,011100,010866,93600
000001300,00010100,000006,21,011100,020100,1300
000010100,00010100,000040,20,011100,008515,10100
000017100,00010100,000071,20,011100,008515,17100
000018200,00010100,000076,20,011100,010866,1100
000004100,00010100,000024,21,011100,020100,4100
000007000,00010100,000033,20,011100,010866,2900
000003700,00010100,000019,21,011100,020100,3700
000005900,00010100,000019,20,011100,008515,5900
000011800,00010100,000049,21,011100,020100,11800
000007600,00010100,000022,21,011100,020100,7600
000013400,00010100,000041,21,011100,020100,5800
000026100,00010100,000089,21,011100,020100,12700
000027200,00010100,000093,21,011100,020100,1100
