000000100,01009001,000000,20,020031,011114,100
000000100,01009001,000000,20,020031,008574,100
000003100,01009001,000059,20,020031,011100,3000
000007600,01009001,000146,20,020031,008574,4500
000011300,01009001,000208,20,020031,008515,3700
000012100,01009001,000226,20,020031,011100,800
000012700,01009001,000238,20,020031,008515,600
000013300,01009001,000256,20,020031,008515,600
000013900,01009001,000264,20,020031,011114,600
000015000,01009001,000284,20,020031,008574,1100
000016200,01009001,000301,20,020031,011114,1200
000018700,01009001,000349,20,020031,008574,2500
000019900,01009001,000373,20,020031,008574,1200
000020500,01009001,000388,20,020031,008574,600
000023200,01009001,000432,20,020031,011100,2700
000025300,01009001,000473,20,020031,008515,2100
000026100,01009001,000493,20,020031,011114,800
000027000,01009001,000510,20,020031,008515,900
000028200,01009001,000536,20,020031,011114,1200
000029300,01009001,000559,20,020031,011114,1100
000029900,01009001,000571,20,020031,011100,600
000030900,01009001,000589,20,020031,008515,1000
000031500,01009001,000603,20,020031,011100,600
000038100,01009001,000719,20,020031,008515,6600
000038700,01009001,000738,20,020031,011100,600
000041100,01009001,000781,20,020031,011100,2400
000041800,01009001,000794,20,020031,008574,700
000045000,01009001,000852,20,020031,011100,3200
000000100,01009001,000000,20,020031,011100,100
000000100,01009001,000000,20,020031,008574,100
000001300,01009001,000031,20,020031,011114,1200
000000700,01009001,000011,20,020031,011100,700
000001300,01009001,000020,20,020031,008574,600
000003400,01009001,000066,20,020031,008515,2100
000004000,01009001,000074,20,020031,011100,600
000005600,01009001,000103,20,020031,008515,1600
000010500,01009001,000210,20,020031,008515,4900
000013500,01009001,000267,20,020031,008515,3000
000014500,01009001,000285,20,020031,011114,1000
000017400,01009001,000347,20,020031,011100,2900
000018400,01009001,000362,20,020031,011114,1000
000023000,01009001,000451,20,020031,011114,4600
000024300,01009001,000475,20,020031,008574,1300
000025800,01009001,000503,20,020031,008574,1500
000029900,01009001,000585,20,020031,008515,4100
000036800,01009001,000709,20,020031,008515,6900
000037400,01009001,000723,20,020031,011114,600
000038900,01009001,000755,20,020031,008515,1500
000003400,01009001,000034,20,020031,011114,3400
000004000,01009001,000042,20,020031,011114,600
000006200,01009001,000063,20,020031,008574,2200
000006800,01009001,000071,20,020031,011100,600
000017800,01009001,000171,20,020031,011114,11000
000020300,01009001,000202,20,020031,008515,2500
000020900,01009001,000207,20,020031,011100,600
000027700,01009001,000262,20,020031,011100,6800
000034200,01009001,000332,20,020031,011114,6500
000034800,01009001,000337,20,020031,011100,600
000038900,01009001,000377,20,020031,011114,4100
000039500,01009001,000386,20,020031,011100,600
000040800,01009001,000397,20,020031,011114,1300
000045600,01009001,000439,20,020031,008515,4800
000069800,01009001,000673,20,020031,011114,24200
000074700,01009001,000723,20,020031,008515,4900
000075800,01009001,000731,20,020031,008515,1100
000076700,01009001,000739,20,020031,008574,900
000004500,01009001,000035,20,020031,008515,4500
000012400,01009001,000094,20,020031,011100,7900
000019500,01009001,000151,20,020031,008574,7100
000027600,01009001,000232,20,020031,011114,8100
000032400,01009001,000281,20,020031,011114,4800
000039400,01009001,000337,20,020031,011114,7000
000042800,01009001,000368,20,020031,011100,3400
000043400,01009001,000379,20,020031,008574,600
000061200,01009001,000530,20,020031,011100,17800
000061800,01009001,000543,20,020031,011100,600
000068500,01009001,000609,20,020031,011100,6700
000069900,01009001,000617,20,020031,008574,1400
000071300,01009001,000630,20,020031,011114,1400
000071900,01009001,000635,20,020031,008574,600
000073800,01009001,000649,20,020031,011114,1900
000074400,01009001,000655,20,020031,011100,600
000075000,01009001,000660,20,020031,011100,600
000076100,01009001,000671,20,020031,008574,1100
000078500,01009001,000695,20,020031,011100,2400
000082200,01009001,000716,20,020031,011100,3700
000090300,01009001,000796,20,020031,008574,8100
000092600,01009001,000812,20,020031,008515,2300
000094900,01009001,000835,20,020031,008574,2300
000097600,01009001,000850,20,020031,011100,2700
000099800,01009001,000873,20,020031,008515,2200
000002900,01009001,000049,20,020031,008574,2900
000005400,01009001,000100,20,020031,011100,2500
000006000,01009001,000111,20,020031,011100,600
000011100,01009001,000186,20,020031,008515,5100
000013400,01009001,000217,20,020031,011100,2300
000015100,01009001,000246,20,020031,008574,1700
000016100,01009001,000263,20,020031,011100,1000
000017600,01009001,000285,20,020031,011100,1500
000018900,01009001,000305,20,020031,008515,1300
000021400,01009001,000348,20,020031,011114,2500
000022000,01009001,000358,20,020031,008515,600
000026200,01009001,000439,20,020031,011114,4200
000026800,01009001,000448,20,020031,011100,600
000029900,01009001,000502,20,020031,008515,3100
000033100,01009001,000555,20,020031,008515,3200
000034100,01009001,000565,20,020031,011100,1000
000034700,01009001,000580,20,020031,011100,600
000037700,01009001,000634,20,020031,008515,3000
000039000,01009001,000654,20,020031,008574,1300
000042800,01009001,000717,20,020031,008574,3800
000043500,01009001,000729,20,020031,008574,700
000045700,01009001,000771,20,020031,008574,2200
000046300,01009001,000781,20,020031,008574,600
000049100,01009001,000838,20,020031,008574,2800
000050600,01009001,000867,20,020031,011100,1500
000051200,01009001,000874,20,020031,011114,600
000051800,01009001,000885,20,020031,011100,600
000053100,01009001,000907,20,020031,008515,1300
000053700,01009001,000920,20,020031,011100,600
000054300,01009001,000932,20,020031,011114,600
000054900,01009001,000941,20,020031,011114,600
000055500,01009001,000950,20,020031,011100,600
000056100,01009001,000964,20,020031,008574,600
000057800,01009001,001000,20,020031,008515,1700
000061500,01009001,001065,20,020031,011114,3700
000069100,01009001,001195,20,020031,008515,7600
000070500,01009001,001219,20,020031,008515,1400
000081000,01009001,001389,20,020031,011100,10500
000081600,01009001,001404,20,020031,008574,600
000082200,01009001,001410,20,020031,008574,600
000082800,01009001,001416,20,020031,008515,600
000084000,01009001,001441,20,020031,011100,1200
000089800,01009001,001524,20,020031,008574,5800
000090400,01009001,001538,20,020031,008574,600
000091000,01009001,001549,20,020031,008574,600
000091800,01009001,001559,20,020031,011100,800
000094000,01009001,001599,20,020031,008515,2200
000098900,01009001,001679,20,020031,008515,4900
000000700,01009001,000017,20,020031,008515,700
000001900,01009001,000042,20,020031,011114,1200
000002500,01009001,000054,20,020031,008574,600
000003100,01009001,000071,20,020031,011114,600
000003700,01009001,000083,20,020031,008515,600
000004500,01009001,000103,20,020031,008515,800
000005300,01009001,000120,20,020031,011100,800
000007800,01009001,000176,20,020031,011100,2500
000008400,01009001,000190,20,020031,011114,600
000010000,01009001,000215,20,020031,011100,1600
000012400,01009001,000269,20,020031,008574,2400
000014300,01009001,000308,20,020031,008574,1900
000016700,01009001,000359,20,020031,008574,2400
000017700,01009001,000379,20,020031,008574,1000
000019200,01009001,000411,20,020031,008574,1500
000019800,01009001,000427,20,020031,008515,600
000020400,01009001,000437,20,020031,011100,600
000021000,01009001,000446,20,020031,008515,600
000026200,01009001,000551,20,020031,011114,5200
000026800,01009001,000564,20,020031,011100,600
000027400,01009001,000577,20,020031,011100,600
000031000,01009001,000646,20,020031,011100,3600
000034300,01009001,000714,20,020031,011100,3300
000035200,01009001,000731,20,020031,011114,900
000036200,01009001,000751,20,020031,008574,1000
000037700,01009001,000780,20,020031,008574,1500
000038400,01009001,000797,20,020031,011100,700
000040100,01009001,000831,20,020031,011114,1700
000041500,01009001,000864,20,020031,008515,1400
000043800,01009001,000911,20,020031,008515,2300
000045100,01009001,000938,20,020031,011100,1300
000045700,01009001,000947,20,020031,008574,600
000046300,01009001,000964,20,020031,011114,600
000046900,01009001,000975,20,020031,008515,600
000047500,01009001,000989,20,020031,008515,600
000048100,01009001,001002,20,020031,008515,600
000049700,01009001,001030,20,020031,008574,1600
000050300,01009001,001040,20,020031,008574,600
000051600,01009001,001067,20,020031,008574,1300
000057900,01009001,001182,20,020031,011114,6300
000060300,01009001,001225,20,020031,011114,2400
000060900,01009001,001240,20,020031,011100,600
000061500,01009001,001249,20,020031,011100,600
000064100,01009001,001302,20,020031,011114,2600
000068900,01009001,001396,20,020031,008515,4800
000071200,01009001,001440,20,020031,008574,2300
000072800,01009001,001469,20,020031,008574,1600
000073400,01009001,001483,20,020031,008515,600
000074100,01009001,001495,20,020031,008515,700
000075600,01009001,001529,20,020031,008574,1500
000076200,01009001,001540,20,020031,011100,600
000076800,01009001,001552,20,020031,011114,600
000077400,01009001,001565,20,020031,008574,600
000081000,01009001,001637,20,020031,008574,3600
000083100,01009001,001676,20,020031,011114,2100
000086900,01009001,001748,20,020031,011114,3800
000087700,01009001,001763,20,020031,008574,800
000088300,01009001,001773,20,020031,011114,600
000089200,01009001,001791,20,020031,008515,900
000089800,01009001,001800,20,020031,008515,600
000094000,01009001,001884,20,020031,011100,4200
000095300,01009001,001908,20,020031,011100,1300
000096700,01009001,001942,20,020031,008515,1400
000097300,01009001,001950,20,020031,008574,600
000097900,01009001,001964,20,020031,011114,600
000098500,01009001,001976,20,020031,011114,600
000099100,01009001,001985,20,020031,008574,600
000001000,01009001,000026,20,020031,011114,1000
000001600,01009001,000042,20,020031,008515,600
000002200,01009001,000057,20,020031,008515,600
000002800,01009001,000066,20,020031,008574,600
000006000,01009001,000139,20,020031,011114,3200
000006600,01009001,000158,20,020031,008515,600
000007200,01009001,000172,20,020031,011114,600
000007800,01009001,000183,20,020031,008574,600
000008400,01009001,000203,20,020031,011114,600
000009000,01009001,000217,20,020031,008574,600
000009600,01009001,000226,20,020031,011114,600
000011800,01009001,000277,20,020031,008515,2200
000013400,01009001,000308,20,020031,011100,1600
000015000,01009001,000347,20,020031,011114,1600
000016900,01009001,000391,20,020031,008515,1900
000018800,01009001,000430,20,020031,011100,1900
000019400,01009001,000449,20,020031,008574,600
000020000,01009001,000458,20,020031,008574,600
000020600,01009001,000471,20,020031,011100,600
000021200,01009001,000491,20,020031,008574,600
000021800,01009001,000501,20,020031,011114,600
000022400,01009001,000513,20,020031,011114,600
000023000,01009001,000531,20,020031,008574,600
000024100,01009001,000551,20,020031,011114,1100
000025600,01009001,000582,20,020031,008574,1500
000026400,01009001,000603,20,020031,008574,800
000029200,01009001,000663,20,020031,008574,2800
000029800,01009001,000673,20,020031,011114,600
000031000,01009001,000705,20,020031,008515,1200
000031600,01009001,000717,20,020031,011100,600
000034100,01009001,000777,20,020031,008574,2500
000034700,01009001,000789,20,020031,011100,600
000035300,01009001,000798,20,020031,008574,600
000035900,01009001,000818,20,020031,011100,600
000036500,01009001,000831,20,020031,011100,600
000037100,01009001,000838,20,020031,011114,600
000037700,01009001,000856,20,020031,011114,600
000038300,01009001,000869,20,020031,011100,600
000038900,01009001,000877,20,020031,008574,600
000039500,01009001,000894,20,020031,011100,600
000040100,01009001,000906,20,020031,011100,600
000040700,01009001,000917,20,020031,011100,600
000041300,01009001,000934,20,020031,011114,600
000041900,01009001,000947,20,020031,008574,600
000042500,01009001,000954,20,020031,008515,600
000046800,01009001,001043,20,020031,011114,4300
000047400,01009001,001055,20,020031,011100,600
000048000,01009001,001066,20,020031,008574,600
000048600,01009001,001086,20,020031,008515,600
000049200,01009001,001098,20,020031,011100,600
000049800,01009001,001106,20,020031,011100,600
000050600,01009001,001132,20,020031,011114,800
000052600,01009001,001175,20,020031,011114,2000
000053400,01009001,001188,20,020031,008515,800
000054000,01009001,001206,20,020031,011114,600
000054600,01009001,001219,20,020031,008515,600
000055200,01009001,001231,20,020031,011100,600
000055800,01009001,001248,20,020031,008515,600
000056400,01009001,001263,20,020031,011100,600
000059600,01009001,001325,20,020031,008515,3200
000060200,01009001,001338,20,020031,008574,600
000060800,01009001,001345,20,020031,011114,600
000061500,01009001,001362,20,020031,011100,700
000062400,01009001,001380,20,020031,011100,900
000063700,01009001,001410,20,020031,011114,1300
000064300,01009001,001419,20,020031,011100,600
000065600,01009001,001452,20,020031,011100,1300
000066200,01009001,001460,20,020031,008515,600
000066800,01009001,001476,20,020031,011100,600
000067400,01009001,001491,20,020031,011114,600
000068000,01009001,001502,20,020031,008515,600
000069400,01009001,001532,20,020031,011100,1400
000070000,01009001,001544,20,020031,008515,600
000073700,01009001,001619,20,020031,011114,3700
000075400,01009001,001658,20,020031,008515,1700
000077100,01009001,001685,20,020031,008574,1700
000077700,01009001,001699,20,020031,011100,600
000079000,01009001,001721,20,020031,011100,1300
000079700,01009001,001733,20,020031,011100,700
000080400,01009001,001748,20,020031,008515,700
000081800,01009001,001779,20,020031,011114,1400
000082600,01009001,001790,20,020031,008574,800
000083200,01009001,001806,20,020031,011100,600
000085200,01009001,001840,20,020031,008574,2000
000085800,01009001,001855,20,020031,008515,600
000086400,01009001,001863,20,020031,011114,600
000087000,01009001,001877,20,020031,011114,600
000087600,01009001,001890,20,020031,008574,600
000088200,01009001,001904,20,020031,008515,600
000088800,01009001,001917,20,020031,008515,600
000089600,01009001,001931,20,020031,011100,800
000090200,01009001,001941,20,020031,008574,600
000090800,01009001,001954,20,020031,008574,600
000093200,01009001,002008,20,020031,008574,2400
000093800,01009001,002018,20,020031,008515,600
000094400,01009001,002034,20,020031,008515,600
000095300,01009001,002055,20,020031,008574,900
000095900,01009001,002063,20,020031,011100,600
000096500,01009001,002077,20,020031,011114,600
000097100,01009001,002093,20,020031,008515,600
000097700,01009001,002105,20,020031,011100,600
000098300,01009001,002122,20,020031,011100,600
000099400,01009001,002140,20,020031,008574,1100
000000200,01009001,000011,20,020031,011114,200
000002000,01009001,000066,20,020031,011114,1800
000002600,01009001,000076,20,020031,011100,600
000003500,01009001,000103,20,020031,008515,900
000004500,01009001,000132,20,020031,008574,1000
000005500,01009001,000155,20,020031,011114,1000
000008200,01009001,000219,20,020031,011114,2700
000010100,01009001,000264,20,020031,011100,1900
000010700,01009001,000281,20,020031,011114,600
000011400,01009001,000298,20,020031,008515,700
000012000,01009001,000313,20,020031,011100,600
000012600,01009001,000325,20,020031,011114,600
000014600,01009001,000374,20,020031,008515,2000
000016600,01009001,000418,20,020031,008515,2000
000017600,01009001,000450,20,020031,008574,1000
000019200,01009001,000482,20,020031,011100,1600
000021100,01009001,000524,20,020031,008574,1900
000022700,01009001,000560,20,020031,011100,1600
000024000,01009001,000582,20,020031,008574,1300
000024600,01009001,000604,20,020031,011114,600
000025200,01009001,000619,20,020031,011100,600
000026000,01009001,000634,20,020031,008574,800
000026600,01009001,000652,20,020031,011114,600
000027700,01009001,000671,20,020031,008515,1100
000029200,01009001,000707,20,020031,011114,1500
000029800,01009001,000718,20,020031,008574,600
000030400,01009001,000737,20,020031,011100,600
000031000,01009001,000749,20,020031,011114,600
000031600,01009001,000759,20,020031,011100,600
000032200,01009001,000778,20,020031,011114,600
000032800,01009001,000789,20,020031,008515,600
000034300,01009001,000824,20,020031,008574,1500
000035200,01009001,000835,20,020031,008574,900
000035900,01009001,000859,20,020031,011114,700
000040800,01009001,000954,20,020031,011114,4900
000041400,01009001,000971,20,020031,008574,600
000042700,01009001,000996,20,020031,008515,1300
000045900,01009001,001062,20,020031,011100,3200
000047200,01009001,001095,20,020031,008574,1300
000047800,01009001,001104,20,020031,011100,600
000048400,01009001,001125,20,020031,008515,600
000049000,01009001,001140,20,020031,011100,600
000049600,01009001,001148,20,020031,008574,600
000050200,01009001,001164,20,020031,011100,600
000051400,01009001,001185,20,020031,008515,1200
000052500,01009001,001214,20,020031,008574,1100
000053600,01009001,001233,20,020031,008515,1100
000055100,01009001,001259,20,020031,011114,1500
000055700,01009001,001274,20,020031,008574,600
000056300,01009001,001289,20,020031,008515,600
000059000,01009001,001334,20,020031,008515,2700
000059900,01009001,001362,20,020031,008515,900
000060500,01009001,001369,20,020031,011100,600
000061100,01009001,001384,20,020031,011114,600
000061700,01009001,001403,20,020031,008515,600
000062300,01009001,001408,20,020031,008574,600
000063400,01009001,001433,20,020031,011114,1100
000064000,01009001,001445,20,020031,011100,600
000064600,01009001,001450,20,020031,011114,600
000065200,01009001,001470,20,020031,008515,600
000065800,01009001,001483,20,020031,008574,600
000068900,01009001,001549,20,020031,008574,3100
000070400,01009001,001581,20,020031,008515,1500
000071600,01009001,001600,20,020031,008574,1200
000073000,01009001,001630,20,020031,008574,1400
000073600,01009001,001640,20,020031,008515,600
000074200,01009001,001658,20,020031,008515,600
000074800,01009001,001668,20,020031,008574,600
000075500,01009001,001676,20,020031,008574,700
000076100,01009001,001696,20,020031,011114,600
000076700,01009001,001709,20,020031,008515,600
000077300,01009001,001718,20,020031,011114,600
000077900,01009001,001735,20,020031,008515,600
000078500,01009001,001743,20,020031,008515,600
000080000,01009001,001778,20,020031,011114,1500
000080800,01009001,001787,20,020031,011100,800
000082600,01009001,001823,20,020031,011114,1800
000084100,01009001,001858,20,020031,008515,1500
000084700,01009001,001870,20,020031,008515,600
000086000,01009001,001902,20,020031,011114,1300
000086600,01009001,001912,20,020031,008574,600
000088600,01009001,001950,20,020031,011100,2000
000089200,01009001,001972,20,020031,008574,600
000089800,01009001,001981,20,020031,011100,600
000090400,01009001,001989,20,020031,008515,600
000091000,01009001,002009,20,020031,011114,600
000091600,01009001,002017,20,020031,008574,600
000092200,01009001,002022,20,020031,008515,600
000092800,01009001,002043,20,020031,008574,600
000093400,01009001,002056,20,020031,011100,600
000094000,01009001,002064,20,020031,008574,600
000094600,01009001,002082,20,020031,011114,600
000095300,01009001,002092,20,020031,011114,700
000096200,01009001,002117,20,020031,011114,900
000096800,01009001,002131,20,020031,008515,600
000097400,01009001,002137,20,020031,011114,600
000098000,01009001,002152,20,020031,011114,600
000098600,01009001,002167,20,020031,008574,600
000000200,01009001,000011,20,020031,008574,200
000000800,01009001,000031,20,020031,008515,600
000001400,01009001,000056,20,020031,008574,600
000002000,01009001,000073,20,020031,011114,600
000002600,01009001,000092,20,020031,011114,600
000003200,01009001,000112,20,020031,011114,600
000003800,01009001,000122,20,020031,011100,600
000004400,01009001,000143,20,020031,011114,600
000005000,01009001,000160,20,020031,008574,600
000005600,01009001,000167,20,020031,008515,600
000006200,01009001,000190,20,020031,008515,600
000006800,01009001,000205,20,020031,011114,600
000007400,01009001,000214,20,020031,008515,600
000008000,01009001,000234,20,020031,008574,600
000008600,01009001,000251,20,020031,008515,600
000009200,01009001,000262,20,020031,011114,600
000009800,01009001,000282,20,020031,008574,600
000010400,01009001,000297,20,020031,008515,600
000011000,01009001,000305,20,020031,008515,600
000011700,01009001,000331,20,020031,008574,700
000014800,01009001,000402,20,020031,008574,3100
000015400,01009001,000421,20,020031,011114,600
000016000,01009001,000435,20,020031,008574,600
000016700,01009001,000446,20,020031,008515,700
000017300,01009001,000467,20,020031,008515,600
000017900,01009001,000480,20,020031,008574,600
000018500,01009001,000493,20,020031,011100,600
000019100,01009001,000511,20,020031,008515,600
000019700,01009001,000523,20,020031,011114,600
000020300,01009001,000533,20,020031,011100,600
000020900,01009001,000553,20,020031,011100,600
000021500,01009001,000569,20,020031,011114,600
000022100,01009001,000575,20,020031,008515,600
000022700,01009001,000596,20,020031,011114,600
000023300,01009001,000609,20,020031,011100,600
000023900,01009001,000618,20,020031,008574,600
000024500,01009001,000637,20,020031,008515,600
000025100,01009001,000649,20,020031,011114,600
000025700,01009001,000658,20,020031,008515,600
000026300,01009001,000678,20,020031,011114,600
000026900,01009001,000691,20,020031,011100,600
000027500,01009001,000699,20,020031,011114,600
000028100,01009001,000723,20,020031,008574,600
000028700,01009001,000733,20,020031,011100,600
000029300,01009001,000745,20,020031,011114,600
000029900,01009001,000766,20,020031,008515,600
000030500,01009001,000779,20,020031,008574,600
000031100,01009001,000788,20,020031,008574,600
000031700,01009001,000809,20,020031,008515,600
000032300,01009001,000819,20,020031,008574,600
000033000,01009001,000831,20,020031,011114,700
000033800,01009001,000857,20,020031,008515,800
000034400,01009001,000867,20,020031,008515,600
000036700,01009001,000915,20,020031,008515,2300
000038200,01009001,000948,20,020031,011100,1500
000039400,01009001,000981,20,020031,011100,1200
000040000,01009001,000990,20,020031,011114,600
000040600,01009001,001004,20,020031,011100,600
000041500,01009001,001027,20,020031,008515,900
000042200,01009001,001033,20,020031,008515,700
000043600,01009001,001072,20,020031,011114,1400
000044200,01009001,001083,20,020031,008515,600
000047400,01009001,001151,20,020031,011114,3200
000048000,01009001,001164,20,020031,011114,600
000048600,01009001,001182,20,020031,011114,600
000049200,01009001,001190,20,020031,008574,600
000050200,01009001,001214,20,020031,011114,1000
000051000,01009001,001230,20,020031,008515,800
000051600,01009001,001238,20,020031,008574,600
000052200,01009001,001260,20,020031,011100,600
000052900,01009001,001271,20,020031,008515,700
000054100,01009001,001298,20,020031,011100,1200
000056800,01009001,001344,20,020031,008515,2700
000058300,01009001,001377,20,020031,011114,1500
000058900,01009001,001393,20,020031,008574,600
000060000,01009001,001413,20,020031,011114,1100
000060900,01009001,001436,20,020031,011114,900
000061500,01009001,001449,20,020031,008515,600
000062100,01009001,001460,20,020031,008515,600
000062900,01009001,001482,20,020031,008515,800
000063800,01009001,001496,20,020031,008574,900
000064400,01009001,001513,20,020031,011100,600
000065000,01009001,001531,20,020031,008515,600
000065600,01009001,001544,20,020031,008574,600
000067000,01009001,001572,20,020031,011114,1400
000067600,01009001,001586,20,020031,011114,600
000068200,01009001,001598,20,020031,011100,600
000068800,01009001,001615,20,020031,011114,600
000069400,01009001,001624,20,020031,008515,600
000070000,01009001,001643,20,020031,011114,600
000070600,01009001,001658,20,020031,011114,600
000071200,01009001,001667,20,020031,011114,600
000071800,01009001,001681,20,020031,008574,600
000072400,01009001,001695,20,020031,008515,600
000073000,01009001,001710,20,020031,011100,600
000073600,01009001,001725,20,020031,008574,600
000074200,01009001,001741,20,020031,011100,600
000074800,01009001,001749,20,020031,008574,600
000075400,01009001,001763,20,020031,011114,600
000076000,01009001,001784,20,020031,011114,600
000076600,01009001,001793,20,020031,008515,600
000077200,01009001,001802,20,020031,008574,600
000077800,01009001,001821,20,020031,011114,600
000078400,01009001,001832,20,020031,008574,600
000079000,01009001,001844,20,020031,008574,600
000079600,01009001,001862,20,020031,008515,600
000080200,01009001,001874,20,020031,011100,600
000080800,01009001,001884,20,020031,011114,600
000081400,01009001,001906,20,020031,011100,600
000082000,01009001,001918,20,020031,011114,600
000082600,01009001,001927,20,020031,008574,600
000083200,01009001,001946,20,020031,008574,600
000083800,01009001,001955,20,020031,011114,600
000084400,01009001,001966,20,020031,011100,600
000085000,01009001,001983,20,020031,008515,600
000085600,01009001,001996,20,020031,011114,600
000086200,01009001,002007,20,020031,008574,600
000086800,01009001,002024,20,020031,008515,600
000087500,01009001,002036,20,020031,011114,700
000088100,01009001,002045,20,020031,011114,600
000089100,01009001,002069,20,020031,011114,1000
000091000,01009001,002105,20,020031,008574,1900
000092400,01009001,002134,20,020031,008515,1400
000093800,01009001,002160,20,020031,011114,1400
000094400,01009001,002174,20,020031,008574,600
000095000,01009001,002185,20,020031,008574,600
000095600,01009001,002196,20,020031,011100,600
000096200,01009001,002211,20,020031,008515,600
000096800,01009001,002222,20,020031,011100,600
000097400,01009001,002235,20,020031,011100,600
000098000,01009001,002251,20,020031,008574,600
000098600,01009001,002262,20,020031,011100,600
000099200,01009001,002276,20,020031,008515,600
000099800,01009001,002292,20,020031,011100,600
000000200,01009001,000009,20,020031,008574,200
000002200,01009001,000078,20,020031,008574,2000
000002800,01009001,000095,20,020031,011114,600
000003400,01009001,000119,20,020031,008574,600
000004000,01009001,000125,20,020031,011114,600
000004600,01009001,000149,20,020031,011100,600
000005200,01009001,000163,20,020031,011114,600
000005800,01009001,000170,20,020031,008515,600
000006400,01009001,000195,20,020031,011114,600
000007000,01009001,000208,20,020031,008574,600
000007600,01009001,000217,20,020031,011100,600
000008200,01009001,000241,20,020031,011100,600
000008800,01009001,000255,20,020031,011100,600
000009400,01009001,000264,20,020031,011114,600
000010000,01009001,000288,20,020031,011114,600
000010600,01009001,000301,20,020031,008515,600
000011200,01009001,000311,20,020031,008574,600
000011800,01009001,000332,20,020031,008515,600
000012400,01009001,000344,20,020031,008574,600
000013000,01009001,000355,20,020031,008574,600
000013600,01009001,000377,20,020031,008574,600
000014200,01009001,000389,20,020031,008515,600
000014800,01009001,000397,20,020031,008515,600
000015400,01009001,000417,20,020031,011100,600
000016000,01009001,000434,20,020031,011114,600
000016600,01009001,000440,20,020031,011100,600
000017200,01009001,000461,20,020031,008574,600
000017800,01009001,000478,20,020031,008515,600
000018400,01009001,000485,20,020031,008515,600
000019000,01009001,000506,20,020031,011100,600
000019600,01009001,000522,20,020031,011114,600
000020200,01009001,000529,20,020031,008515,600
000020800,01009001,000545,20,020031,008574,600
000021400,01009001,000565,20,020031,008574,600
000022000,01009001,000572,20,020031,008574,600
000022600,01009001,000590,20,020031,011100,600
000023200,01009001,000608,20,020031,011114,600
000023800,01009001,000615,20,020031,011114,600
000024400,01009001,000632,20,020031,011100,600
000025000,01009001,000650,20,020031,008574,600
000025600,01009001,000659,20,020031,011100,600
000026200,01009001,000676,20,020031,011100,600
000026800,01009001,000694,20,020031,008574,600
000027400,01009001,000703,20,020031,011114,600
000028000,01009001,000718,20,020031,008574,600
000028600,01009001,000738,20,020031,008574,600
000029200,01009001,000743,20,020031,008574,600
000029800,01009001,000760,20,020031,008574,600
000030400,01009001,000782,20,020031,011114,600
000031000,01009001,000785,20,020031,008515,600
000031600,01009001,000798,20,020031,008515,600
000032200,01009001,000824,20,020031,011114,600
000032800,01009001,000829,20,020031,011114,600
000033400,01009001,000839,20,020031,008574,600
000034000,01009001,000862,20,020031,011114,600
000034600,01009001,000870,20,020031,011114,600
000035200,01009001,000881,20,020031,011100,600
000035800,01009001,000904,20,020031,008515,600
000036400,01009001,000912,20,020031,011114,600
000037000,01009001,000922,20,020031,008515,600
000037600,01009001,000947,20,020031,008574,600
000038200,01009001,000956,20,020031,008574,600
000038800,01009001,000968,20,020031,011114,600
000039400,01009001,000987,20,020031,008574,600
000040000,01009001,000997,20,020031,011100,600
000040600,01009001,001009,20,020031,008574,600
000041200,01009001,001028,20,020031,011100,600
000041800,01009001,001041,20,020031,011100,600
000042400,01009001,001048,20,020031,011114,600
000043000,01009001,001070,20,020031,008515,600
000043600,01009001,001083,20,020031,011114,600
000044500,01009001,001101,20,020031,011114,900
000045100,01009001,001122,20,020031,008574,600
000045700,01009001,001125,20,020031,011114,600
000046300,01009001,001138,20,020031,008515,600
000046900,01009001,001159,20,020031,011114,600
000047500,01009001,001168,20,020031,011114,600
000048300,01009001,001187,20,020031,008515,800
000049100,01009001,001208,20,020031,011114,800
000050300,01009001,001238,20,020031,011100,1200
000051000,01009001,001251,20,020031,008574,700
000051600,01009001,001259,20,020031,011114,600
000052200,01009001,001280,20,020031,011114,600
000052800,01009001,001296,20,020031,011100,600
000053400,01009001,001300,20,020031,011114,600
000054000,01009001,001321,20,020031,008574,600
000054600,01009001,001339,20,020031,011114,600
000055200,01009001,001346,20,020031,008574,600
000055800,01009001,001364,20,020031,011100,600
000056400,01009001,001380,20,020031,011100,600
000057000,01009001,001391,20,020031,011100,600
000057600,01009001,001407,20,020031,008515,600
000058200,01009001,001422,20,020031,011100,600
000058800,01009001,001434,20,020031,008574,600
000059400,01009001,001454,20,020031,011100,600
000060000,01009001,001467,20,020031,011114,600
000060600,01009001,001477,20,020031,011114,600
000061200,01009001,001492,20,020031,011100,600
000061800,01009001,001508,20,020031,011114,600
000062400,01009001,001521,20,020031,011100,600
000063000,01009001,001536,20,020031,008574,600
000063600,01009001,001551,20,020031,011114,600
000064200,01009001,001558,20,020031,008515,600
000064800,01009001,001578,20,020031,008574,600
000065400,01009001,001593,20,020031,011114,600
000066000,01009001,001601,20,020031,008515,600
000066600,01009001,001616,20,020031,008515,600
000067200,01009001,001633,20,020031,011114,600
000067800,01009001,001640,20,020031,011100,600
000068400,01009001,001657,20,020031,008574,600
000069000,01009001,001672,20,020031,008515,600
000069600,01009001,001679,20,020031,011100,600
000070200,01009001,001693,20,020031,008574,600
000070800,01009001,001712,20,020031,008515,600
000071400,01009001,001723,20,020031,011100,600
000072000,01009001,001735,20,020031,011100,600
000072600,01009001,001751,20,020031,008574,600
000073200,01009001,001762,20,020031,011100,600
000073800,01009001,001774,20,020031,011100,600
000074400,01009001,001792,20,020031,008515,600
000075000,01009001,001804,20,020031,008574,600
000075600,01009001,001813,20,020031,011114,600
000076200,01009001,001833,20,020031,008574,600
000076800,01009001,001845,20,020031,011114,600
000077400,01009001,001853,20,020031,008574,600
000078000,01009001,001870,20,020031,011114,600
000078600,01009001,001884,20,020031,011100,600
000079200,01009001,001896,20,020031,011100,600
000079800,01009001,001915,20,020031,011114,600
000080400,01009001,001927,20,020031,011114,600
000081000,01009001,001934,20,020031,008574,600
000081600,01009001,001954,20,020031,008515,600
000082200,01009001,001966,20,020031,008574,600
000082800,01009001,001978,20,020031,008515,600
000083400,01009001,001994,20,020031,011114,600
000084000,01009001,002009,20,020031,008574,600
000084600,01009001,002018,20,020031,008515,600
000085200,01009001,002037,20,020031,008515,600
000085800,01009001,002050,20,020031,011100,600
000086400,01009001,002058,20,020031,008574,600
000087000,01009001,002076,20,020031,011114,600
000087600,01009001,002092,20,020031,011100,600
000088200,01009001,002098,20,020031,011100,600
000088800,01009001,002118,20,020031,008574,600
000089400,01009001,002136,20,020031,011114,600
000090000,01009001,002143,20,020031,008515,600
000090600,01009001,002161,20,020031,008574,600
000091200,01009001,002178,20,020031,011114,600
000091800,01009001,002185,20,020031,008515,600
000092400,01009001,002201,20,020031,011100,600
000093000,01009001,002222,20,020031,008515,600
000093600,01009001,002225,20,020031,011100,600
000094200,01009001,002237,20,020031,011100,600
000094800,01009001,002260,20,020031,011100,600
000095400,01009001,002267,20,020031,011114,600
000096000,01009001,002280,20,020031,008515,600
000096600,01009001,002296,20,020031,011100,600
000097200,01009001,002307,20,020031,011100,600
000097800,01009001,002319,20,020031,008574,600
000098400,01009001,002338,20,020031,011114,600
000099000,01009001,002348,20,020031,008574,600
000099600,01009001,002358,20,020031,011100,600
000000500,01009001,000030,20,020031,008574,500
000001100,01009001,000041,20,020031,008515,600
000001700,01009001,000075,20,020031,011100,600
000002300,01009001,000084,20,020031,011114,600
000003300,01009001,000120,20,020031,008574,1000
000003900,01009001,000127,20,020031,008515,600
000004500,01009001,000154,20,020031,008515,600
000005100,01009001,000165,20,020031,011100,600
000005700,01009001,000175,20,020031,011114,600
000006300,01009001,000201,20,020031,008515,600
000006900,01009001,000212,20,020031,011100,600
000007500,01009001,000220,20,020031,008515,600
000008100,01009001,000250,20,020031,008515,600
000008700,01009001,000259,20,020031,008574,600
000009300,01009001,000267,20,020031,011114,600
000009900,01009001,000297,20,020031,011100,600
000010500,01009001,000306,20,020031,008574,600
000011100,01009001,000315,20,020031,011100,600
000011700,01009001,000344,20,020031,008515,600
000012300,01009001,000355,20,020031,008574,600
000012900,01009001,000361,20,020031,008515,600
000013500,01009001,000389,20,020031,011114,600
000014100,01009001,000400,20,020031,011114,600
000014700,01009001,000408,20,020031,008574,600
000015300,01009001,000430,20,020031,008515,600
000015900,01009001,000443,20,020031,008515,600
000016500,01009001,000452,20,020031,008515,600
000017100,01009001,000474,20,020031,011100,600
000017700,01009001,000487,20,020031,011100,600
000018300,01009001,000493,20,020031,008574,600
000018900,01009001,000517,20,020031,011114,600
000019500,01009001,000529,20,020031,011114,600
000020100,01009001,000538,20,020031,011100,600
000020700,01009001,000558,20,020031,011100,600
000021300,01009001,000573,20,020031,008574,600
000021900,01009001,000580,20,020031,011100,600
000024500,01009001,000645,20,020031,011114,2600
000025100,01009001,000656,20,020031,011114,600
000025700,01009001,000663,20,020031,008515,600
000026300,01009001,000684,20,020031,011114,600
000026900,01009001,000699,20,020031,008515,600
000027500,01009001,000707,20,020031,008515,600
000029700,01009001,000758,20,020031,011100,2200
000030300,01009001,000778,20,020031,011114,600
000032500,01009001,000823,20,020031,011100,2200
000033100,01009001,000832,20,020031,008515,600
000033800,01009001,000856,20,020031,011114,700
000035200,01009001,000883,20,020031,011100,1400
000036100,01009001,000905,20,020031,008515,900
000036700,01009001,000912,20,020031,008574,600
000037300,01009001,000931,20,020031,008515,600
000038500,01009001,000953,20,020031,011114,1200
000039400,01009001,000981,20,020031,008574,900
000040000,01009001,000991,20,020031,011100,600
000040600,01009001,001002,20,020031,011100,600
000041200,01009001,001027,20,020031,008574,600
000042400,01009001,001041,20,020031,008574,1200
000043000,01009001,001068,20,020031,011100,600
000043600,01009001,001079,20,020031,011114,600
000044200,01009001,001087,20,020031,011100,600
000045100,01009001,001116,20,020031,011114,900
000045700,01009001,001123,20,020031,008515,600
000046300,01009001,001139,20,020031,011100,600
000046900,01009001,001156,20,020031,011114,600
000047500,01009001,001167,20,020031,008515,600
000048100,01009001,001180,20,020031,008574,600
000048700,01009001,001204,20,020031,008574,600
000049300,01009001,001213,20,020031,011100,600
000049900,01009001,001225,20,020031,011114,600
000050500,01009001,001243,20,020031,008515,600
000051100,01009001,001252,20,020031,008515,600
000051700,01009001,001262,20,020031,011114,600
000052300,01009001,001283,20,020031,011114,600
000052900,01009001,001293,20,020031,011100,600
000053500,01009001,001302,20,020031,008574,600
000054100,01009001,001325,20,020031,011100,600
000054700,01009001,001334,20,020031,011114,600
000055300,01009001,001346,20,020031,008515,600
000055900,01009001,001366,20,020031,011100,600
000056500,01009001,001373,20,020031,008574,600
000057100,01009001,001383,20,020031,011114,600
000057700,01009001,001407,20,020031,011114,600
000058300,01009001,001415,20,020031,008515,600
000058900,01009001,001427,20,020031,011100,600
000059500,01009001,001446,20,020031,011100,600
000060100,01009001,001456,20,020031,008574,600
000060700,01009001,001469,20,020031,008515,600
000061300,01009001,001489,20,020031,011100,600
000061900,01009001,001500,20,020031,008515,600
000062500,01009001,001509,20,020031,008515,600
000063100,01009001,001533,20,020031,008515,600
000063700,01009001,001542,20,020031,008574,600
000064300,01009001,001548,20,020031,011114,600
000064900,01009001,001571,20,020031,008574,600
000065500,01009001,001584,20,020031,008515,600
000066100,01009001,001591,20,020031,011114,600
000066700,01009001,001610,20,020031,011114,600
000067300,01009001,001622,20,020031,011114,600
000067900,01009001,001632,20,020031,011114,600
000068500,01009001,001654,20,020031,011114,600
000069100,01009001,001663,20,020031,008515,600
000069700,01009001,001674,20,020031,011114,600
000070300,01009001,001688,20,020031,008574,600
000070900,01009001,001705,20,020031,008515,600
000071500,01009001,001720,20,020031,011100,600
000072100,01009001,001732,20,020031,011114,600
000072700,01009001,001748,20,020031,008574,600
000073300,01009001,001758,20,020031,011100,600
000073900,01009001,001773,20,020031,008574,600
000074500,01009001,001789,20,020031,008574,600
000075100,01009001,001803,20,020031,008515,600
000075700,01009001,001814,20,020031,008574,600
000076300,01009001,001830,20,020031,008515,600
000076900,01009001,001840,20,020031,008515,600
000077500,01009001,001853,20,020031,011114,600
000078100,01009001,001865,20,020031,008515,600
000078700,01009001,001876,20,020031,008574,600
000079300,01009001,001888,20,020031,008515,600
000079900,01009001,001906,20,020031,011100,600
000080500,01009001,001917,20,020031,011100,600
000081100,01009001,001926,20,020031,008515,600
000081700,01009001,001944,20,020031,008574,600
000082300,01009001,001954,20,020031,011100,600
000082900,01009001,001965,20,020031,008574,600
000083500,01009001,001981,20,020031,011114,600
000084100,01009001,001997,20,020031,011100,600
000084700,01009001,002006,20,020031,008574,600
000085300,01009001,002021,20,020031,008515,600
000085900,01009001,002035,20,020031,008515,600
000086500,01009001,002045,20,020031,008515,600
000087100,01009001,002063,20,020031,008515,600
000087700,01009001,002075,20,020031,008515,600
000088300,01009001,002087,20,020031,008515,600
000088900,01009001,002105,20,020031,008515,600
000089500,01009001,002115,20,020031,008515,600
000090100,01009001,002128,20,020031,008515,600
000090700,01009001,002147,20,020031,011100,600
000091300,01009001,002158,20,020031,008574,600
000091900,01009001,002169,20,020031,008515,600
000092500,01009001,002187,20,020031,008515,600
000093100,01009001,002197,20,020031,008574,600
000093700,01009001,002208,20,020031,008574,600
000094300,01009001,002226,20,020031,008574,600
000094900,01009001,002238,20,020031,011100,600
000095500,01009001,002248,20,020031,008515,600
000096100,01009001,002266,20,020031,011114,600
000096700,01009001,002277,20,020031,008574,600
000097300,01009001,002291,20,020031,011100,600
000097900,01009001,002309,20,020031,008574,600
000098500,01009001,002319,20,020031,011100,600
000099100,01009001,002331,20,020031,011114,600
000099700,01009001,002344,20,020031,008515,600
000006400,01009001,000060,20,020031,011100,6400
000007000,01009001,000064,20,020031,008574,600
000007600,01009001,000067,20,020031,008515,600
000008200,01009001,000074,20,020031,011114,600
000010200,01009001,000098,20,020031,008574,2000
000012500,01009001,000120,20,020031,011100,2300
000017100,01009001,000163,20,020031,011114,4600
000017900,01009001,000171,20,020031,011100,800
000022100,01009001,000211,20,020031,011100,4200
000023300,01009001,000219,20,020031,008574,1200
000025000,01009001,000239,20,020031,008515,1700
000026900,01009001,000257,20,020031,011100,1900
000031100,01009001,000288,20,020031,008574,4200
000031800,01009001,000300,20,020031,011100,700
000032500,01009001,000305,20,020031,011100,700
000034100,01009001,000321,20,020031,008574,1600
000037800,01009001,000356,20,020031,008515,3700
000048800,01009001,000448,20,020031,011100,11000
000051200,01009001,000470,20,020031,011100,2400
000053700,01009001,000493,20,020031,011114,2500
000054300,01009001,000499,20,020031,008515,600
000061800,01009001,000567,20,020031,008574,7500
000062800,01009001,000576,20,020031,008515,1000
000071800,01009001,000650,20,020031,011100,9000
000074700,01009001,000679,20,020031,008574,2900
000082800,01009001,000756,20,020031,008574,8100
000083600,01009001,000767,20,020031,008515,800
000086500,01009001,000803,20,020031,008515,2900
000000100,01009001,000003,20,020031,008515,100
000000700,01009001,000011,20,020031,011114,600
000001400,01009001,000026,20,020031,011114,700
000004600,01009001,000083,20,020031,008574,3200
000009300,01009001,000152,20,020031,008515,4700
000009900,01009001,000168,20,020031,011114,600
000010600,01009001,000177,20,020031,011100,700
000011200,01009001,000188,20,020031,011114,600
000012300,01009001,000209,20,020031,008515,1100
000026700,01009001,000438,20,020031,008515,14400
000028300,01009001,000464,20,020031,008574,1600
000031700,01009001,000518,20,020031,011100,3400
000033000,01009001,000538,20,020031,008515,1300
000035500,01009001,000576,20,020031,011114,2500
000039100,01009001,000637,20,020031,008515,3600
000040400,01009001,000657,20,020031,008515,1300
000050400,01009001,000832,20,020031,011100,10000
000054100,01009001,000902,20,020031,008515,3700
000054700,01009001,000909,20,020031,008574,600
000055300,01009001,000920,20,020031,008515,600
000056500,01009001,000942,20,020031,011114,1200
000059100,01009001,000987,20,020031,008574,2600
000062300,01009001,001051,20,020031,008574,3200
000064100,01009001,001088,20,020031,011100,1800
000067900,01009001,001152,20,020031,011114,3800
000071100,01009001,001208,20,020031,008515,3200
000071700,01009001,001220,20,020031,008574,600
000075900,01009001,001291,20,020031,008515,4200
000077000,01009001,001310,20,020031,011114,1100
000078400,01009001,001329,20,020031,008574,1400
000079400,01009001,001346,20,020031,008515,1000
000080400,01009001,001361,20,020031,011100,1000
000082500,01009001,001394,20,020031,008515,2100
000086700,01009001,001458,20,020031,011100,4200
000087600,01009001,001476,20,020031,011100,900
000091600,01009001,001540,20,020031,011114,4000
000092200,01009001,001551,20,020031,011114,600
000092800,01009001,001564,20,020031,011114,600
000093500,01009001,001574,20,020031,011100,700
000001100,01009001,000023,20,020031,008574,1100
000002800,01009001,000063,20,020031,008574,1700
000006400,01009001,000144,20,020031,008515,3600
000007000,01009001,000162,20,020031,011114,600
000007800,01009001,000176,20,020031,011100,800
000009600,01009001,000218,20,020031,008515,1800
000010400,01009001,000245,20,020031,011100,800
000011000,01009001,000251,20,020031,011100,600
000011600,01009001,000259,20,020031,008574,600
000012200,01009001,000281,20,020031,011114,600
000012800,01009001,000290,20,020031,011114,600
000014100,01009001,000322,20,020031,011100,1300
000023200,01009001,000512,20,020031,011114,9100
000023800,01009001,000521,20,020031,008574,600
000029400,01009001,000638,20,020031,011100,5600
000030000,01009001,000653,20,020031,011114,600
000030600,01009001,000672,20,020031,008515,600
000033300,01009001,000719,20,020031,008515,2700
000036200,01009001,000782,20,020031,011114,2900
000038200,01009001,000823,20,020031,008515,2000
000038800,01009001,000828,20,020031,008574,600
000040100,01009001,000864,20,020031,008574,1300
000040700,01009001,000868,20,020031,011100,600
000041300,01009001,000882,20,020031,008574,600
000041900,01009001,000898,20,020031,008515,600
000044000,01009001,000935,20,020031,008515,2100
000044600,01009001,000947,20,020031,008515,600
000045200,01009001,000963,20,020031,008574,600
000048700,01009001,001027,20,020031,011100,3500
000049900,01009001,001049,20,020031,011100,1200
000050500,01009001,001063,20,020031,008515,600
000051400,01009001,001082,20,020031,008515,900
000052000,01009001,001094,20,020031,011114,600
000052600,01009001,001111,20,020031,008515,600
000053200,01009001,001118,20,020031,008574,600
000055100,01009001,001156,20,020031,011100,1900
000055700,01009001,001167,20,020031,008574,600
000059500,01009001,001235,20,020031,008515,3800
000060100,01009001,001248,20,020031,008515,600
000064500,01009001,001327,20,020031,008574,4400
000067000,01009001,001379,20,020031,011114,2500
000067600,01009001,001394,20,020031,008515,600
000070400,01009001,001442,20,020031,008515,2800
000072800,01009001,001495,20,020031,011100,2400
000073400,01009001,001504,20,020031,011100,600
000074400,01009001,001530,20,020031,011100,1000
000075000,01009001,001541,20,020031,011114,600
000075800,01009001,001559,20,020031,008574,800
000077700,01009001,001599,20,020031,008574,1900
000078300,01009001,001608,20,020031,011100,600
000079800,01009001,001638,20,020031,008515,1500
000081800,01009001,001680,20,020031,011100,2000
000082400,01009001,001692,20,020031,008515,600
000083000,01009001,001703,20,020031,008574,600
000089000,01009001,001815,20,020031,008515,6000
000091000,01009001,001854,20,020031,011100,2000
000091600,01009001,001869,20,020031,008574,600
000092200,01009001,001876,20,020031,011100,600
000093300,01009001,001902,20,020031,008515,1100
000094600,01009001,001929,20,020031,008515,1300
000095200,01009001,001942,20,020031,011100,600
000001300,01009001,000017,20,020031,008574,1300
000001900,01009001,000024,20,020031,011114,600
000009900,01009001,000095,20,020031,008574,8000
000011400,01009001,000108,20,020031,011114,1500
000017000,01009001,000163,20,020031,008515,5600
000025300,01009001,000233,20,020031,011114,8300
000028600,01009001,000258,20,020031,008574,3300
000044900,01009001,000420,20,020031,008515,16300
000049900,01009001,000470,20,020031,011100,5000
000055900,01009001,000517,20,020031,011114,6000
000059100,01009001,000549,20,020031,011100,3200
000069000,01009001,000649,20,020031,011114,9900
000070000,01009001,000663,20,020031,008574,1000
000075600,01009001,000716,20,020031,008574,5600
000077700,01009001,000731,20,020031,011100,2100
000079000,01009001,000746,20,020031,008574,1300
000079600,01009001,000753,20,020031,011114,600
000080200,01009001,000757,20,020031,008515,600
000083100,01009001,000794,20,020031,011114,2900
000090300,01009001,000860,20,020031,008515,7200
000093800,01009001,000887,20,020031,011114,3500
000095100,01009001,000901,20,020031,011114,1300
000099000,01009001,000936,20,020031,008515,3900
000004200,01009001,000070,20,020031,008574,4200
000005400,01009001,000089,20,020031,011114,1200
000006800,01009001,000106,20,020031,011114,1400
000007400,01009001,000114,20,020031,011100,600
000011000,01009001,000165,20,020031,008574,3600
000011600,01009001,000173,20,020031,008515,600
000013000,01009001,000198,20,020031,011100,1400
000018400,01009001,000290,20,020031,011114,5400
000019800,01009001,000309,20,020031,011100,1400
000022400,01009001,000350,20,020031,011100,2600
000024300,01009001,000380,20,020031,011100,1900
000025100,01009001,000396,20,020031,008574,800
000027200,01009001,000438,20,020031,008515,2100
000027800,01009001,000442,20,020031,008574,600
000028400,01009001,000454,20,020031,011114,600
000029000,01009001,000466,20,020031,011114,600
000029600,01009001,000480,20,020031,008574,600
000030200,01009001,000490,20,020031,008574,600
000030800,01009001,000503,20,020031,011114,600
000032000,01009001,000525,20,020031,011100,1200
000032600,01009001,000537,20,020031,008515,600
000033200,01009001,000542,20,020031,008515,600
000038600,01009001,000637,20,020031,011100,5400
000039800,01009001,000658,20,020031,008574,1200
000040500,01009001,000667,20,020031,008515,700
000044200,01009001,000722,20,020031,008515,3700
000046900,01009001,000763,20,020031,008574,2700
000052800,01009001,000862,20,020031,008515,5900
000054200,01009001,000880,20,020031,008574,1400
000057000,01009001,000937,20,020031,011114,2800
000060800,01009001,001000,20,020031,011114,3800
000061400,01009001,001009,20,020031,008574,600
000062300,01009001,001028,20,020031,011114,900
000063800,01009001,001054,20,020031,008574,1500
000064600,01009001,001067,20,020031,008574,800
000065200,01009001,001077,20,020031,011100,600
000065800,01009001,001089,20,020031,011114,600
000067000,01009001,001107,20,020031,008574,1200
000068500,01009001,001130,20,020031,008515,1500
000069100,01009001,001141,20,020031,011114,600
000070500,01009001,001163,20,020031,008574,1400
000071100,01009001,001173,20,020031,008574,600
000071700,01009001,001181,20,020031,011114,600
000073900,01009001,001220,20,020031,008515,2200
000076200,01009001,001260,20,020031,008574,2300
000077900,01009001,001283,20,020031,008515,1700
000081900,01009001,001358,20,020031,008574,4000
000082500,01009001,001369,20,020031,008515,600
000088500,01009001,001469,20,020031,008574,6000
000093400,01009001,001553,20,020031,011100,4900
000094100,01009001,001561,20,020031,008574,700
000094900,01009001,001575,20,020031,008574,800
000000100,01009001,000000,20,020031,011100,100
000000700,01009001,000015,20,020031,011100,600
000001500,01009001,000031,20,020031,008574,800
000002500,01009001,000052,20,020031,008515,1000
000003500,01009001,000071,20,020031,011100,1000
000005900,01009001,000116,20,020031,011114,2400
000007400,01009001,000148,20,020031,008515,1500
000008000,01009001,000166,20,020031,011114,600
000008600,01009001,000177,20,020031,011100,600
000009200,01009001,000187,20,020031,008574,600
000010600,01009001,000219,20,020031,008515,1400
000011200,01009001,000235,20,020031,011114,600
000011800,01009001,000247,20,020031,008515,600
000016500,01009001,000346,20,020031,011114,4700
000019100,01009001,000399,20,020031,008515,2600
000022000,01009001,000459,20,020031,011114,2900
000022600,01009001,000473,20,020031,011114,600
000023500,01009001,000494,20,020031,011100,900
000031700,01009001,000662,20,020031,011114,8200
000032900,01009001,000680,20,020031,008574,1200
000033500,01009001,000695,20,020031,011114,600
000034200,01009001,000714,20,020031,008515,700
000036900,01009001,000756,20,020031,008515,2700
000037600,01009001,000776,20,020031,008574,700
000038700,01009001,000793,20,020031,008574,1100
000045200,01009001,000927,20,020031,011114,6500
000045800,01009001,000937,20,020031,011100,600
000046400,01009001,000953,20,020031,008515,600
000047000,01009001,000969,20,020031,008515,600
000047800,01009001,000981,20,020031,011100,800
000049300,01009001,001014,20,020031,008515,1500
000049900,01009001,001026,20,020031,008574,600
000050500,01009001,001039,20,020031,008574,600
000052100,01009001,001074,20,020031,008515,1600
000052700,01009001,001093,20,020031,011114,600
000053300,01009001,001100,20,020031,011114,600
000053900,01009001,001114,20,020031,011114,600
000055100,01009001,001136,20,020031,011100,1200
000056400,01009001,001170,20,020031,008574,1300
000057200,01009001,001181,20,020031,008515,800
000057800,01009001,001194,20,020031,008574,600
000060300,01009001,001250,20,020031,011100,2500
000060900,01009001,001259,20,020031,011114,600
000063700,01009001,001321,20,020031,011114,2800
000065200,01009001,001351,20,020031,011100,1500
000065800,01009001,001362,20,020031,008574,600
000066400,01009001,001373,20,020031,011114,600
000067300,01009001,001392,20,020031,008574,900
000067900,01009001,001406,20,020031,011100,600
000068700,01009001,001424,20,020031,011100,800
000071600,01009001,001475,20,020031,011100,2900
000072200,01009001,001492,20,020031,008574,600
000072800,01009001,001502,20,020031,011114,600
000073400,01009001,001511,20,020031,011114,600
000074000,01009001,001525,20,020031,008515,600
000074600,01009001,001535,20,020031,011100,600
000075200,01009001,001547,20,020031,011100,600
000076700,01009001,001574,20,020031,011114,1500
000077300,01009001,001583,20,020031,008574,600
000078100,01009001,001599,20,020031,011100,800
000078800,01009001,001616,20,020031,008574,700
000079400,01009001,001627,20,020031,008515,600
000080000,01009001,001641,20,020031,011114,600
000080600,01009001,001651,20,020031,008515,600
000081200,01009001,001663,20,020031,011100,600
000082000,01009001,001682,20,020031,008515,800
000083400,01009001,001709,20,020031,008574,1400
000085100,01009001,001744,20,020031,008515,1700
000085700,01009001,001758,20,020031,008515,600
000088200,01009001,001801,20,020031,011114,2500
000092900,01009001,001898,20,020031,008515,4700
000093500,01009001,001909,20,020031,011100,600
000000900,01009001,000003,20,020031,011114,900
000001700,01009001,000015,20,020031,011100,800
000010700,01009001,000102,20,020031,011100,9000
000013600,01009001,000131,20,020031,008515,2900
000014300,01009001,000139,20,020031,011114,700
000037000,01009001,000346,20,020031,011114,22700
000037600,01009001,000352,20,020031,008574,600
000055900,01009001,000505,20,020031,008515,18300
000060500,01009001,000534,20,020031,008515,4600
000061400,01009001,000542,20,020031,008515,900
000068700,01009001,000605,20,020031,011114,7300
000069700,01009001,000617,20,020031,011114,1000
000074600,01009001,000655,20,020031,011100,4900
000077000,01009001,000673,20,020031,011100,2400
000077600,01009001,000678,20,020031,011114,600
000080900,01009001,000714,20,020031,008515,3300
000086100,01009001,000764,20,020031,008574,5200
000095600,01009001,000833,20,020031,011100,9500
000099200,01009001,000868,20,020031,008515,3600
000104000,01009001,000922,20,020031,011100,4800
000105700,01009001,000942,20,020031,011114,1700
000112100,01009001,000992,20,020031,011100,6400
000121200,01009001,001088,20,020031,008574,9100
000125000,01009001,001128,20,020031,008574,3800
000126700,01009001,001140,20,020031,011100,1700
000129400,01009001,001165,20,020031,011114,2700
000028200,01009001,000166,20,020031,008515,28200
000036200,01009001,000215,20,020031,008515,8000
000042900,01009001,000257,20,020031,008574,6700
000051400,01009001,000303,20,020031,011114,8500
000052700,01009001,000313,20,020031,008574,1300
000055200,01009001,000329,20,020031,008574,2500
000057200,01009001,000346,20,020031,011114,2000
000065700,01009001,000406,20,020031,008574,8500
000071400,01009001,000453,20,020031,008574,5700
000073100,01009001,000467,20,020031,008574,1700
000081300,01009001,000531,20,020031,011100,8200
000102900,01009001,000674,20,020031,011100,21600
000103500,01009001,000681,20,020031,008574,600
000108300,01009001,000717,20,020031,008515,4800
000114500,01009001,000769,20,020031,008515,6200
000115800,01009001,000779,20,020031,011100,1300
000116400,01009001,000783,20,020031,008515,600
000118800,01009001,000798,20,020031,011114,2400
000133700,01009001,000889,20,020031,008574,14900
000140500,01009001,000936,20,020031,011114,6800
000145800,01009001,000970,20,020031,011114,5300
000150000,01009001,001004,20,020031,011100,4200
000155100,01009001,001038,20,020031,008515,5100
000160600,01009001,001079,20,020031,011114,5500
000161200,01009001,001084,20,020031,008515,600
000169200,01009001,001135,20,020031,011114,8000
000193800,01009001,001316,20,020031,008515,24600
000194400,01009001,001319,20,020031,008515,600
000205200,01009001,001389,20,020031,011100,10800
000212000,01009001,001440,20,020031,011100,6800
000218300,01009001,001487,20,020031,008574,6300
000218900,01009001,001489,20,020031,011100,600
000231400,01009001,001585,20,020031,008515,12500
000251900,01009001,001746,20,020031,008515,20500
000252500,01009001,001750,20,020031,008574,600
000254800,01009001,001769,20,020031,011100,2300
000260200,01009001,001804,20,020031,008515,5400
000275700,01009001,001922,20,020031,008515,15500
000281500,01009001,001960,20,020031,011100,5800
000291800,01009001,002027,20,020031,008574,10300
000292800,01009001,002034,20,020031,011100,1000
000293600,01009001,002042,20,020031,008515,800
000006800,01009001,000034,20,020031,008515,6800
000021000,01009001,000111,20,020031,008515,14200
000027500,01009001,000149,20,020031,011114,6500
000046900,01009001,000228,20,020031,008574,19400
000053700,01009001,000256,20,020031,008515,6800
000062000,01009001,000293,20,020031,008515,8300
000062600,01009001,000296,20,020031,011100,600
000073400,01009001,000345,20,020031,011114,10800
000089500,01009001,000420,20,020031,011100,16100
000097800,01009001,000452,20,020031,011114,8300
000130900,01009001,000602,20,020031,011114,33100
000131600,01009001,000611,20,020031,011100,700
000136600,01009001,000638,20,020031,008515,5000
000003900,01009001,000017,20,020031,011114,3900
000011100,01009001,000050,20,020031,008574,7200
000033000,01009001,000169,20,020031,011100,21900
000047800,01009001,000244,20,020031,008515,14800
000052800,01009001,000274,20,020031,008574,5000
000070400,01009001,000357,20,020031,011114,17600
000071700,01009001,000367,20,020031,008515,1300
000074100,01009001,000378,20,020031,008574,2400
000076500,01009001,000393,20,020031,008515,2400
000089700,01009001,000456,20,020031,011114,13200
000001200,01009001,000003,20,020031,011100,1200
000056300,01009001,000240,20,020031,008574,55100
000062200,01009001,000278,20,020031,011114,5900
000069400,01009001,000319,20,020031,008515,7200
000086300,01009001,000407,20,020031,008515,16900
000100200,01009001,000467,20,020031,008574,13900
000102000,01009001,000476,20,020031,011100,1800
000113100,01009001,000531,20,020031,011100,11100
000118100,01009001,000554,20,020031,011100,5000
000120400,01009001,000565,20,020031,011100,2300
000129000,01009001,000602,20,020031,011100,8600
000142300,01009001,000668,20,020031,011100,13300
000167200,01009001,000786,20,020031,008515,24900
000176400,01009001,000829,20,020031,008574,9200
000189100,01009001,000884,20,020031,011114,12700
000190300,01009001,000890,20,020031,008515,1200
000195400,01009001,000915,20,020031,008515,5100
000212800,01009001,001005,20,020031,008515,17400
000224300,01009001,001058,20,020031,008574,11500
000004900,01009001,000018,20,020031,008515,4900
000010200,01009001,000038,20,020031,008574,5300
000025200,01009001,000106,20,020031,008574,15000
000046100,01009001,000210,20,020031,008515,20900
000050500,01009001,000232,20,020031,008515,4400
000055100,01009001,000254,20,020031,008515,4600
000107800,01009001,000488,20,020031,008515,52700
000120000,01009001,000549,20,020031,008574,12200
000123700,01009001,000565,20,020031,011100,3700
000127300,01009001,000581,20,020031,008515,3600
000139500,01009001,000634,20,020031,011100,12200
000143400,01009001,000656,20,020031,008574,3900
000004800,01009001,000038,20,020031,008574,4800
000018800,01009001,000176,20,020031,008515,14000
000022300,01009001,000223,20,020031,011114,3500
000023600,01009001,000234,20,020031,011100,1300
000032000,01009001,000311,20,020031,008574,8400
000035900,01009001,000346,20,020031,011114,3900
000045600,01009001,000441,20,020031,011100,9700
000051400,01009001,000490,20,020031,011100,5800
000053200,01009001,000508,20,020031,011114,1800
000058700,01009001,000552,20,020031,008515,5500
000060100,01009001,000565,20,020031,011100,1400
000066500,01009001,000615,20,020031,008515,6400
000070300,01009001,000644,20,020031,011114,3800
000078600,01009001,000713,20,020031,008574,8300
000079200,01009001,000721,20,020031,008574,600
000079800,01009001,000730,20,020031,011114,600
000080800,01009001,000737,20,020031,011100,1000
000089500,01009001,000812,20,020031,008515,8700
000090500,01009001,000823,20,020031,011100,1000
000094500,01009001,000861,20,020031,008574,4000
000100000,01009001,000918,20,020031,008574,5500
000100600,01009001,000922,20,020031,008515,600
000009900,01009001,000088,20,020031,008574,9900
000026800,01009001,000240,20,020031,008574,16900
000028900,01009001,000263,20,020031,008574,2100
000030200,01009001,000275,20,020031,008574,1300
000037600,01009001,000341,20,020031,008574,7400
000042200,01009001,000387,20,020031,011100,4600
000048400,01009001,000448,20,020031,011100,6200
000059300,01009001,000541,20,020031,011114,10900
000063300,01009001,000589,20,020031,008574,4000
000071600,01009001,000683,20,020031,008574,8300
000072200,01009001,000689,20,020031,008574,600
000076400,01009001,000730,20,020031,011100,4200
000081400,01009001,000766,20,020031,008574,5000
000082400,01009001,000778,20,020031,008515,1000
000085200,01009001,000800,20,020031,008515,2800
000096300,01009001,000900,20,020031,011114,11100
000101700,01009001,000949,20,020031,011114,5400
000102300,01009001,000956,20,020031,008574,600
000102900,01009001,000969,20,020031,008515,600
000105500,01009001,000996,20,020031,008515,2600
000124300,01009001,001182,20,020031,011114,18800
000126200,01009001,001197,20,020031,011114,1900
000131100,01009001,001243,20,020031,008515,4900
000144800,01009001,001348,20,020031,008515,13700
000157100,01009001,001474,20,020031,008574,12300
000158200,01009001,001485,20,020031,011114,1100
000160400,01009001,001502,20,020031,008515,2200
000164100,01009001,001531,20,020031,011114,3700
000165500,01009001,001538,20,020031,008574,1400
000171100,01009001,001585,20,020031,008515,5600
000171700,01009001,001597,20,020031,011114,600
000172300,01009001,001608,20,020031,008515,600
000174200,01009001,001628,20,020031,011114,1900
000179600,01009001,001673,20,020031,008574,5400
000181900,01009001,001698,20,020031,011100,2300
000193600,01009001,001819,20,020031,011100,11700
000200300,01009001,001874,20,020031,011100,6700
000201600,01009001,001885,20,020031,008515,1300
000205500,01009001,001920,20,020031,008515,3900
000209700,01009001,001964,20,020031,008574,4200
000211300,01009001,001980,20,020031,008574,1600
000000900,01009001,000005,20,020031,011114,900
000003600,01009001,000034,20,020031,011100,2700
000004500,01009001,000039,20,020031,011100,900
000005200,01009001,000048,20,020031,008515,700
000018600,01009001,000168,20,020031,011100,13400
000022100,01009001,000199,20,020031,011100,3500
000025800,01009001,000243,20,020031,011114,3700
000027100,01009001,000258,20,020031,011100,1300
000032600,01009001,000301,20,020031,008574,5500
000033300,01009001,000308,20,020031,008574,700
000038700,01009001,000349,20,020031,011100,5400
000041400,01009001,000384,20,020031,008574,2700
000042000,01009001,000388,20,020031,008574,600
000047600,01009001,000445,20,020031,011114,5600
000048300,01009001,000454,20,020031,011100,700
000053500,01009001,000497,20,020031,011100,5200
000058300,01009001,000534,20,020031,011114,4800
000059000,01009001,000542,20,020031,008515,700
000059700,01009001,000546,20,020031,008574,700
000063300,01009001,000567,20,020031,008574,3600
000064600,01009001,000575,20,020031,008574,1300
000066300,01009001,000591,20,020031,008515,1700
000074500,01009001,000664,20,020031,011114,8200
000079500,01009001,000721,20,020031,011114,5000
000083100,01009001,000764,20,020031,008515,3600
000085900,01009001,000786,20,020031,011100,2800
000093800,01009001,000874,20,020031,011114,7900
000095500,01009001,000889,20,020031,008515,1700
000099600,01009001,000929,20,020031,008574,4100
000107800,01009001,001000,20,020031,011100,8200
000000700,01009001,000008,20,020031,011114,700
000002400,01009001,000026,20,020031,011114,1700
000008000,01009001,000073,20,020031,011114,5600
000011800,01009001,000111,20,020031,008574,3800
000015000,01009001,000143,20,020031,011114,3200
000026000,01009001,000249,20,020031,011100,11000
000027600,01009001,000265,20,020031,011100,1600
000028600,01009001,000274,20,020031,011100,1000
000030400,01009001,000290,20,020031,008515,1800
000031600,01009001,000301,20,020031,011114,1200
000032200,01009001,000310,20,020031,011114,600
000033200,01009001,000315,20,020031,008574,1000
000036900,01009001,000345,20,020031,011100,3700
000046000,01009001,000434,20,020031,011100,9100
000048700,01009001,000452,20,020031,008515,2700
000049300,01009001,000461,20,020031,008574,600
000049900,01009001,000466,20,020031,011114,600
000056900,01009001,000532,20,020031,011114,7000
000060400,01009001,000565,20,020031,008574,3500
000061800,01009001,000581,20,020031,008515,1400
000063400,01009001,000593,20,020031,011114,1600
000077200,01009001,000699,20,020031,008574,13800
000003000,01009001,000023,20,020031,011100,3000
000004100,01009001,000032,20,020031,008515,1100
000012100,01009001,000099,20,020031,011100,8000
000017700,01009001,000146,20,020031,008515,5600
000019600,01009001,000162,20,020031,011100,1900
000026600,01009001,000238,20,020031,011114,7000
000028900,01009001,000260,20,020031,011114,2300
000030600,01009001,000272,20,020031,011114,1700
000031700,01009001,000284,20,020031,008515,1100
000043000,01009001,000399,20,020031,008574,11300
000046200,01009001,000432,20,020031,011114,3200
000047700,01009001,000448,20,020031,011100,1500
000051200,01009001,000489,20,020031,011100,3500
000055500,01009001,000536,20,020031,011114,4300
000056100,01009001,000542,20,020031,008574,600
000067800,01009001,000646,20,020031,011100,11700
000078300,01009001,000746,20,020031,011114,10500
000079900,01009001,000761,20,020031,011100,1600
000080500,01009001,000763,20,020031,008574,600
000082100,01009001,000779,20,020031,008574,1600
000082700,01009001,000788,20,020031,008515,600
000005300,01009001,000055,20,020031,011114,5300
000014900,01009001,000139,20,020031,011114,9600
000023300,01009001,000217,20,020031,008574,8400
000031000,01009001,000271,20,020031,011100,7700
000035100,01009001,000298,20,020031,011100,4100
000035900,01009001,000302,20,020031,011100,800
000036500,01009001,000309,20,020031,008574,600
000038400,01009001,000324,20,020031,011114,1900
000040400,01009001,000341,20,020031,008574,2000
000046100,01009001,000390,20,020031,008574,5700
000053500,01009001,000441,20,020031,008515,7400
000054100,01009001,000445,20,020031,008574,600
000055500,01009001,000458,20,020031,011114,1400
000056100,01009001,000467,20,020031,011100,600
000060000,01009001,000518,20,020031,011114,3900
000065300,01009001,000565,20,020031,008515,5300
000067200,01009001,000583,20,020031,011100,1900
000068700,01009001,000598,20,020031,011114,1500
000069300,01009001,000606,20,020031,008574,600
000069900,01009001,000612,20,020031,008515,600
000077600,01009001,000680,20,020031,008574,7700
000079200,01009001,000697,20,020031,011100,1600
000088500,01009001,000772,20,020031,008574,9300
000090100,01009001,000787,20,020031,011100,1600
000091200,01009001,000795,20,020031,011114,1100
000093800,01009001,000824,20,020031,008574,2600
000097900,01009001,000861,20,020031,011100,4100
000105300,01009001,000923,20,020031,011100,7400
000105900,01009001,000926,20,020031,008574,600
000111400,01009001,000980,20,020031,008515,5500
000112500,01009001,000996,20,020031,008515,1100
000113100,01009001,001000,20,020031,008574,600
000116900,01009001,001046,20,020031,008574,3800
000118700,01009001,001060,20,020031,008515,1800
000127800,01009001,001139,20,020031,008574,9100
000131900,01009001,001169,20,020031,008515,4100
000139600,01009001,001249,20,020031,011114,7700
000142400,01009001,001273,20,020031,008574,2800
000148300,01009001,001322,20,020031,008515,5900
000148900,01009001,001330,20,020031,011100,600
000150200,01009001,001344,20,020031,008515,1300
000154700,01009001,001386,20,020031,008515,4500
000156000,01009001,001399,20,020031,008574,1300
000163300,01009001,001469,20,020031,008574,7300
000000400,01009001,000043,20,020031,011114,400
000001000,01009001,000048,20,020031,008515,600
000001600,01009001,000089,20,020031,011114,600
000002200,01009001,000096,20,020031,011114,600
000002800,01009001,000126,20,020031,011114,600
000003400,01009001,000132,20,020031,011100,600
000004000,01009001,000143,20,020031,008515,600
000004600,01009001,000176,20,020031,008574,600
000005200,01009001,000181,20,020031,011100,600
000005800,01009001,000200,20,020031,008515,600
000006400,01009001,000220,20,020031,008574,600
000007000,01009001,000229,20,020031,011114,600
000007600,01009001,000253,20,020031,011100,600
000008200,01009001,000262,20,020031,008515,600
000008800,01009001,000275,20,020031,008574,600
000009400,01009001,000300,20,020031,011100,600
000010000,01009001,000310,20,020031,008574,600
000010600,01009001,000315,20,020031,011100,600
000011200,01009001,000342,20,020031,011114,600
000011800,01009001,000355,20,020031,008574,600
000012400,01009001,000362,20,020031,011114,600
000013000,01009001,000388,20,020031,008515,600
000013600,01009001,000398,20,020031,011114,600
000014200,01009001,000408,20,020031,008574,600
000014800,01009001,000434,20,020031,008574,600
000015400,01009001,000445,20,020031,008515,600
000016000,01009001,000448,20,020031,011114,600
000016600,01009001,000480,20,020031,008574,600
000017200,01009001,000490,20,020031,008515,600
000017800,01009001,000495,20,020031,011100,600
000018400,01009001,000521,20,020031,011100,600
000019000,01009001,000533,20,020031,011114,600
000019600,01009001,000540,20,020031,008574,600
000020200,01009001,000566,20,020031,008574,600
000020800,01009001,000577,20,020031,011114,600
000021400,01009001,000583,20,020031,008515,600
000022000,01009001,000608,20,020031,008574,600
000022600,01009001,000625,20,020031,011100,600
000023200,01009001,000628,20,020031,011114,600
000023800,01009001,000648,20,020031,008574,600
000024400,01009001,000667,20,020031,011114,600
000025000,01009001,000675,20,020031,011114,600
000025600,01009001,000695,20,020031,008515,600
000026200,01009001,000706,20,020031,008574,600
000026800,01009001,000713,20,020031,008574,600
000027400,01009001,000738,20,020031,011100,600
000028000,01009001,000753,20,020031,011114,600
000028600,01009001,000761,20,020031,008574,600
000029200,01009001,000777,20,020031,011100,600
000029800,01009001,000794,20,020031,011100,600
000030400,01009001,000802,20,020031,011114,600
000031000,01009001,000823,20,020031,008574,600
000031600,01009001,000838,20,020031,011114,600
000032200,01009001,000844,20,020031,008574,600
000032800,01009001,000859,20,020031,011114,600
000033400,01009001,000882,20,020031,008515,600
000034000,01009001,000888,20,020031,011114,600
000034600,01009001,000899,20,020031,011100,600
000035200,01009001,000925,20,020031,008574,600
000035800,01009001,000930,20,020031,011114,600
000036400,01009001,000938,20,020031,011100,600
000037000,01009001,000968,20,020031,008574,600
000037600,01009001,000975,20,020031,008574,600
000038200,01009001,000978,20,020031,008515,600
000038800,01009001,001005,20,020031,011114,600
000039400,01009001,001014,20,020031,011100,600
000040000,01009001,001023,20,020031,011114,600
000040600,01009001,001050,20,020031,008574,600
000041200,01009001,001057,20,020031,011100,600
000041800,01009001,001064,20,020031,011114,600
000042400,01009001,001090,20,020031,008574,600
000043000,01009001,001102,20,020031,011100,600
000043600,01009001,001105,20,020031,008515,600
000044200,01009001,001134,20,020031,008574,600
000044800,01009001,001141,20,020031,008515,600
000045400,01009001,001145,20,020031,011114,600
000046000,01009001,001176,20,020031,008515,600
000046600,01009001,001183,20,020031,011114,600
000047200,01009001,001190,20,020031,008515,600
000047800,01009001,001217,20,020031,011114,600
000048400,01009001,001226,20,020031,008515,600
000049000,01009001,001229,20,020031,011100,600
000049600,01009001,001258,20,020031,011114,600
000050200,01009001,001265,20,020031,008515,600
000050800,01009001,001275,20,020031,011114,600
000051400,01009001,001300,20,020031,008574,600
000052000,01009001,001307,20,020031,008515,600
000052600,01009001,001312,20,020031,008574,600
000053200,01009001,001341,20,020031,008515,600
000053800,01009001,001347,20,020031,011100,600
000054400,01009001,001354,20,020031,008515,600
000055000,01009001,001381,20,020031,008574,600
000055600,01009001,001388,20,020031,008515,600
000056200,01009001,001396,20,020031,011100,600
000056800,01009001,001420,20,020031,008574,600
000009800,01009001,000052,20,020031,011114,9800
000011500,01009001,000061,20,020031,011114,1700
000018200,01009001,000092,20,020031,008515,6700
000039900,01009001,000191,20,020031,011100,21700
000040500,01009001,000193,20,020031,011114,600
000060500,01009001,000279,20,020031,011114,20000
000062600,01009001,000281,20,020031,008515,2100
000064600,01009001,000291,20,020031,011114,2000
000079800,01009001,000369,20,020031,011100,15200
000081000,01009001,000379,20,020031,008515,1200
000081900,01009001,000382,20,020031,008515,900
000086800,01009001,000398,20,020031,008515,4900
000099300,01009001,000465,20,020031,008515,12500
000113300,01009001,000535,20,020031,008574,14000
000118100,01009001,000555,20,020031,011100,4800
000127800,01009001,000593,20,020031,011114,9700
000131900,01009001,000615,20,020031,011114,4100
000145300,01009001,000686,20,020031,011114,13400
000148900,01009001,000701,20,020031,011114,3600
000163400,01009001,000778,20,020031,011114,14500
000164000,01009001,000779,20,020031,008574,600
000170000,01009001,000805,20,020031,011114,6000
000170600,01009001,000808,20,020031,011114,600
000176000,01009001,000839,20,020031,008515,5400
000178100,01009001,000848,20,020031,008574,2100
000182300,01009001,000875,20,020031,008574,4200
000185500,01009001,000897,20,020031,011114,3200
000195100,01009001,000942,20,020031,011114,9600
000195700,01009001,000946,20,020031,011100,600
000220800,01009001,001075,20,020031,011114,25100
000222000,01009001,001083,20,020031,008515,1200
000230800,01009001,001117,20,020031,011114,8800
000252200,01009001,001210,20,020031,008515,21400
000258400,01009001,001239,20,020031,011100,6200
000262000,01009001,001258,20,020031,011114,3600
000262700,01009001,001259,20,020031,008574,700
000018500,01009001,000179,20,020031,008515,18500
000023100,01009001,000220,20,020031,011100,4600
000027000,01009001,000258,20,020031,008574,3900
000027800,01009001,000267,20,020031,008574,800
000032700,01009001,000307,20,020031,008515,4900
000038100,01009001,000352,20,020031,008574,5400
000039200,01009001,000366,20,020031,008515,1100
000045600,01009001,000423,20,020031,008515,6400
000053200,01009001,000489,20,020031,011114,7600
000053800,01009001,000496,20,020031,008515,600
000057500,01009001,000526,20,020031,011114,3700
000061900,01009001,000560,20,020031,008515,4400
000068500,01009001,000619,20,020031,008515,6600
000072300,01009001,000657,20,020031,008515,3800
000074700,01009001,000683,20,020031,011114,2400
000075400,01009001,000689,20,020031,008574,700
000076100,01009001,000692,20,020031,011114,700
000080800,01009001,000736,20,020031,008574,4700
000082100,01009001,000750,20,020031,008515,1300
000088300,01009001,000802,20,020031,011114,6200
000015400,01009001,000077,20,020031,011114,15400
000029800,01009001,000135,20,020031,011100,14400
000005700,01009001,000035,20,020031,008515,5700
000011500,01009001,000062,20,020031,011100,5800
000017400,01009001,000087,20,020031,011100,5900
000019200,01009001,000096,20,020031,011100,1800
000000300,01009001,000003,20,020031,011100,300
000002200,01009001,000009,20,020031,008515,1900
000011300,01009001,000048,20,020031,008515,9100
000016700,01009001,000066,20,020031,008515,5400
000007900,01009001,000027,20,020031,008574,7900
000003000,01009001,000015,20,020031,008515,3000
000032900,01009001,000151,20,020031,011100,29900
000033500,01009001,000154,20,020031,008515,600
000035200,01009001,000165,20,020031,011100,1700
000038200,01009001,000176,20,020031,008574,3000
000056900,01009001,000243,20,020031,008515,18700
000065000,01009001,000282,20,020031,008515,8100
000070600,01009001,000302,20,020031,008515,5600
000071700,01009001,000313,20,020031,008515,1100
000084600,01009001,000364,20,020031,011100,12900
000110100,01009001,000483,20,020031,008515,25500
000126500,01009001,000559,20,020031,008515,16400
000133000,01009001,000584,20,020031,008515,6500
000145200,01009001,000637,20,020031,011100,12200
000163400,01009001,000709,20,020031,011100,18200
000167200,01009001,000732,20,020031,011100,3800
000181600,01009001,000788,20,020031,011100,14400
000188500,01009001,000818,20,020031,008515,6900
000195400,01009001,000847,20,020031,008515,6900
000203300,01009001,000887,20,020031,008515,7900
000210100,01009001,000912,20,020031,008515,6800
000212900,01009001,000922,20,020031,011114,2800
000247500,01009001,001083,20,020031,011100,34600
000252800,01009001,001106,20,020031,011114,5300
000266600,01009001,001166,20,020031,011100,13800
000267600,01009001,001171,20,020031,011100,1000
000270800,01009001,001186,20,020031,011100,3200
000279200,01009001,001225,20,020031,008515,8400
000301800,01009001,001307,20,020031,011100,22600
000329300,01009001,001424,20,020031,011100,27500
000335500,01009001,001454,20,020031,011100,6200
000347100,01009001,001499,20,020031,008515,11600
000382900,01009001,001640,20,020031,008515,35800
000395700,01009001,001689,20,020031,011100,12800
000402800,01009001,001722,20,020031,011100,7100
000408300,01009001,001740,20,020031,008515,5500
000422200,01009001,001803,20,020031,008515,13900
000426700,01009001,001831,20,020031,008515,4500
000451700,01009001,001938,20,020031,011100,25000
000460100,01009001,001968,20,020031,008574,8400
000463800,01009001,001982,20,020031,008574,3700
000465500,01009001,001988,20,020031,008515,1700
000475000,01009001,002016,20,020031,011100,9500
000475900,01009001,002019,20,020031,008515,900
000527300,01009001,002241,20,020031,011100,51400
000563500,01009001,002412,20,020031,011100,36200
000571200,01009001,002460,20,020031,008515,7700
000587700,01009001,002529,20,020031,008515,16500
000601300,01009001,002581,20,020031,011100,13600
000601900,01009001,002582,20,020031,008515,600
000606100,01009001,002604,20,020031,011100,4200
000607400,01009001,002607,20,020031,011100,1300
000610600,01009001,002620,20,020031,008515,3200
000624800,01009001,002666,20,020031,008515,14200
000630800,01009001,002694,20,020031,011114,6000
000648700,01009001,002760,20,020031,008515,17900
000652200,01009001,002777,20,020031,011100,3500
000666700,01009001,002832,20,020031,008515,14500
000697600,01009001,002945,20,020031,011100,30900
000714900,01009001,003015,20,020031,008515,17300
000719200,01009001,003035,20,020031,008515,4300
000720900,01009001,003042,20,020031,011100,1700
000727700,01009001,003070,20,020031,008515,6800
000730900,01009001,003085,20,020031,011100,3200
000736000,01009001,003103,20,020031,008515,5100
000744400,01009001,003131,20,020031,011100,8400
000767700,01009001,003222,20,020031,008515,23300
000777900,01009001,003260,20,020031,011100,10200
000778500,01009001,003264,20,020031,011100,600
000785300,01009001,003296,20,020031,008515,6800
000794300,01009001,003325,20,020031,011114,9000
000821700,01009001,003421,20,020031,008515,27400
000823900,01009001,003430,20,020031,011100,2200
000834400,01009001,003468,20,020031,008515,10500
000848100,01009001,003516,20,020031,008515,13700
000868300,01009001,003601,20,020031,008515,20200
000873700,01009001,003631,20,020031,011100,5400
000879700,01009001,003657,20,020031,011100,6000
000884500,01009001,003677,20,020031,008515,4800
000885100,01009001,003680,20,020031,011100,600
000886700,01009001,003688,20,020031,008515,1600
000897000,01009001,003736,20,020031,008574,10300
000909800,01009001,003780,20,020031,011100,12800
000911000,01009001,003789,20,020031,011100,1200
000913900,01009001,003802,20,020031,011114,2900
000917600,01009001,003815,20,020031,008515,3700
000919000,01009001,003822,20,020031,011100,1400
000921800,01009001,003835,20,020031,008515,2800
000922900,01009001,003841,20,020031,011100,1100
000925200,01009001,003853,20,020031,011100,2300
000931800,01009001,003881,20,020031,008574,6600
000933700,01009001,003886,20,020031,011100,1900
000942300,01009001,003927,20,020031,008515,8600
000954600,01009001,003980,20,020031,008574,12300
000955200,01009001,003986,20,020031,008515,600
000958300,01009001,003995,20,020031,011114,3100
000977800,01009001,004067,20,020031,008515,19500
000982700,01009001,004087,20,020031,008515,4900
001002400,01009001,004155,20,020031,011100,19700
001008800,01009001,004185,20,020031,008574,6400
001022200,01009001,004241,20,020031,008574,13400
001027100,01009001,004260,20,020031,011100,4900
001056800,01009001,004363,20,020031,008515,29700
001074300,01009001,004437,20,020031,011100,17500
001107300,01009001,004564,20,020031,008515,33000
001123800,01009001,004647,20,020031,011100,16500
001164700,01009001,004810,20,020031,008574,40900
001201700,01009001,004962,20,020031,011100,37000
001227200,01009001,005067,20,020031,008515,25500
001234400,01009001,005104,20,020031,008515,7200
001255400,01009001,005174,20,020031,008515,21000
001261300,01009001,005198,20,020031,011100,5900
001268700,01009001,005234,20,020031,011100,7400
001287100,01009001,005312,20,020031,008574,18400
001293700,01009001,005334,20,020031,011100,6600
001304700,01009001,005370,20,020031,008515,11000
001350800,01009001,005550,20,020031,008515,46100
001352700,01009001,005557,20,020031,011100,1900
001355200,01009001,005568,20,020031,008515,2500
001365000,01009001,005612,20,020031,008515,9800
001370500,01009001,005636,20,020031,008515,5500
001393300,01009001,005717,20,020031,011114,22800
001438900,01009001,005909,20,020031,011100,45600
001439800,01009001,005915,20,020031,008515,900
001447800,01009001,005954,20,020031,008515,8000
001454700,01009001,005987,20,020031,008574,6900
001456000,01009001,005995,20,020031,008515,1300
001465800,01009001,006034,20,020031,008515,9800
001466400,01009001,006036,20,020031,011100,600
001476000,01009001,006071,20,020031,008574,9600
001476700,01009001,006074,20,020031,008515,700
001477600,01009001,006081,20,020031,011100,900
001479200,01009001,006088,20,020031,011100,1600
001494100,01009001,006157,20,020031,008574,14900
001495200,01009001,006160,20,020031,011100,1100
001504500,01009001,006192,20,020031,011114,9300
001523900,01009001,006269,20,020031,011100,19400
001544500,01009001,006359,20,020031,008574,20600
001584300,01009001,006515,20,020031,008515,39800
001590500,01009001,006541,20,020031,011100,6200
001601300,01009001,006591,20,020031,011114,10800
001620500,01009001,006661,20,020031,011100,19200
001625400,01009001,006681,20,020031,011100,4900
001641800,01009001,006747,20,020031,008515,16400
001649800,01009001,006783,20,020031,011100,8000
001675400,01009001,006873,20,020031,011100,25600
001714200,01009001,007021,20,020031,008515,38800
001716600,01009001,007027,20,020031,008574,2400
001731800,01009001,007083,20,020031,008515,15200
001747100,01009001,007165,20,020031,011100,15300
001764000,01009001,007242,20,020031,011100,16900
001765200,01009001,007246,20,020031,011114,1200
001781400,01009001,007302,20,020031,008574,16200
001808900,01009001,007396,20,020031,008515,27500
000006900,01009001,000025,20,020031,008574,6900
000016800,01009001,000063,20,020031,008515,9900
000027000,01009001,000100,20,020031,011114,10200
000051400,01009001,000215,20,020031,011100,24400
000052000,01009001,000216,20,020031,011114,600
000057900,01009001,000245,20,020031,008515,5900
000076400,01009001,000333,20,020031,008515,18500
000028300,01009001,000114,20,020031,008515,28300
000030600,01009001,000121,20,020031,011100,2300
000033000,01009001,000125,20,020031,011100,2400
000033600,01009001,000129,20,020031,011100,600
000037800,01009001,000149,20,020031,011100,4200
000041800,01009001,000168,20,020031,008515,4000
000043900,01009001,000180,20,020031,011100,2100
000047900,01009001,000195,20,020031,008574,4000
000050400,01009001,000205,20,020031,011100,2500
000131200,01009001,000523,20,020031,011100,80800
000138500,01009001,000554,20,020031,011100,7300
000160800,01009001,000662,20,020031,008515,22300
000174100,01009001,000721,20,020031,008515,13300
000002700,01009001,000008,20,020031,008515,2700
000007100,01009001,000028,20,020031,008515,4400
000012400,01009001,000045,20,020031,011100,5300
000017200,01009001,000058,20,020031,008574,4800
000021400,01009001,000076,20,020031,011114,4200
000001300,01009001,000006,20,020031,011100,1300
000010200,01009001,000036,20,020031,011100,8900
000010800,01009001,000038,20,020031,008515,600
000012300,01009001,000045,20,020031,008515,1500
000023900,01009001,000099,20,020031,008574,11600
000027000,01009001,000110,20,020031,008515,3100
000028000,01009001,000117,20,020031,008515,1000
000043300,01009001,000178,20,020031,011100,15300
000080000,01009001,000304,20,020031,008515,36700
000134200,01009001,000507,20,020031,011100,54200
000010800,01009001,000039,20,020031,008515,10800
000012600,01009001,000044,20,020031,011114,1800
000021300,01009001,000077,20,020031,008515,8700
000022200,01009001,000086,20,020031,008515,900
000069000,01009001,000264,20,020031,008515,46800
000084300,01009001,000326,20,020031,011100,15300
000117800,01009001,000454,20,020031,011100,33500
000127800,01009001,000497,20,020031,008515,10000
000014900,01009001,000054,20,020031,008515,14900
000015500,01009001,000057,20,020031,008574,600
000030400,01009001,000107,20,020031,008515,14900
000044800,01009001,000153,20,020031,008515,14400
000086900,01009001,000323,20,020031,011100,42100
000089400,01009001,000338,20,020031,008515,2500
000095300,01009001,000357,20,020031,011114,5900
000099600,01009001,000376,20,020031,011100,4300
000139400,01009001,000557,20,020031,011114,39800
000142200,01009001,000570,20,020031,008515,2800
000005900,01009001,000029,20,020031,008515,5900
000009800,01009001,000043,20,020031,008515,3900
000000400,01009001,000001,20,020031,011100,400
000018100,01009001,000078,20,020031,008515,17700
000019600,01009001,000088,20,020031,008515,1500
000026100,01009001,000110,20,020031,008574,6500
000030200,01009001,000125,20,020031,011100,4100
000033700,01009001,000141,20,020031,011100,3500
000044300,01009001,000190,20,020031,008574,10600
000044900,01009001,000193,20,020031,008515,600
000051900,01009001,000224,20,020031,011100,7000
000058900,01009001,000247,20,020031,008515,7000
000068600,01009001,000299,20,020031,011100,9700
000073700,01009001,000322,20,020031,008515,5100
000113500,01009001,000483,20,020031,008515,39800
000114600,01009001,000489,20,020031,008574,1100
000135800,01009001,000556,20,020031,008515,21200
000175000,01009001,000732,20,020031,008574,39200
000204700,01009001,000850,20,020031,008515,29700
000206500,01009001,000857,20,020031,008515,1800
000226800,01009001,000930,20,020031,008515,20300
000227700,01009001,000935,20,020031,011100,900
000231500,01009001,000946,20,020031,008574,3800
000254500,01009001,001052,20,020031,011100,23000
000261700,01009001,001091,20,020031,008574,7200
000272800,01009001,001136,20,020031,011100,11100
000278200,01009001,001154,20,020031,008515,5400
000285200,01009001,001178,20,020031,008515,7000
000004300,01009001,000018,20,020031,011114,4300
000034400,01009001,000137,20,020031,011100,30100
000035200,01009001,000143,20,020031,008515,800
000046600,01009001,000193,20,020031,008515,11400
000073300,01009001,000296,20,020031,011100,26700
000077600,01009001,000314,20,020031,011100,4300
000090900,01009001,000383,20,020031,008515,13300
000113200,01009001,000474,20,020031,008574,22300
000116400,01009001,000493,20,020031,008515,3200
000012600,01009001,000041,20,020031,008515,12600
000014400,01009001,000049,20,020031,008515,1800
000060700,01009001,000237,20,020031,011114,46300
000065900,01009001,000257,20,020031,008515,5200
000076600,01009001,000294,20,020031,011100,10700
000079600,01009001,000308,20,020031,011100,3000
000082800,01009001,000323,20,020031,011100,3200
000103800,01009001,000404,20,020031,008515,21000
000118200,01009001,000452,20,020031,008515,14400
000135300,01009001,000523,20,020031,011100,17100
000156400,01009001,000604,20,020031,008515,21100
