000000100,01040000,000000,20,008777,011114,100
000001100,01039001,000023,20,008777,008574,1100
000004200,01039001,000078,20,008777,011114,3100
000004900,01040000,000092,20,008777,008515,700
000005300,01039001,000097,20,008777,008515,400
000006000,01040000,000112,20,008777,010852,700
000008100,01039001,000159,20,008777,011114,2100
000008500,01040000,000166,20,008777,010852,400
000009700,01039001,000184,20,008777,008574,1200
000011100,01040000,000204,20,008777,011114,1400
000012900,01039001,000244,20,008777,009760,1800
000013100,01040000,000250,20,008777,008574,200
000014200,01039001,000267,20,008777,008489,1100
000014700,01040000,000276,20,008777,011114,500
000016400,01039001,000305,20,008777,008515,1700
000017400,01040000,000324,20,008777,009760,1000
000017900,01039001,000332,20,008777,008574,500
000018800,01040000,000352,20,008777,010852,900
000021700,01040000,000403,20,008777,008574,2900
000021800,01039001,000405,20,008777,009760,100
000023200,01039001,000431,20,008777,009760,1400
000025300,01039001,000474,20,008777,009760,2100
000027700,01040000,000527,20,008777,008574,2400
000031500,01040000,000605,20,008777,010852,3800
000032600,01039001,000617,20,008777,008515,1100
000033900,01040000,000643,20,008777,010852,1300
000034400,01039001,000647,20,008777,009760,500
000035600,01039001,000675,20,008777,008515,1200
000035800,01040000,000678,20,008777,008515,200
000037000,01039001,000699,20,008777,010852,1200
000037000,01040000,000700,20,008777,011114,0
000038400,01040000,000726,20,008777,008574,1400
000038700,01039001,000737,20,008777,008574,300
000040000,01040000,000756,20,008777,008489,1300
000040400,01039001,000765,20,008777,011114,400
000041700,01040000,000790,20,008777,009760,1300
000042200,01039001,000802,20,008777,008515,500
000043400,01040000,000822,20,008777,011114,1200
000044000,01039001,000838,20,008777,009760,600
000045500,01040000,000861,20,008777,009760,1500
000000100,01039001,000001,20,008777,009760,100
000000600,01040000,000012,20,008777,008574,600
000001200,01039001,000028,20,008777,011114,600
000000400,01040000,000007,20,008777,009760,400
000001200,01039001,000018,20,008777,008574,800
000001500,01040000,000025,20,008777,010852,300
000002300,01039001,000040,20,008777,010852,800
000002800,01040000,000053,20,008777,008489,500
000005600,01039001,000104,20,008777,009760,2800
000005800,01040000,000108,20,008777,009760,200
000006900,01039001,000133,20,008777,008515,1100
000007400,01040000,000143,20,008777,009760,500
000008400,01039001,000166,20,008777,011114,1000
000009800,01040000,000192,20,008777,009760,1400
000010400,01039001,000207,20,008777,008574,600
000011500,01040000,000229,20,008777,008489,1100
000012300,01039001,000246,20,008777,008489,800
000013800,01040000,000277,20,008777,009760,1500
000014500,01039001,000284,20,008777,008515,700
000015400,01040000,000307,20,008777,008489,900
000016000,01039001,000315,20,008777,009760,600
000017000,01040000,000339,20,008777,008489,1000
000017600,01039001,000349,20,008777,011114,600
000018700,01040000,000370,20,008777,008515,1100
000019300,01039001,000382,20,008777,008489,600
000020400,01040000,000399,20,008777,008515,1100
000021000,01039001,000413,20,008777,011114,600
000022200,01040000,000431,20,008777,011114,1200
000022800,01039001,000448,20,008777,008515,600
000024000,01040000,000466,20,008777,008515,1200
000024600,01039001,000481,20,008777,011114,600
000025800,01040000,000502,20,008777,010852,1200
000026400,01039001,000515,20,008777,011114,600
000027600,01040000,000535,20,008777,009760,1200
000031000,01039001,000600,20,008777,011114,3400
000032000,01040000,000624,20,008777,008515,1000
000032600,01039001,000628,20,008777,010852,600
000034200,01039001,000664,20,008777,011114,1600
000034600,01040000,000670,20,008777,008515,400
000036600,01040000,000701,20,008777,009760,2000
000037000,01039001,000716,20,008777,011114,400
000038300,01039001,000735,20,008777,011114,1300
000038400,01040000,000738,20,008777,011114,100
000039800,01039001,000762,20,008777,009760,1400
000002100,01040000,000017,20,008777,009760,2100
000003800,01040000,000039,20,008777,009760,1700
000004200,01039001,000044,20,008777,011114,400
000005000,01040000,000048,20,008777,008574,800
000008300,01039001,000086,20,008777,011114,3300
000008900,01040000,000092,20,008777,008489,600
000012300,01039001,000119,20,008777,008574,3400
000014300,01040000,000137,20,008777,009760,2000
000015800,01039001,000152,20,008777,008515,1500
000016100,01040000,000153,20,008777,011114,300
000018300,01040000,000179,20,008777,011114,2200
000020600,01040000,000205,20,008777,008489,2300
000025600,01040000,000244,20,008777,008574,5000
000026700,01039001,000250,20,008777,009760,1100
000029200,01040000,000276,20,008777,011114,2500
000031200,01040000,000303,20,008777,009760,2000
000036900,01039001,000357,20,008777,009760,5700
000042700,01039001,000415,20,008777,011114,5800
000045300,01039001,000435,20,008777,010852,2600
000048200,01039001,000466,20,008777,010852,2900
000048400,01040000,000469,20,008777,011114,200
000049400,01039001,000478,20,008777,008489,1000
000049700,01040000,000481,20,008777,009760,300
000051200,01040000,000501,20,008777,009760,1500
000051500,01039001,000504,20,008777,011114,300
000053000,01040000,000519,20,008777,011114,1500
000058100,01040000,000560,20,008777,008574,5100
000058100,01039001,000561,20,008777,010852,0
000059400,01039001,000574,20,008777,009760,1300
000060000,01040000,000580,20,008777,008515,600
000062300,01039001,000600,20,008777,011114,2300
000062700,01040000,000606,20,008777,010852,400
000063800,01039001,000618,20,008777,011114,1100
000066400,01040000,000640,20,008777,009760,2600
000067400,01039001,000647,20,008777,011114,1000
000067800,01040000,000652,20,008777,008574,400
000069300,01040000,000663,20,008777,009760,1500
000070800,01039001,000679,20,008777,011114,1500
000073800,01039001,000710,20,008777,011114,3000
000075100,01039001,000727,20,008777,009760,1300
000076400,01040000,000733,20,008777,008489,1300
000076600,01039001,000738,20,008777,009760,200
000003600,01039001,000027,20,008777,008574,3600
000009100,01039001,000075,20,008777,011114,5500
000013200,01040000,000104,20,008777,008574,4100
000015400,01040000,000118,20,008777,011114,2200
000015500,01039001,000120,20,008777,009760,100
000018900,01040000,000142,20,008777,008515,3400
000020100,01040000,000155,20,008777,011114,1200
000021000,01039001,000168,20,008777,009760,900
000023800,01039001,000194,20,008777,008489,2800
000024100,01040000,000199,20,008777,008515,300
000025000,01039001,000210,20,008777,011114,900
000029100,01040000,000248,20,008777,009760,4100
000032200,01040000,000278,20,008777,011114,3100
000035100,01040000,000297,20,008777,011114,2900
000035600,01039001,000304,20,008777,008574,500
000036400,01040000,000309,20,008777,009760,800
000037500,01039001,000324,20,008777,008515,1100
000040100,01040000,000340,20,008777,008515,2600
000040500,01039001,000345,20,008777,009760,400
000044400,01040000,000387,20,008777,008574,3900
000045700,01040000,000396,20,008777,008489,1300
000047400,01040000,000413,20,008777,010852,1700
000059700,01039001,000516,20,008777,008515,12300
000059900,01040000,000518,20,008777,008489,200
000067300,01039001,000597,20,008777,011114,7400
000070600,01039001,000623,20,008777,009760,3300
000071200,01040000,000626,20,008777,008489,600
000077700,01039001,000685,20,008777,008574,6500
000079500,01039001,000699,20,008777,009760,1800
000085800,01040000,000756,20,008777,008515,6300
000086000,01039001,000760,20,008777,009760,200
000088700,01039001,000780,20,008777,009760,2700
000089300,01040000,000787,20,008777,008489,600
000089900,01039001,000792,20,008777,008489,600
000092800,01040000,000814,20,008777,010852,2900
000093600,01039001,000821,20,008777,008574,800
000096300,01039001,000843,20,008777,009760,2700
000097600,01040000,000851,20,008777,009760,1300
000099400,01039001,000867,20,008777,011114,1800
000099500,01040000,000868,20,008777,008489,100
000000100,01039001,000003,20,008777,011114,100
000001200,01039001,000019,20,008777,009760,1100
000001500,01040000,000023,20,008777,008515,300
000003200,01039001,000058,20,008777,009760,1700
000003700,01040000,000066,20,008777,009760,500
000006100,01040000,000112,20,008777,010852,2400
000006400,01039001,000121,20,008777,008574,300
000008500,01040000,000148,20,008777,011114,2100
000010000,01040000,000168,20,008777,008489,1500
000010600,01039001,000174,20,008777,008515,600
000011400,01040000,000194,20,008777,009760,800
000011800,01039001,000198,20,008777,011114,400
000014300,01040000,000233,20,008777,008515,2500
000014700,01039001,000240,20,008777,011114,400
000015800,01040000,000257,20,008777,010852,1100
000017600,01040000,000284,20,008777,011114,1800
000018600,01039001,000298,20,008777,008574,1000
000019900,01040000,000321,20,008777,010852,1300
000021400,01039001,000351,20,008777,011114,1500
000022200,01040000,000364,20,008777,009760,800
000022600,01039001,000376,20,008777,010852,400
000024000,01039001,000404,20,008777,008574,1400
000024500,01040000,000412,20,008777,008574,500
000025700,01039001,000428,20,008777,009760,1200
000026000,01040000,000438,20,008777,008574,300
000027500,01040000,000461,20,008777,009760,1500
000027600,01039001,000464,20,008777,009760,100
000029200,01040000,000491,20,008777,009760,1600
000037300,01039001,000627,20,008777,008515,8100
000038200,01040000,000643,20,008777,008515,900
000039500,01039001,000662,20,008777,008515,1300
000041400,01039001,000691,20,008777,008574,1900
000042100,01040000,000708,20,008777,008489,700
000043900,01039001,000741,20,008777,008515,1800
000044700,01040000,000752,20,008777,008515,800
000045900,01039001,000776,20,008777,008515,1200
000046500,01040000,000785,20,008777,011114,600
000047900,01039001,000811,20,008777,008489,1400
000048300,01040000,000821,20,008777,011114,400
000049200,01039001,000842,20,008777,008515,900
000050100,01040000,000853,20,008777,008574,900
000050600,01039001,000865,20,008777,011114,500
000051900,01040000,000888,20,008777,011114,1300
000052200,01039001,000895,20,008777,009760,300
000053700,01040000,000919,20,008777,011114,1500
000053900,01039001,000925,20,008777,009760,200
000055600,01040000,000954,20,008777,008515,1700
000055700,01039001,000955,20,008777,009760,100
000057500,01039001,000991,20,008777,008515,1800
000057700,01040000,000994,20,008777,011114,200
000059400,01039001,001027,20,008777,009760,1700
000059700,01040000,001031,20,008777,010852,300
000061200,01039001,001059,20,008777,008515,1500
000061600,01040000,001067,20,008777,011114,400
000063000,01039001,001084,20,008777,011114,1400
000063500,01040000,001097,20,008777,009760,500
000064800,01039001,001115,20,008777,009760,1300
000065400,01040000,001128,20,008777,009760,600
000066700,01039001,001147,20,008777,011114,1300
000067300,01040000,001160,20,008777,009760,600
000068500,01039001,001180,20,008777,011114,1200
000069100,01040000,001193,20,008777,009760,600
000070400,01039001,001213,20,008777,009760,1300
000070900,01040000,001227,20,008777,009760,500
000072200,01039001,001243,20,008777,011114,1300
000072800,01040000,001254,20,008777,008489,600
000074000,01039001,001271,20,008777,011114,1200
000074600,01040000,001281,20,008777,009760,600
000075900,01039001,001306,20,008777,008574,1300
000076400,01040000,001313,20,008777,008489,500
000077700,01039001,001334,20,008777,008515,1300
000078600,01040000,001347,20,008777,008574,900
000079500,01039001,001365,20,008777,008574,900
000081400,01039001,001397,20,008777,008515,1900
000083200,01039001,001426,20,008777,010852,1800
000083200,01040000,001427,20,008777,011114,0
000085100,01039001,001457,20,008777,008574,1900
000086900,01039001,001483,20,008777,011114,1800
000088800,01039001,001512,20,008777,011114,1900
000090600,01039001,001540,20,008777,009760,1800
000092000,01040000,001563,20,008777,011114,1400
000092400,01039001,001572,20,008777,010852,400
000094300,01039001,001604,20,008777,010852,1900
000094700,01040000,001608,20,008777,010852,400
000096100,01039001,001630,20,008777,008489,1400
000096900,01040000,001643,20,008777,008489,800
000097900,01039001,001661,20,008777,011114,1000
000098800,01040000,001673,20,008777,009760,900
000099800,01039001,001692,20,008777,008489,1000
000001800,01039001,000040,20,008777,009760,1800
000002400,01040000,000051,20,008777,009760,600
000002900,01039001,000062,20,008777,011114,500
000003500,01040000,000079,20,008777,009760,600
000004200,01039001,000096,20,008777,011114,700
000004800,01040000,000109,20,008777,008489,600
000005800,01039001,000128,20,008777,009760,1000
000006400,01040000,000144,20,008777,009760,600
000007500,01039001,000171,20,008777,009760,1100
000008200,01040000,000183,20,008777,011114,700
000009300,01039001,000204,20,008777,009760,1100
000010000,01040000,000214,20,008777,009760,700
000011100,01039001,000239,20,008777,011114,1100
000011800,01040000,000251,20,008777,008489,700
000012900,01039001,000278,20,008777,010852,1100
000013700,01040000,000295,20,008777,008489,800
000014800,01039001,000315,20,008777,011114,1100
000015600,01040000,000334,20,008777,008489,800
000016600,01039001,000356,20,008777,008574,1000
000017800,01040000,000380,20,008777,011114,1200
000018400,01039001,000394,20,008777,010852,600
000019900,01040000,000428,20,008777,011114,1500
000020300,01039001,000435,20,008777,009760,400
000021800,01040000,000462,20,008777,009760,1500
000022100,01039001,000470,20,008777,008515,300
000023700,01040000,000500,20,008777,008489,1600
000024000,01039001,000505,20,008777,008574,300
000025600,01040000,000537,20,008777,008574,1600
000025800,01039001,000539,20,008777,011114,200
000027500,01040000,000579,20,008777,008515,1700
000027600,01039001,000581,20,008777,008489,100
000029300,01040000,000616,20,008777,011114,1700
000029500,01039001,000619,20,008777,010852,200
000031100,01040000,000648,20,008777,009760,1600
000031400,01039001,000656,20,008777,008574,300
000032900,01040000,000680,20,008777,011114,1500
000033200,01039001,000687,20,008777,008574,300
000034800,01040000,000720,20,008777,011114,1600
000035000,01039001,000723,20,008777,011114,200
000036600,01040000,000758,20,008777,009760,1600
000036900,01039001,000765,20,008777,011114,300
000038400,01040000,000795,20,008777,008489,1500
000038800,01039001,000803,20,008777,010852,400
000040300,01040000,000837,20,008777,008515,1500
000040600,01039001,000844,20,008777,009760,300
000042100,01040000,000871,20,008777,009760,1500
000042400,01039001,000880,20,008777,008515,300
000044000,01040000,000914,20,008777,009760,1600
000044200,01039001,000920,20,008777,008515,200
000045800,01040000,000948,20,008777,011114,1600
000046100,01039001,000958,20,008777,009760,300
000047600,01040000,000990,20,008777,008489,1500
000047900,01039001,000997,20,008777,008489,300
000049500,01040000,001022,20,008777,011114,1600
000049700,01039001,001028,20,008777,011114,200
000051300,01040000,001061,20,008777,009760,1600
000051600,01039001,001066,20,008777,011114,300
000053100,01040000,001092,20,008777,008574,1500
000053500,01039001,001101,20,008777,011114,400
000055000,01040000,001128,20,008777,008574,1500
000055300,01039001,001135,20,008777,008489,300
000056800,01040000,001163,20,008777,008574,1500
000057100,01039001,001169,20,008777,011114,300
000058600,01040000,001193,20,008777,008489,1500
000058900,01039001,001201,20,008777,011114,300
000060500,01040000,001229,20,008777,009760,1600
000060800,01039001,001235,20,008777,008515,300
000062300,01040000,001267,20,008777,011114,1500
000062600,01039001,001273,20,008777,008574,300
000064100,01040000,001300,20,008777,009760,1500
000064400,01039001,001308,20,008777,011114,300
000066000,01040000,001337,20,008777,011114,1600
000066300,01039001,001346,20,008777,009760,300
000067800,01040000,001377,20,008777,009760,1500
000068100,01039001,001383,20,008777,010852,300
000069600,01040000,001408,20,008777,008515,1500
000070000,01039001,001414,20,008777,008515,400
000071500,01040000,001444,20,008777,010852,1500
000072100,01039001,001454,20,008777,011114,600
000073300,01040000,001480,20,008777,010852,1200
000074400,01039001,001503,20,008777,009760,1100
000075100,01040000,001516,20,008777,009760,700
000076700,01039001,001547,20,008777,008515,1600
000077000,01040000,001554,20,008777,008489,300
000078800,01040000,001588,20,008777,008489,1800
000079000,01039001,001593,20,008777,008515,200
000080700,01040000,001628,20,008777,011114,1700
000081300,01039001,001642,20,008777,011114,600
000082500,01040000,001664,20,008777,010852,1200
000083600,01039001,001686,20,008777,010852,1100
000084300,01040000,001699,20,008777,008489,700
000085900,01039001,001728,20,008777,009760,1600
000086200,01040000,001733,20,008777,010852,300
000088000,01040000,001767,20,008777,009760,1800
000088200,01039001,001770,20,008777,008574,200
000089800,01040000,001799,20,008777,011114,1600
000090500,01039001,001816,20,008777,011114,700
000091700,01040000,001836,20,008777,008489,1200
000092800,01039001,001858,20,008777,011114,1100
000093600,01040000,001875,20,008777,011114,800
000095100,01039001,001905,20,008777,011114,1500
000095500,01040000,001910,20,008777,008515,400
000097300,01040000,001947,20,008777,008574,1800
000097600,01039001,001955,20,008777,009760,300
000099200,01040000,001986,20,008777,008489,1600
000000400,01039001,000006,20,008777,011114,400
000000600,01040000,000015,20,008777,011114,200
000003500,01039001,000089,20,008777,011114,2900
000003800,01040000,000095,20,008777,008489,300
000004700,01039001,000114,20,008777,008489,900
000005000,01040000,000121,20,008777,008489,300
000006000,01039001,000138,20,008777,011114,1000
000006600,01040000,000159,20,008777,008489,600
000007500,01039001,000178,20,008777,010852,900
000008100,01040000,000191,20,008777,011114,600
000009200,01039001,000220,20,008777,011114,1100
000011100,01039001,000262,20,008777,009760,1900
000011900,01040000,000283,20,008777,009760,800
000012900,01039001,000302,20,008777,009760,1000
000013600,01040000,000316,20,008777,008489,700
000015100,01040000,000353,20,008777,009760,1500
000015700,01039001,000372,20,008777,009760,600
000016700,01040000,000386,20,008777,008489,1000
000017400,01039001,000403,20,008777,009760,700
000018400,01040000,000423,20,008777,008574,1000
000019100,01039001,000438,20,008777,008515,700
000020200,01040000,000461,20,008777,008489,1100
000020800,01039001,000478,20,008777,008574,600
000022000,01040000,000503,20,008777,009760,1200
000022600,01039001,000516,20,008777,010852,600
000023800,01040000,000544,20,008777,008574,1200
000024500,01039001,000557,20,008777,008489,700
000025600,01040000,000581,20,008777,011114,1100
000026300,01039001,000598,20,008777,009760,700
000027400,01040000,000625,20,008777,009760,1100
000028100,01039001,000637,20,008777,008515,700
000029200,01040000,000662,20,008777,009760,1100
000030000,01039001,000679,20,008777,009760,800
000031000,01040000,000704,20,008777,008489,1000
000031800,01039001,000721,20,008777,010852,800
000032800,01040000,000744,20,008777,009760,1000
000033600,01039001,000760,20,008777,011114,800
000034600,01040000,000787,20,008777,008515,1000
000035500,01039001,000802,20,008777,011114,900
000036500,01040000,000830,20,008777,008574,1000
000037300,01039001,000842,20,008777,009760,800
000038300,01040000,000867,20,008777,010852,1000
000039200,01039001,000885,20,008777,010852,900
000040100,01040000,000905,20,008777,008489,900
000041000,01039001,000927,20,008777,008574,900
000042000,01040000,000949,20,008777,011114,1000
000042900,01039001,000965,20,008777,008574,900
000043800,01040000,000988,20,008777,008489,900
000044800,01039001,001005,20,008777,008574,1000
000045600,01040000,001019,20,008777,008574,800
000046600,01039001,001040,20,008777,008515,1000
000047500,01040000,001057,20,008777,008515,900
000048500,01039001,001082,20,008777,009760,1000
000049300,01040000,001099,20,008777,009760,800
000050300,01039001,001120,20,008777,011114,1000
000051100,01040000,001138,20,008777,008489,800
000052100,01039001,001161,20,008777,008515,1000
000053300,01040000,001185,20,008777,009760,1200
000054000,01039001,001205,20,008777,011114,700
000055400,01040000,001236,20,008777,008489,1400
000055800,01039001,001246,20,008777,011114,400
000057400,01040000,001279,20,008777,011114,1600
000057600,01039001,001286,20,008777,008515,200
000059300,01040000,001315,20,008777,008574,1700
000059500,01039001,001321,20,008777,008574,200
000061200,01040000,001354,20,008777,008489,1700
000061300,01039001,001356,20,008777,008574,100
000063000,01040000,001391,20,008777,008489,1700
000063100,01039001,001394,20,008777,011114,100
000064900,01040000,001433,20,008777,011114,1800
000065000,01039001,001436,20,008777,008574,100
000066700,01040000,001471,20,008777,008574,1700
000066800,01039001,001475,20,008777,008515,100
000068500,01040000,001508,20,008777,011114,1700
000068700,01039001,001515,20,008777,010852,200
000070400,01040000,001552,20,008777,009760,1700
000071100,01039001,001566,20,008777,008489,700
000072200,01040000,001591,20,008777,011114,1100
000074000,01040000,001626,20,008777,008489,1800
000075000,01039001,001649,20,008777,008515,1000
000075900,01040000,001665,20,008777,009760,900
000077700,01040000,001698,20,008777,008515,1800
000079500,01040000,001728,20,008777,011114,1800
000081300,01040000,001764,20,008777,008489,1800
000082800,01039001,001793,20,008777,008574,1500
000083200,01040000,001805,20,008777,011114,400
000085100,01040000,001838,20,008777,008574,1900
000085900,01039001,001856,20,008777,010852,800
000086900,01040000,001875,20,008777,008489,1000
000088300,01039001,001907,20,008777,009760,1400
000088700,01040000,001914,20,008777,011114,400
000090500,01039001,001947,20,008777,008574,1800
000090500,01040000,001948,20,008777,011114,0
000092400,01040000,001987,20,008777,010852,1900
000092500,01039001,001991,20,008777,009760,100
000094200,01040000,002025,20,008777,008515,1700
000094400,01039001,002032,20,008777,011114,200
000096100,01040000,002067,20,008777,011114,1700
000096300,01039001,002072,20,008777,008574,200
000097900,01040000,002111,20,008777,011114,1600
000098200,01039001,002116,20,008777,010852,300
000099700,01040000,002146,20,008777,008489,1500
000100000,01039001,002152,20,008777,008489,300
000000800,01040000,000034,20,008777,009760,800
000001600,01039001,000056,20,008777,011114,800
000001900,01040000,000065,20,008777,011114,300
000003100,01039001,000096,20,008777,011114,1200
000003500,01040000,000102,20,008777,008489,400
000004300,01039001,000127,20,008777,011114,800
000005100,01040000,000146,20,008777,008574,800
000005700,01039001,000157,20,008777,009760,600
000006800,01040000,000192,20,008777,009760,1100
000007400,01039001,000199,20,008777,008489,600
000008600,01040000,000235,20,008777,009760,1200
000009200,01039001,000241,20,008777,009760,600
000010400,01040000,000274,20,008777,008574,1200
000011000,01039001,000286,20,008777,008489,600
000012200,01040000,000321,20,008777,008515,1200
000012800,01039001,000330,20,008777,011114,600
000014000,01040000,000366,20,008777,008489,1200
000014600,01039001,000373,20,008777,011114,600
000015800,01040000,000408,20,008777,008515,1200
000017600,01040000,000448,20,008777,009760,1800
000018100,01039001,000455,20,008777,009760,500
000019400,01040000,000488,20,008777,010852,1300
000019800,01039001,000497,20,008777,009760,400
000021200,01040000,000526,20,008777,010852,1400
000021700,01039001,000536,20,008777,009760,500
000023100,01040000,000572,20,008777,009760,1400
000023600,01039001,000579,20,008777,009760,500
000024900,01040000,000612,20,008777,009760,1300
000025400,01039001,000623,20,008777,011114,500
000026700,01040000,000654,20,008777,011114,1300
000027200,01039001,000665,20,008777,010852,500
000028600,01040000,000698,20,008777,009760,1400
000029100,01039001,000705,20,008777,008489,500
000030400,01040000,000734,20,008777,009760,1300
000031000,01039001,000748,20,008777,011114,600
000032200,01040000,000776,20,008777,010852,1200
000033100,01039001,000793,20,008777,011114,900
000034000,01040000,000815,20,008777,011114,900
000035100,01039001,000832,20,008777,008489,1100
000035900,01040000,000858,20,008777,009760,800
000037000,01039001,000874,20,008777,008574,1100
000037700,01040000,000897,20,008777,009760,700
000039100,01039001,000918,20,008777,008515,1400
000039600,01040000,000934,20,008777,009760,500
000041100,01039001,000963,20,008777,008515,1500
000041400,01040000,000970,20,008777,011114,300
000043000,01039001,001006,20,008777,011114,1600
000043200,01040000,001010,20,008777,008489,200
000044900,01039001,001046,20,008777,011114,1700
000045100,01040000,001053,20,008777,011114,200
000046800,01039001,001087,20,008777,008515,1700
000046900,01040000,001091,20,008777,009760,100
000048700,01040000,001133,20,008777,009760,1800
000048700,01039001,001134,20,008777,008489,0
000050600,01040000,001177,20,008777,009760,1900
000052400,01040000,001212,20,008777,008574,1800
000054200,01040000,001246,20,008777,011114,1800
000056100,01040000,001286,20,008777,010852,1900
000057100,01039001,001296,20,008777,008574,1000
000057900,01040000,001319,20,008777,011114,800
000059800,01040000,001358,20,008777,009760,1900
000060200,01039001,001364,20,008777,009760,400
000061600,01040000,001398,20,008777,011114,1400
000062500,01039001,001411,20,008777,009760,900
000063400,01040000,001432,20,008777,009760,900
000064400,01039001,001448,20,008777,009760,1000
000065300,01040000,001474,20,008777,009760,900
000066300,01039001,001489,20,008777,008489,1000
000067100,01040000,001516,20,008777,008489,800
000068100,01039001,001528,20,008777,010852,1000
000069900,01039001,001563,20,008777,008489,1800
000070400,01040000,001578,20,008777,008515,500
000071700,01039001,001601,20,008777,009760,1300
000072100,01040000,001612,20,008777,008574,400
000073500,01039001,001638,20,008777,010852,1400
000073800,01040000,001646,20,008777,011114,300
000075300,01039001,001672,20,008777,008574,1500
000075600,01040000,001679,20,008777,008515,300
000077200,01039001,001714,20,008777,011114,1600
000077400,01040000,001721,20,008777,008489,200
000079000,01039001,001750,20,008777,010852,1600
000080800,01039001,001786,20,008777,009760,1800
000081100,01040000,001791,20,008777,011114,300
000082500,01039001,001822,20,008777,008574,1400
000082900,01040000,001828,20,008777,008515,400
000084200,01039001,001859,20,008777,011114,1300
000084700,01040000,001869,20,008777,009760,500
000085900,01039001,001896,20,008777,011114,1200
000086500,01040000,001911,20,008777,011114,600
000087700,01039001,001936,20,008777,008515,1200
000089500,01039001,001977,20,008777,011114,1800
000089700,01040000,001978,20,008777,009760,200
000091300,01039001,002015,20,008777,008515,1600
000093200,01039001,002051,20,008777,009760,1900
000095000,01039001,002089,20,008777,009760,1800
000096800,01039001,002130,20,008777,011114,1800
000098300,01040000,002161,20,008777,010852,1500
000098700,01039001,002170,20,008777,011114,400
000000600,01040000,000026,20,008777,009760,600
000001000,01039001,000036,20,008777,010852,400
000001700,01040000,000066,20,008777,010852,700
000002100,01039001,000074,20,008777,011114,400
000003000,01040000,000104,20,008777,011114,900
000003400,01039001,000114,20,008777,008574,400
000004700,01040000,000153,20,008777,011114,1300
000005000,01039001,000161,20,008777,011114,300
000006500,01040000,000198,20,008777,008489,1500
000006800,01039001,000206,20,008777,009760,300
000008300,01040000,000244,20,008777,008574,1500
000008600,01039001,000252,20,008777,009760,300
000010100,01040000,000289,20,008777,008515,1500
000010400,01039001,000298,20,008777,008489,300
000011900,01040000,000335,20,008777,008515,1500
000012200,01039001,000342,20,008777,008574,300
000013700,01040000,000381,20,008777,011114,1500
000014100,01039001,000390,20,008777,008574,400
000015500,01040000,000422,20,008777,009760,1400
000015900,01039001,000431,20,008777,011114,400
000017300,01040000,000464,20,008777,009760,1400
000017700,01039001,000475,20,008777,008489,400
000019200,01040000,000512,20,008777,008574,1500
000019600,01039001,000519,20,008777,008515,400
000021000,01040000,000554,20,008777,008574,1400
000021400,01039001,000563,20,008777,008574,400
000022900,01040000,000598,20,008777,010852,1500
000023200,01039001,000606,20,008777,011114,300
000024700,01040000,000643,20,008777,009760,1500
000025100,01039001,000648,20,008777,008574,400
000026500,01040000,000682,20,008777,008489,1400
000026900,01039001,000690,20,008777,008574,400
000028400,01040000,000729,20,008777,009760,1500
000028800,01039001,000734,20,008777,011114,400
000030200,01040000,000772,20,008777,009760,1400
000030600,01039001,000780,20,008777,009760,400
000032000,01040000,000813,20,008777,008515,1400
000032500,01039001,000823,20,008777,009760,500
000033900,01040000,000858,20,008777,008574,1400
000034400,01039001,000865,20,008777,011114,500
000035700,01040000,000898,20,008777,009760,1300
000036200,01039001,000905,20,008777,011114,500
000037600,01040000,000938,20,008777,011114,1400
000038000,01039001,000946,20,008777,009760,400
000039400,01040000,000978,20,008777,008515,1400
000039900,01039001,000988,20,008777,008489,500
000041200,01040000,001019,20,008777,009760,1300
000041700,01039001,001028,20,008777,009760,500
000043100,01040000,001059,20,008777,011114,1400
000043600,01039001,001069,20,008777,009760,500
000044900,01040000,001101,20,008777,009760,1300
000045400,01039001,001110,20,008777,010852,500
000046800,01040000,001141,20,008777,009760,1400
000047300,01039001,001150,20,008777,009760,500
000048600,01040000,001180,20,008777,010852,1300
000049100,01039001,001189,20,008777,010852,500
000050400,01040000,001219,20,008777,010852,1300
000050900,01039001,001229,20,008777,011114,500
000052300,01040000,001261,20,008777,008515,1400
000052800,01039001,001270,20,008777,008574,500
000054100,01040000,001297,20,008777,010852,1300
000054700,01039001,001307,20,008777,010852,600
000055900,01040000,001330,20,008777,008574,1200
000056600,01039001,001342,20,008777,008489,700
000057800,01040000,001368,20,008777,011114,1200
000058400,01039001,001379,20,008777,009760,600
000059600,01040000,001406,20,008777,011114,1200
000060200,01039001,001415,20,008777,009760,600
000061400,01040000,001445,20,008777,009760,1200
000062100,01039001,001459,20,008777,011114,700
000063300,01040000,001488,20,008777,011114,1200
000063900,01039001,001499,20,008777,010852,600
000065100,01040000,001533,20,008777,011114,1200
000065700,01039001,001546,20,008777,009760,600
000067000,01040000,001571,20,008777,008515,1300
000067600,01039001,001581,20,008777,009760,600
000068800,01040000,001614,20,008777,010852,1200
000069400,01039001,001622,20,008777,008515,600
000070600,01040000,001655,20,008777,008489,1200
000071200,01039001,001666,20,008777,011114,600
000072500,01040000,001697,20,008777,011114,1300
000073100,01039001,001711,20,008777,008574,600
000074300,01040000,001742,20,008777,008515,1200
000074900,01039001,001753,20,008777,008574,600
000076100,01040000,001785,20,008777,009760,1200
000076700,01039001,001795,20,008777,011114,600
000078000,01040000,001822,20,008777,011114,1300
000078600,01039001,001836,20,008777,011114,600
000079900,01040000,001866,20,008777,008515,1300
000080400,01039001,001879,20,008777,009760,500
000081800,01040000,001912,20,008777,010852,1400
000082200,01039001,001922,20,008777,008489,400
000084100,01039001,001962,20,008777,009760,1900
000084200,01040000,001964,20,008777,009760,100
000086300,01039001,002008,20,008777,008515,2100
000087300,01040000,002031,20,008777,008574,1000
000088800,01039001,002061,20,008777,011114,1500
000089800,01040000,002077,20,008777,008574,1000
000091300,01039001,002111,20,008777,011114,1500
000093500,01039001,002152,20,008777,009760,2200
000095600,01039001,002194,20,008777,011114,2100
000099000,01040000,002273,20,008777,009760,3400
000099100,01039001,002275,20,008777,008489,100
000000300,01039001,000016,20,008777,011114,300
000000900,01040000,000035,20,008777,011114,600
000001400,01039001,000050,20,008777,009760,500
000002000,01040000,000070,20,008777,008489,600
000002700,01039001,000091,20,008777,008574,700
000003300,01040000,000114,20,008777,008489,600
000004300,01039001,000137,20,008777,008489,1000
000004900,01040000,000158,20,008777,008574,600
000006100,01039001,000183,20,008777,010852,1200
000006600,01040000,000203,20,008777,009760,500
000007900,01039001,000230,20,008777,008574,1300
000008400,01040000,000247,20,008777,008489,500
000009700,01039001,000277,20,008777,011114,1300
000010200,01040000,000294,20,008777,011114,500
000011600,01039001,000325,20,008777,008574,1400
000012000,01040000,000341,20,008777,011114,400
000013400,01039001,000370,20,008777,008489,1400
000013900,01040000,000386,20,008777,008489,500
000015200,01039001,000414,20,008777,008574,1300
000015700,01040000,000432,20,008777,008489,500
000017100,01039001,000458,20,008777,008515,1400
000017500,01040000,000476,20,008777,011114,400
000018900,01039001,000503,20,008777,009760,1400
000019400,01040000,000520,20,008777,008515,500
000020700,01039001,000543,20,008777,011114,1300
000021200,01040000,000562,20,008777,008489,500
000022600,01039001,000589,20,008777,008574,1400
000023000,01040000,000605,20,008777,009760,400
000024400,01039001,000631,20,008777,008489,1400
000024900,01040000,000648,20,008777,008574,500
000026300,01039001,000678,20,008777,009760,1400
000026700,01040000,000692,20,008777,009760,400
000028100,01039001,000721,20,008777,008515,1400
000028500,01040000,000735,20,008777,008489,400
000029900,01039001,000766,20,008777,008515,1400
000030400,01040000,000781,20,008777,010852,500
000031800,01039001,000806,20,008777,008515,1400
000032200,01040000,000823,20,008777,009760,400
000033600,01039001,000848,20,008777,008489,1400
000034100,01040000,000866,20,008777,009760,500
000035400,01039001,000890,20,008777,008489,1300
000035900,01040000,000907,20,008777,010852,500
000037300,01039001,000933,20,008777,011114,1400
000037800,01040000,000949,20,008777,011114,500
000039100,01039001,000977,20,008777,008489,1300
000039600,01040000,000992,20,008777,008574,500
000041000,01039001,001021,20,008777,009760,1400
000041400,01040000,001035,20,008777,010852,400
000042800,01039001,001064,20,008777,011114,1400
000043300,01040000,001078,20,008777,009760,500
000044600,01039001,001104,20,008777,011114,1300
000045100,01040000,001121,20,008777,010852,500
000046500,01039001,001144,20,008777,008515,1400
000046900,01040000,001158,20,008777,009760,400
000048300,01039001,001186,20,008777,011114,1400
000048800,01040000,001203,20,008777,010852,500
000050100,01039001,001227,20,008777,008574,1300
000050600,01040000,001247,20,008777,011114,500
000052000,01039001,001268,20,008777,009760,1400
000052400,01040000,001287,20,008777,008574,400
000053800,01039001,001313,20,008777,008489,1400
000054300,01040000,001331,20,008777,011114,500
000055600,01039001,001356,20,008777,011114,1300
000056100,01040000,001373,20,008777,011114,500
000057500,01039001,001402,20,008777,008574,1400
000057900,01040000,001416,20,008777,009760,400
000059300,01039001,001449,20,008777,010852,1400
000059800,01040000,001462,20,008777,008515,500
000061200,01039001,001490,20,008777,009760,1400
000061600,01040000,001504,20,008777,010852,400
000063000,01039001,001535,20,008777,009760,1400
000063400,01040000,001548,20,008777,011114,400
000064800,01039001,001577,20,008777,008515,1400
000065300,01040000,001591,20,008777,011114,500
000066700,01039001,001618,20,008777,008489,1400
000067100,01040000,001632,20,008777,011114,400
000068500,01039001,001658,20,008777,009760,1400
000068900,01040000,001669,20,008777,008574,400
000070300,01039001,001698,20,008777,008515,1400
000070800,01040000,001711,20,008777,009760,500
000072200,01039001,001741,20,008777,009760,1400
000072700,01040000,001753,20,008777,008515,500
000074000,01039001,001782,20,008777,008489,1300
000074600,01040000,001795,20,008777,009760,600
000075800,01039001,001820,20,008777,011114,1200
000076400,01040000,001836,20,008777,009760,600
000077700,01039001,001860,20,008777,011114,1300
000078200,01040000,001876,20,008777,010852,500
000079500,01039001,001906,20,008777,011114,1300
000080000,01040000,001918,20,008777,008574,500
000081300,01039001,001944,20,008777,009760,1300
000081900,01040000,001962,20,008777,011114,600
000083200,01039001,001989,20,008777,008515,1300
000083700,01040000,002003,20,008777,010852,500
000085000,01039001,002032,20,008777,010852,1300
000086800,01039001,002070,20,008777,009760,1800
000087300,01040000,002085,20,008777,009760,500
000088600,01039001,002111,20,008777,009760,1300
000089000,01040000,002128,20,008777,011114,400
000090500,01039001,002156,20,008777,008489,1500
000090700,01040000,002162,20,008777,008489,200
000092300,01039001,002196,20,008777,009760,1600
000092500,01040000,002204,20,008777,010852,200
000094100,01039001,002236,20,008777,010852,1600
000094300,01040000,002241,20,008777,008489,200
000096000,01039001,002279,20,008777,010852,1700
000096100,01040000,002282,20,008777,008489,100
000097800,01039001,002318,20,008777,009760,1700
000097900,01040000,002321,20,008777,011114,100
000099600,01039001,002356,20,008777,009760,1700
000099700,01040000,002359,20,008777,010852,100
000000300,01040000,000021,20,008777,010852,300
000000500,01039001,000031,20,008777,009760,200
000001400,01040000,000059,20,008777,011114,900
000001600,01039001,000072,20,008777,009760,200
000002700,01040000,000103,20,008777,011114,1100
000002900,01039001,000111,20,008777,008574,200
000004300,01040000,000145,20,008777,008515,1400
000004500,01039001,000152,20,008777,009760,200
000006000,01040000,000189,20,008777,011114,1500
000006300,01039001,000200,20,008777,010852,300
000007800,01040000,000236,20,008777,008515,1500
000008100,01039001,000247,20,008777,008515,300
000009600,01040000,000283,20,008777,009760,1500
000009900,01039001,000296,20,008777,011114,300
000011400,01040000,000330,20,008777,010852,1500
000011700,01039001,000342,20,008777,009760,300
000013200,01040000,000375,20,008777,008489,1500
000013500,01039001,000387,20,008777,011114,300
000015000,01040000,000418,20,008777,009760,1500
000015400,01039001,000433,20,008777,008489,400
000016800,01040000,000462,20,008777,010852,1400
000017200,01039001,000479,20,008777,009760,400
000018600,01040000,000501,20,008777,008574,1400
000019100,01039001,000525,20,008777,008489,500
000020400,01040000,000544,20,008777,008489,1300
000020900,01039001,000567,20,008777,011114,500
000022200,01040000,000584,20,008777,009760,1300
000022700,01039001,000607,20,008777,008515,500
000024100,01040000,000625,20,008777,011114,1400
000024600,01039001,000649,20,008777,011114,500
000025900,01040000,000667,20,008777,009760,1300
000026400,01039001,000689,20,008777,008489,500
000027800,01040000,000715,20,008777,008574,1400
000028200,01039001,000729,20,008777,009760,400
000029600,01040000,000751,20,008777,010852,1400
000030100,01039001,000772,20,008777,008489,500
000031400,01040000,000790,20,008777,008574,1300
000031900,01039001,000812,20,008777,010852,500
000033300,01040000,000838,20,008777,009760,1400
000033700,01039001,000853,20,008777,010852,400
000035100,01040000,000877,20,008777,008574,1400
000035600,01039001,000895,20,008777,011114,500
000037000,01040000,000921,20,008777,010852,1400
000037500,01039001,000938,20,008777,009760,500
000038800,01040000,000959,20,008777,008515,1300
000039300,01039001,000979,20,008777,008489,500
000040600,01040000,001001,20,008777,011114,1300
000041100,01039001,001022,20,008777,008489,500
000042500,01040000,001044,20,008777,011114,1400
000042900,01039001,001064,20,008777,009760,400
000044300,01040000,001088,20,008777,008515,1400
000044700,01039001,001102,20,008777,009760,400
000046200,01040000,001132,20,008777,010852,1500
000046600,01039001,001149,20,008777,011114,400
000048000,01040000,001172,20,008777,011114,1400
000048400,01039001,001191,20,008777,008515,400
000049800,01040000,001218,20,008777,010852,1400
000050300,01039001,001238,20,008777,009760,500
000051700,01040000,001260,20,008777,008515,1400
000052200,01039001,001279,20,008777,010852,500
000053600,01040000,001308,20,008777,009760,1400
000054000,01039001,001321,20,008777,010852,400
000055400,01040000,001349,20,008777,010852,1400
000055800,01039001,001364,20,008777,011114,400
000057200,01040000,001386,20,008777,008489,1400
000057700,01039001,001405,20,008777,011114,500
000059000,01040000,001429,20,008777,010852,1300
000059500,01039001,001445,20,008777,011114,500
000060900,01040000,001474,20,008777,009760,1400
000061400,01039001,001492,20,008777,011114,500
000062700,01040000,001517,20,008777,009760,1300
000063200,01039001,001535,20,008777,009760,500
000064500,01040000,001553,20,008777,009760,1300
000065000,01039001,001574,20,008777,008489,500
000066400,01040000,001598,20,008777,009760,1400
000066900,01039001,001614,20,008777,009760,500
000068300,01040000,001643,20,008777,011114,1400
000068700,01039001,001657,20,008777,008574,400
000070100,01040000,001682,20,008777,008515,1400
000070600,01039001,001699,20,008777,011114,500
000071900,01040000,001726,20,008777,008574,1300
000072500,01039001,001742,20,008777,008515,600
000073700,01040000,001764,20,008777,011114,1200
000074300,01039001,001783,20,008777,008574,600
000075600,01040000,001809,20,008777,011114,1300
000076100,01039001,001823,20,008777,009760,500
000077500,01040000,001851,20,008777,008574,1400
000078000,01039001,001862,20,008777,010852,500
000079300,01040000,001887,20,008777,011114,1300
000079800,01039001,001902,20,008777,010852,500
000081100,01040000,001925,20,008777,011114,1300
000081700,01039001,001943,20,008777,009760,600
000082900,01040000,001964,20,008777,010852,1200
000083600,01039001,001985,20,008777,008515,700
000084800,01040000,002011,20,008777,008574,1200
000085400,01039001,002022,20,008777,010852,600
000086600,01040000,002047,20,008777,011114,1200
000087200,01039001,002066,20,008777,010852,600
000088500,01040000,002092,20,008777,011114,1300
000089100,01039001,002108,20,008777,010852,600
000090300,01040000,002134,20,008777,008515,1200
000090900,01039001,002150,20,008777,011114,600
000092100,01040000,002173,20,008777,009760,1200
000092700,01039001,002190,20,008777,011114,600
000094000,01040000,002216,20,008777,010852,1300
000094600,01039001,002233,20,008777,009760,600
000095800,01040000,002255,20,008777,011114,1200
000096500,01039001,002273,20,008777,009760,700
000097600,01040000,002296,20,008777,011114,1100
000098300,01039001,002314,20,008777,009760,700
000099500,01040000,002337,20,008777,008489,1200
000000500,01039001,000006,20,008777,009760,500
000001500,01040000,000010,20,008777,008515,1000
000005800,01039001,000056,20,008777,011114,4300
000008000,01040000,000072,20,008777,009760,2200
000008300,01039001,000075,20,008777,009760,300
000009700,01040000,000091,20,008777,008489,1400
000010300,01039001,000101,20,008777,010852,600
000014000,01040000,000134,20,008777,009760,3700
000019900,01040000,000190,20,008777,011114,5900
000020000,01039001,000191,20,008777,008515,100
000029700,01039001,000279,20,008777,011114,9700
000030700,01040000,000284,20,008777,008489,1000
000031100,01039001,000291,20,008777,009760,400
000031900,01040000,000302,20,008777,010852,800
000033100,01039001,000314,20,008777,008574,1200
000033500,01040000,000315,20,008777,008574,400
000039600,01040000,000369,20,008777,008515,6100
000040000,01039001,000372,20,008777,009760,400
000041000,01040000,000376,20,008777,008574,1000
000043800,01039001,000405,20,008777,011114,2800
000046000,01039001,000424,20,008777,009760,2200
000047400,01040000,000436,20,008777,011114,1400
000047700,01039001,000439,20,008777,011114,300
000048700,01040000,000447,20,008777,011114,1000
000048900,01039001,000449,20,008777,011114,200
000056800,01039001,000517,20,008777,008574,7900
000057600,01040000,000528,20,008777,008515,800
000059100,01039001,000542,20,008777,011114,1500
000059500,01040000,000546,20,008777,008489,400
000069100,01040000,000627,20,008777,011114,9600
000073400,01039001,000666,20,008777,008515,4300
000074800,01040000,000683,20,008777,008515,1400
000077200,01039001,000709,20,008777,011114,2400
000078700,01039001,000724,20,008777,008489,1500
000079700,01040000,000731,20,008777,011114,1000
000082300,01040000,000752,20,008777,009760,2600
000083700,01040000,000769,20,008777,010852,1400
000084800,01039001,000782,20,008777,009760,1100
000085200,01040000,000788,20,008777,010852,400
000086300,01039001,000800,20,008777,008574,1100
000089100,01040000,000828,20,008777,011114,2800
000090800,01040000,000843,20,008777,008489,1700
000093100,01040000,000863,20,008777,011114,2300
000096500,01039001,000891,20,008777,009760,3400
000096600,01040000,000892,20,008777,008574,100
000097700,01039001,000902,20,008777,010852,1100
000098900,01039001,000917,20,008777,009760,1200
000099200,01040000,000919,20,008777,011114,300
000000800,01040000,000014,20,008777,010852,800
000000900,01039001,000017,20,008777,011114,100
000001900,01040000,000033,20,008777,009760,1000
000002500,01039001,000044,20,008777,009760,600
000003200,01040000,000057,20,008777,011114,700
000003700,01039001,000065,20,008777,008574,500
000006300,01040000,000108,20,008777,008574,2600
000007700,01039001,000130,20,008777,011114,1400
000009800,01040000,000166,20,008777,011114,2100
000010400,01039001,000174,20,008777,009760,600
000015200,01039001,000245,20,008777,011114,4800
000015300,01040000,000249,20,008777,010852,100
000016700,01040000,000266,20,008777,011114,1400
000018500,01040000,000289,20,008777,008489,1800
000018700,01039001,000297,20,008777,010852,200
000019900,01039001,000312,20,008777,008574,1200
000021500,01039001,000346,20,008777,009760,1600
000022900,01040000,000371,20,008777,008574,1400
000023700,01039001,000386,20,008777,008515,800
000024700,01040000,000404,20,008777,009760,1000
000026300,01039001,000431,20,008777,008489,1600
000027000,01040000,000447,20,008777,008515,700
000028800,01039001,000474,20,008777,009760,1800
000030400,01039001,000498,20,008777,008574,1600
000031400,01040000,000514,20,008777,008489,1000
000033800,01040000,000550,20,008777,010852,2400
000035700,01040000,000580,20,008777,011114,1900
000036100,01039001,000586,20,008777,008489,400
000037000,01040000,000597,20,008777,011114,900
000037400,01039001,000603,20,008777,011114,400
000039000,01040000,000632,20,008777,009760,1600
000040900,01039001,000667,20,008777,011114,1900
000044000,01040000,000714,20,008777,011114,3100
000045000,01039001,000730,20,008777,010852,1000
000045900,01040000,000746,20,008777,009760,900
000050100,01040000,000821,20,008777,009760,4200
000050200,01039001,000824,20,008777,008489,100
000051400,01039001,000844,20,008777,010852,1200
000051400,01040000,000845,20,008777,008489,0
000055100,01040000,000914,20,008777,010852,3700
000056400,01039001,000941,20,008777,010852,1300
000058200,01040000,000968,20,008777,008515,1800
000060600,01039001,001016,20,008777,008574,2400
000061000,01040000,001025,20,008777,008574,400
000063400,01039001,001069,20,008777,009760,2400
000064400,01040000,001092,20,008777,009760,1000
000066700,01039001,001132,20,008777,010852,2300
000070300,01039001,001191,20,008777,011114,3600
000070900,01040000,001202,20,008777,008515,600
000072300,01039001,001226,20,008777,008515,1400
000072700,01040000,001236,20,008777,011114,400
000074900,01039001,001275,20,008777,011114,2200
000077300,01039001,001315,20,008777,008574,2400
000078900,01039001,001339,20,008777,009760,1600
000080600,01040000,001364,20,008777,010852,1700
000081200,01039001,001374,20,008777,008574,600
000082700,01040000,001400,20,008777,008574,1500
000083300,01039001,001407,20,008777,008489,600
000084300,01040000,001426,20,008777,008574,1000
000084600,01039001,001430,20,008777,011114,300
000086400,01039001,001453,20,008777,008515,1800
000087500,01040000,001474,20,008777,009760,1100
000088000,01039001,001481,20,008777,009760,500
000088800,01040000,001494,20,008777,011114,800
000089600,01039001,001509,20,008777,009760,800
000090300,01040000,001520,20,008777,011114,700
000091400,01039001,001536,20,008777,010852,1100
000092000,01040000,001546,20,008777,009760,600
000095600,01040000,001603,20,008777,008574,3600
000095900,01039001,001608,20,008777,008489,300
000097200,01040000,001631,20,008777,008574,1300
000097900,01039001,001640,20,008777,009760,700
000098900,01040000,001658,20,008777,008574,1000
000099700,01039001,001668,20,008777,008574,800
000000600,01039001,000011,20,008777,009760,600
000001200,01040000,000024,20,008777,009760,600
000002200,01039001,000049,20,008777,011114,1000
000002300,01040000,000050,20,008777,009760,100
000003400,01039001,000078,20,008777,011114,1100
000003600,01040000,000084,20,008777,009760,200
000004800,01039001,000105,20,008777,008515,1200
000005200,01040000,000119,20,008777,008489,400
000006400,01039001,000142,20,008777,011114,1200
000007000,01040000,000163,20,008777,008515,600
000008100,01039001,000183,20,008777,010852,1100
000008800,01040000,000206,20,008777,008515,700
000009900,01039001,000225,20,008777,011114,1100
000010600,01040000,000247,20,008777,009760,700
000011700,01039001,000264,20,008777,008574,1100
000012400,01040000,000285,20,008777,010852,700
000013700,01039001,000308,20,008777,008515,1300
000014300,01040000,000325,20,008777,011114,600
000015600,01039001,000350,20,008777,011114,1300
000016100,01040000,000360,20,008777,009760,500
000017500,01039001,000388,20,008777,008574,1400
000017900,01040000,000401,20,008777,011114,400
000019400,01039001,000428,20,008777,009760,1500
000019800,01040000,000438,20,008777,008489,400
000021200,01039001,000465,20,008777,009760,1400
000021600,01040000,000476,20,008777,009760,400
000023000,01039001,000505,20,008777,008515,1400
000023400,01040000,000516,20,008777,009760,400
000024800,01039001,000544,20,008777,009760,1400
000025300,01040000,000557,20,008777,008489,500
000026700,01039001,000584,20,008777,008489,1400
000027100,01040000,000594,20,008777,009760,400
000028600,01039001,000622,20,008777,008574,1500
000029000,01040000,000633,20,008777,009760,400
000030400,01039001,000664,20,008777,008515,1400
000030800,01040000,000674,20,008777,008515,400
000032200,01039001,000701,20,008777,009760,1400
000032600,01040000,000711,20,008777,008515,400
000034100,01039001,000737,20,008777,009760,1500
000034500,01040000,000747,20,008777,008515,400
000035900,01039001,000769,20,008777,008489,1400
000036400,01040000,000783,20,008777,008489,500
000037700,01039001,000807,20,008777,009760,1300
000038200,01040000,000822,20,008777,011114,500
000039600,01039001,000850,20,008777,010852,1400
000040000,01040000,000861,20,008777,011114,400
000041500,01039001,000887,20,008777,008489,1500
000041800,01040000,000896,20,008777,011114,300
000043400,01039001,000923,20,008777,008489,1600
000043700,01040000,000932,20,008777,008515,300
000045400,01039001,000970,20,008777,011114,1700
000045500,01040000,000972,20,008777,008574,100
000047400,01040000,001004,20,008777,011114,1900
000047400,01039001,001005,20,008777,011114,0
000049300,01040000,001040,20,008777,008489,1900
000049300,01039001,001041,20,008777,011114,0
000051100,01040000,001076,20,008777,011114,1800
000051200,01039001,001078,20,008777,009760,100
000052900,01040000,001115,20,008777,009760,1700
000053000,01039001,001117,20,008777,008515,100
000054800,01040000,001149,20,008777,011114,1800
000054900,01039001,001150,20,008777,008515,100
000056600,01040000,001184,20,008777,008574,1700
000056700,01039001,001186,20,008777,009760,100
000058500,01039001,001213,20,008777,008574,1800
000058500,01040000,001214,20,008777,008489,0
000060300,01040000,001251,20,008777,009760,1800
000060400,01039001,001252,20,008777,011114,100
000062100,01040000,001282,20,008777,008489,1700
000062200,01039001,001284,20,008777,008489,100
000064000,01039001,001323,20,008777,009760,1800
000064000,01040000,001324,20,008777,008574,0
000065800,01040000,001354,20,008777,009760,1800
000065900,01039001,001356,20,008777,008515,100
000067600,01040000,001390,20,008777,008515,1700
000067700,01039001,001395,20,008777,011114,100
000069500,01040000,001425,20,008777,010852,1800
000069600,01039001,001426,20,008777,009760,100
000071300,01040000,001463,20,008777,008489,1700
000071500,01039001,001467,20,008777,008515,200
000073100,01040000,001500,20,008777,008574,1600
000073300,01039001,001502,20,008777,008574,200
000075000,01040000,001540,20,008777,011114,1700
000075200,01039001,001544,20,008777,008515,200
000076800,01040000,001579,20,008777,008489,1600
000077100,01039001,001582,20,008777,008574,300
000078700,01040000,001617,20,008777,011114,1600
000079000,01039001,001621,20,008777,009760,300
000080500,01040000,001654,20,008777,008574,1500
000080800,01039001,001659,20,008777,008515,300
000082300,01040000,001689,20,008777,009760,1500
000082600,01039001,001695,20,008777,008515,300
000084100,01040000,001724,20,008777,008515,1500
000084500,01039001,001730,20,008777,010852,400
000086000,01040000,001765,20,008777,008574,1500
000086300,01039001,001769,20,008777,008489,300
000087800,01040000,001794,20,008777,008489,1500
000088200,01039001,001799,20,008777,009760,400
000089700,01040000,001829,20,008777,008489,1500
000090000,01039001,001833,20,008777,011114,300
000091600,01040000,001867,20,008777,009760,1600
000092100,01039001,001874,20,008777,009760,500
000093500,01040000,001907,20,008777,008574,1400
000095300,01040000,001943,20,008777,009760,1800
000095400,01039001,001944,20,008777,010852,100
000097100,01040000,001983,20,008777,008515,1700
000099000,01040000,002022,20,008777,008489,1900
000000600,01039001,000006,20,008777,008489,600
000002400,01040000,000031,20,008777,009760,1800
000002600,01039001,000035,20,008777,010852,200
000004000,01039001,000051,20,008777,011114,1400
000005800,01040000,000062,20,008777,008489,1800
000006900,01039001,000070,20,008777,010852,1100
000009400,01039001,000091,20,008777,008515,2500
000015200,01040000,000145,20,008777,008515,5800
000019200,01039001,000182,20,008777,008489,4000
000037000,01040000,000342,20,008777,008489,17800
000039500,01039001,000368,20,008777,009760,2500
000041300,01039001,000384,20,008777,008574,1800
000042000,01040000,000394,20,008777,011114,700
000043100,01039001,000406,20,008777,009760,1100
000047500,01039001,000448,20,008777,011114,4400
000050700,01040000,000476,20,008777,008489,3200
000055600,01039001,000515,20,008777,008574,4900
000057200,01040000,000532,20,008777,011114,1600
000058200,01039001,000540,20,008777,009760,1000
000058800,01040000,000548,20,008777,009760,600
000064400,01040000,000603,20,008777,008489,5600
000065300,01039001,000608,20,008777,008489,900
000067300,01039001,000629,20,008777,008515,2000
000071700,01040000,000683,20,008777,008489,4400
000078400,01039001,000739,20,008777,008489,6700
000078700,01040000,000742,20,008777,008574,300
000079600,01039001,000752,20,008777,008515,900
000081600,01040000,000775,20,008777,008515,2000
000081900,01039001,000782,20,008777,009760,300
000082800,01040000,000791,20,008777,008489,900
000086000,01040000,000819,20,008777,011114,3200
000090000,01040000,000854,20,008777,008489,4000
000091000,01039001,000866,20,008777,011114,1000
000091700,01040000,000871,20,008777,009760,700
000093100,01039001,000879,20,008777,008515,1400
000093700,01040000,000886,20,008777,011114,600
000094500,01039001,000896,20,008777,008574,800
000000200,01039001,000004,20,008777,010852,200
000002300,01040000,000032,20,008777,010852,2100
000002800,01039001,000043,20,008777,009760,500
000003400,01040000,000053,20,008777,008489,600
000004300,01039001,000072,20,008777,009760,900
000004700,01040000,000078,20,008777,009760,400
000006900,01040000,000110,20,008777,009760,2200
000010400,01040000,000158,20,008777,008515,3500
000010900,01039001,000163,20,008777,008574,500
000011900,01040000,000179,20,008777,008574,1000
000012100,01039001,000188,20,008777,008574,200
000013400,01040000,000204,20,008777,011114,1300
000013500,01039001,000209,20,008777,008489,100
000015100,01039001,000236,20,008777,008574,1600
000015100,01040000,000237,20,008777,010852,0
000016900,01040000,000267,20,008777,010852,1800
000016900,01039001,000268,20,008777,009760,0
000018700,01039001,000294,20,008777,008515,1800
000019900,01040000,000313,20,008777,010852,1200
000023300,01039001,000364,20,008777,011114,3400
000024400,01040000,000381,20,008777,008489,1100
000024900,01039001,000390,20,008777,010852,500
000028300,01039001,000451,20,008777,008515,3400
000029400,01040000,000475,20,008777,011114,1100
000030300,01039001,000492,20,008777,008515,900
000030700,01040000,000501,20,008777,008515,400
000031700,01039001,000516,20,008777,009760,1000
000032200,01040000,000529,20,008777,009760,500
000034300,01039001,000564,20,008777,009760,2100
000035400,01040000,000585,20,008777,010852,1100
000035900,01039001,000595,20,008777,009760,500
000037000,01040000,000611,20,008777,009760,1100
000037500,01039001,000621,20,008777,011114,500
000039300,01040000,000648,20,008777,009760,1800
000040600,01039001,000669,20,008777,008574,1300
000045600,01039001,000745,20,008777,008515,5000
000047300,01039001,000771,20,008777,009760,1700
000047800,01040000,000782,20,008777,009760,500
000048600,01039001,000791,20,008777,011114,800
000049100,01040000,000803,20,008777,009760,500
000050100,01039001,000817,20,008777,008489,1000
000050500,01040000,000824,20,008777,011114,400
000051900,01039001,000845,20,008777,009760,1400
000052200,01040000,000848,20,008777,008515,300
000053700,01039001,000872,20,008777,009760,1500
000054000,01040000,000874,20,008777,011114,300
000055500,01039001,000907,20,008777,009760,1500
000055800,01040000,000911,20,008777,009760,300
000057300,01039001,000940,20,008777,011114,1500
000057700,01040000,000948,20,008777,008515,400
000059100,01039001,000978,20,008777,010852,1400
000059500,01040000,000983,20,008777,009760,400
000061000,01039001,001003,20,008777,011114,1500
000061300,01040000,001006,20,008777,009760,300
000062800,01039001,001035,20,008777,010852,1500
000063300,01040000,001043,20,008777,011114,500
000064600,01039001,001066,20,008777,008515,1300
000065100,01040000,001074,20,008777,008489,500
000066500,01039001,001097,20,008777,008515,1400
000066900,01040000,001103,20,008777,009760,400
000068300,01039001,001127,20,008777,011114,1400
000068700,01040000,001133,20,008777,010852,400
000071200,01039001,001176,20,008777,008489,2500
000071900,01040000,001184,20,008777,009760,700
000072900,01039001,001202,20,008777,009760,1000
000073600,01040000,001216,20,008777,011114,700
000074600,01039001,001230,20,008777,009760,1000
000075300,01040000,001242,20,008777,008489,700
000076400,01039001,001263,20,008777,008489,1100
000077000,01040000,001272,20,008777,010852,600
000078200,01039001,001289,20,008777,008574,1200
000078800,01040000,001303,20,008777,011114,600
000080000,01039001,001324,20,008777,011114,1200
000080600,01040000,001333,20,008777,010852,600
000081800,01039001,001355,20,008777,009760,1200
000082400,01040000,001368,20,008777,009760,600
000083600,01039001,001388,20,008777,008515,1200
000084200,01040000,001396,20,008777,010852,600
000085400,01039001,001415,20,008777,010852,1200
000086000,01040000,001429,20,008777,011114,600
000087200,01039001,001447,20,008777,008574,1200
000087900,01040000,001459,20,008777,009760,700
000089000,01039001,001474,20,008777,010852,1100
000089700,01040000,001490,20,008777,008515,700
000090900,01039001,001504,20,008777,011114,1200
000092100,01040000,001528,20,008777,010852,1200
000092700,01039001,001538,20,008777,009760,600
000094200,01040000,001563,20,008777,011114,1500
000094500,01039001,001566,20,008777,010852,300
000096200,01040000,001589,20,008777,011114,1700
000096300,01039001,001593,20,008777,011114,100
000098100,01040000,001621,20,008777,008574,1800
000000400,01039001,000008,20,008777,008515,400
000000900,01040000,000017,20,008777,011114,500
000002300,01039001,000046,20,008777,008574,1400
000002500,01040000,000051,20,008777,008515,200
000007300,01039001,000146,20,008777,008574,4800
000009500,01039001,000193,20,008777,008515,2200
000009600,01040000,000200,20,008777,008515,100
000010700,01039001,000224,20,008777,008574,1100
000010800,01040000,000229,20,008777,009760,100
000012100,01039001,000254,20,008777,011114,1300
000013600,01040000,000286,20,008777,011114,1500
000014100,01039001,000297,20,008777,008574,500
000015900,01039001,000334,20,008777,011114,1800
000016500,01040000,000347,20,008777,009760,600
000018400,01040000,000381,20,008777,011114,1900
000019200,01039001,000403,20,008777,011114,800
000019800,01040000,000416,20,008777,011114,600
000020700,01039001,000430,20,008777,008515,900
000021300,01040000,000443,20,008777,009760,600
000022300,01039001,000465,20,008777,009760,1000
000023000,01040000,000482,20,008777,009760,700
000024100,01039001,000503,20,008777,009760,1100
000024800,01040000,000519,20,008777,010852,700
000025900,01039001,000537,20,008777,009760,1100
000026600,01040000,000556,20,008777,008574,700
000027700,01039001,000575,20,008777,008574,1100
000028400,01040000,000594,20,008777,009760,700
000029500,01039001,000613,20,008777,011114,1100
000030200,01040000,000630,20,008777,010852,700
000031300,01039001,000652,20,008777,008489,1100
000032000,01040000,000665,20,008777,008489,700
000033200,01039001,000687,20,008777,010852,1200
000033800,01040000,000702,20,008777,009760,600
000035000,01039001,000725,20,008777,008515,1200
000035600,01040000,000738,20,008777,009760,600
000036800,01039001,000755,20,008777,009760,1200
000037500,01040000,000773,20,008777,011114,700
000038700,01039001,000791,20,008777,009760,1200
000039400,01040000,000811,20,008777,009760,700
000040500,01039001,000829,20,008777,011114,1100
000041200,01040000,000847,20,008777,011114,700
000042300,01039001,000866,20,008777,008515,1100
000043000,01040000,000883,20,008777,009760,700
000044200,01039001,000902,20,008777,010852,1200
000044800,01040000,000918,20,008777,009760,600
000046100,01039001,000942,20,008777,009760,1300
000046700,01040000,000961,20,008777,008574,600
000047900,01039001,000983,20,008777,009760,1200
000048500,01040000,000999,20,008777,011114,600
000049700,01039001,001019,20,008777,011114,1200
000050300,01040000,001033,20,008777,009760,600
000051500,01039001,001060,20,008777,008515,1200
000052200,01040000,001076,20,008777,009760,700
000053400,01039001,001102,20,008777,009760,1200
000054000,01040000,001116,20,008777,011114,600
000055200,01039001,001139,20,008777,010852,1200
000055900,01040000,001155,20,008777,009760,700
000057000,01039001,001175,20,008777,009760,1100
000057900,01040000,001196,20,008777,010852,900
000058900,01039001,001214,20,008777,008489,1000
000059800,01040000,001238,20,008777,008574,900
000060700,01039001,001255,20,008777,009760,900
000061700,01040000,001278,20,008777,010852,1000
000062500,01039001,001293,20,008777,008574,800
000063500,01040000,001312,20,008777,008574,1000
000064400,01039001,001331,20,008777,011114,900
000065400,01040000,001354,20,008777,009760,1000
000066300,01039001,001370,20,008777,009760,900
000067200,01040000,001387,20,008777,008489,900
000068100,01039001,001408,20,008777,011114,900
000069000,01040000,001431,20,008777,008489,900
000069900,01039001,001444,20,008777,008489,900
000070900,01040000,001462,20,008777,009760,1000
000071700,01039001,001478,20,008777,011114,800
000072700,01040000,001499,20,008777,008574,1000
000073600,01039001,001515,20,008777,011114,900
000074600,01040000,001533,20,008777,011114,1000
000075400,01039001,001549,20,008777,008489,800
000076400,01040000,001569,20,008777,010852,1000
000077200,01039001,001578,20,008777,009760,800
000078200,01040000,001602,20,008777,008489,1000
000079100,01039001,001620,20,008777,011114,900
000080100,01040000,001643,20,008777,011114,1000
000080900,01039001,001656,20,008777,009760,800
000081900,01040000,001676,20,008777,011114,1000
000082700,01039001,001692,20,008777,008489,800
000083800,01040000,001718,20,008777,009760,1100
000084600,01039001,001732,20,008777,008489,800
000085700,01040000,001757,20,008777,009760,1100
000086400,01039001,001769,20,008777,009760,700
000087800,01040000,001796,20,008777,008489,1400
000088300,01039001,001803,20,008777,008515,500
000090100,01039001,001838,20,008777,011114,1800
000090800,01040000,001853,20,008777,011114,700
000092000,01039001,001874,20,008777,008515,1200
000093800,01039001,001915,20,008777,009760,1800
000003900,01040000,000035,20,008777,009760,3900
000007000,01040000,000056,20,008777,009760,3100
000007500,01039001,000061,20,008777,008574,500
000017900,01039001,000170,20,008777,010852,10400
000024200,01040000,000222,20,008777,008489,6300
000024800,01039001,000229,20,008777,009760,600
000025500,01040000,000235,20,008777,011114,700
000026000,01039001,000243,20,008777,008489,500
000028800,01039001,000272,20,008777,011114,2800
000031900,01040000,000298,20,008777,008489,3100
000032200,01039001,000302,20,008777,009760,300
000033200,01040000,000309,20,008777,010852,1000
000033600,01039001,000314,20,008777,008574,400
000034600,01040000,000326,20,008777,010852,1000
000038300,01040000,000359,20,008777,011114,3700
000040400,01040000,000371,20,008777,009760,2100
000043100,01039001,000398,20,008777,011114,2700
000044200,01040000,000409,20,008777,008489,1100
000044600,01039001,000413,20,008777,009760,400
000053100,01040000,000480,20,008777,009760,8500
000053600,01039001,000484,20,008777,011114,500
000056000,01039001,000506,20,008777,008489,2400
000056200,01040000,000510,20,008777,011114,200
000060900,01040000,000535,20,008777,010852,4700
000061000,01039001,000538,20,008777,009760,100
000062100,01040000,000554,20,008777,008489,1100
000071700,01040000,000631,20,008777,010852,9600
000072800,01039001,000641,20,008777,011114,1100
000074600,01040000,000658,20,008777,010852,1800
000081800,01040000,000722,20,008777,009760,7200
000084700,01039001,000747,20,008777,008574,2900
000084700,01040000,000748,20,008777,011114,0
000088200,01039001,000779,20,008777,008574,3500
000088400,01040000,000783,20,008777,008489,200
000090800,01039001,000801,20,008777,009760,2400
000093600,01039001,000815,20,008777,011114,2800
000095100,01040000,000828,20,008777,008515,1500
000095300,01039001,000830,20,008777,011114,200
000096300,01040000,000839,20,008777,008489,1000
000099800,01039001,000875,20,008777,009760,3500
000100000,01040000,000877,20,008777,008489,200
000101000,01039001,000890,20,008777,011114,1000
000102500,01040000,000903,20,008777,011114,1500
000105900,01039001,000945,20,008777,010852,3400
000106900,01040000,000957,20,008777,009760,1000
000108700,01039001,000969,20,008777,011114,1800
000110700,01040000,000984,20,008777,010852,2000
000114000,01040000,001011,20,008777,009760,3300
000115300,01040000,001021,20,008777,009760,1300
000116100,01039001,001031,20,008777,008515,800
000117800,01039001,001050,20,008777,009760,1700
000118400,01040000,001057,20,008777,009760,600
000119300,01039001,001067,20,008777,009760,900
000119800,01040000,001071,20,008777,008489,500
000120600,01039001,001082,20,008777,010852,800
000121300,01040000,001090,20,008777,011114,700
000122900,01039001,001108,20,008777,009760,1600
000125200,01040000,001129,20,008777,009760,2300
000128000,01039001,001151,20,008777,008515,2800
000131700,01039001,001196,20,008777,009760,3700
000132900,01040000,001205,20,008777,008489,1200
000133700,01039001,001211,20,008777,008489,800
                                                000000600,01039001,000000,20,008777,010852,600
000006200,01039001,000032,20,008777,008574,5600
000007300,01040000,000039,20,008777,009760,1100
000011700,01039001,000071,20,008777,009760,4400
000015000,01039001,000090,20,008777,008515,3300
000030900,01039001,000183,20,008777,008489,15900
000034200,01039001,000197,20,008777,008574,3300
000034500,01040000,000201,20,008777,008574,300
000036000,01039001,000212,20,008777,011114,1500
000053100,01039001,000316,20,008777,008515,17100
000055700,01039001,000334,20,008777,009760,2600
000062300,01039001,000381,20,008777,010852,6600
000063400,01040000,000388,20,008777,008515,1100
000067400,01039001,000418,20,008777,011114,4000
000072400,01040000,000459,20,008777,008489,5000
000076000,01040000,000487,20,008777,009760,3600
000079500,01039001,000514,20,008777,008489,3500
000080100,01040000,000521,20,008777,009760,600
000084600,01040000,000551,20,008777,008515,4500
000085000,01039001,000555,20,008777,009760,400
000088300,01039001,000576,20,008777,010852,3300
000089900,01040000,000588,20,008777,009760,1600
000092800,01039001,000619,20,008777,009760,2900
000097500,01040000,000641,20,008777,009760,4700
000098900,01040000,000650,20,008777,008574,1400
000099100,01039001,000654,20,008777,010852,200
000103600,01039001,000682,20,008777,008515,4500
000105000,01039001,000687,20,008777,008515,1400
000111400,01040000,000742,20,008777,011114,6400
000111800,01039001,000745,20,008777,008574,400
000114500,01040000,000768,20,008777,008515,2700
000121300,01039001,000811,20,008777,011114,6800
000125700,01040000,000838,20,008777,009760,4400
000128000,01040000,000855,20,008777,008574,2300
000131800,01040000,000878,20,008777,008574,3800
000132800,01039001,000886,20,008777,010852,1000
000139300,01039001,000926,20,008777,009760,6500
000151500,01040000,001013,20,008777,008515,12200
000154200,01040000,001035,20,008777,010852,2700
000155800,01040000,001042,20,008777,009760,1600
000156100,01039001,001047,20,008777,011114,300
000158400,01040000,001062,20,008777,011114,2300
000160100,01040000,001076,20,008777,011114,1700
000161900,01040000,001090,20,008777,008489,1800
000164800,01040000,001105,20,008777,011114,2900
000167600,01040000,001121,20,008777,008489,2800
000168700,01039001,001129,20,008777,011114,1100
000168900,01040000,001133,20,008777,009760,200
000170000,01039001,001143,20,008777,008515,1100
000170300,01040000,001144,20,008777,008574,300
000171400,01039001,001150,20,008777,011114,1100
000173000,01039001,001160,20,008777,008574,1600
000173300,01040000,001162,20,008777,009760,300
000174900,01039001,001179,20,008777,011114,1600
000175900,01040000,001185,20,008777,009760,1000
000177800,01039001,001201,20,008777,011114,1900
000182100,01040000,001233,20,008777,011114,4300
000183800,01040000,001245,20,008777,010852,1700
000190000,01039001,001288,20,008777,011114,6200
000198700,01040000,001346,20,008777,009760,8700
000200200,01040000,001353,20,008777,008574,1500
000200600,01039001,001356,20,008777,011114,400
000201500,01040000,001362,20,008777,008574,900
000201800,01039001,001363,20,008777,008515,300
000203000,01040000,001375,20,008777,008489,1200
000207100,01039001,001406,20,008777,011114,4100
000208100,01040000,001413,20,008777,011114,1000
000209600,01039001,001422,20,008777,008515,1500
000210200,01040000,001427,20,008777,008515,600
000212800,01040000,001445,20,008777,008574,2600
000214100,01040000,001450,20,008777,008515,1300
000215500,01039001,001462,20,008777,009760,1400
000216700,01040000,001472,20,008777,008515,1200
000218200,01039001,001486,20,008777,011114,1500
000220600,01040000,001506,20,008777,009760,2400
000220900,01039001,001509,20,008777,010852,300
000223200,01039001,001526,20,008777,008515,2300
000234500,01039001,001617,20,008777,011114,11300
000235100,01040000,001624,20,008777,011114,600
000238100,01039001,001639,20,008777,009760,3000
000245100,01040000,001689,20,008777,011114,7000
000249200,01039001,001723,20,008777,009760,4100
000251500,01039001,001740,20,008777,011114,2300
000252000,01040000,001748,20,008777,008515,500
000254400,01040000,001767,20,008777,009760,2400
000259900,01039001,001803,20,008777,009760,5500
000264300,01039001,001831,20,008777,011114,4400
000264600,01040000,001833,20,008777,009760,300
000265500,01039001,001837,20,008777,008489,900
000265800,01040000,001842,20,008777,009760,300
000266800,01039001,001849,20,008777,009760,1000
000267700,01040000,001857,20,008777,009760,900
000271100,01039001,001885,20,008777,009760,3400
000272900,01039001,001900,20,008777,009760,1800
000273900,01040000,001908,20,008777,011114,1000
000285100,01039001,001982,20,008777,008574,11200
000286500,01039001,001990,20,008777,008515,1400
000287400,01040000,001996,20,008777,009760,900
000289000,01039001,002006,20,008777,008574,1600
000292200,01040000,002030,20,008777,008574,3200
000293000,01039001,002038,20,008777,009760,800
000294400,01039001,002050,20,008777,011114,1400
000299400,01040000,002083,20,008777,011114,5000
000001700,01040000,000008,20,008777,011114,1700
000002100,01039001,000010,20,008777,008574,400
000005000,01040000,000022,20,008777,008515,2900
000006000,01039001,000027,20,008777,008574,1000
000006200,01040000,000030,20,008777,009760,200
000007200,01039001,000037,20,008777,008489,1000
000009400,01040000,000051,20,008777,008574,2200
000013800,01040000,000067,20,008777,008489,4400
000015100,01040000,000073,20,008777,008574,1300
000015800,01039001,000078,20,008777,010852,700
000016700,01040000,000083,20,008777,009760,900
000021800,01039001,000106,20,008777,009760,5100
000028100,01040000,000134,20,008777,010852,6300
000037200,01040000,000182,20,008777,011114,9100
000038700,01039001,000190,20,008777,011114,1500
000039200,01040000,000192,20,008777,011114,500
000040100,01039001,000199,20,008777,011114,900
000047200,01040000,000231,20,008777,010852,7100
000001700,01039001,000006,20,008777,011114,1700
000004500,01040000,000012,20,008777,008489,2800
000005100,01039001,000018,20,008777,011114,600
000013000,01040000,000050,20,008777,011114,7900
000017200,01040000,000064,20,008777,011114,4200
000020600,01039001,000081,20,008777,011114,3400
000025600,01039001,000104,20,008777,011114,5000
000025900,01040000,000106,20,008777,008574,300
000028300,01039001,000118,20,008777,008515,2400
000030800,01039001,000134,20,008777,010852,2500
000031200,01040000,000135,20,008777,008574,400
000032100,01039001,000142,20,008777,011114,900
000032900,01040000,000148,20,008777,011114,800
000033400,01039001,000149,20,008777,009760,500
000034900,01040000,000157,20,008777,008489,1500
000035800,01039001,000162,20,008777,009760,900
000049200,01039001,000211,20,008777,011114,13400
000051100,01040000,000218,20,008777,011114,1900
000064700,01039001,000267,20,008777,010852,13600
000068200,01040000,000277,20,008777,010852,3500
000074900,01040000,000296,20,008777,011114,6700
000091200,01039001,000367,20,008777,011114,16300
000093300,01039001,000376,20,008777,008574,2100
000099700,01040000,000405,20,008777,008515,6400
000100400,01039001,000410,20,008777,010852,700
000104700,01039001,000432,20,008777,011114,4300
000105500,01040000,000435,20,008777,011114,800
000106100,01039001,000436,20,008777,008574,600
000106700,01040000,000439,20,008777,008574,600
000119200,01039001,000506,20,008777,011114,12500
000120200,01040000,000513,20,008777,008574,1000
000120800,01039001,000518,20,008777,011114,600
000132700,01039001,000565,20,008777,011114,11900
000134300,01039001,000573,20,008777,011114,1600
000138600,01039001,000591,20,008777,008515,4300
000139400,01040000,000596,20,008777,008574,800
000141600,01039001,000609,20,008777,008515,2200
000144700,01039001,000624,20,008777,009760,3100
000002200,01040000,000007,20,008777,008515,2200
000005200,01040000,000019,20,008777,008574,3000
000006900,01039001,000025,20,008777,008574,1700
000011000,01040000,000045,20,008777,011114,4100
000014100,01040000,000066,20,008777,008515,3100
000014900,01039001,000070,20,008777,011114,800
000015900,01040000,000074,20,008777,008515,1000
000023800,01040000,000102,20,008777,008515,7900
000024900,01039001,000105,20,008777,008489,1100
000027000,01039001,000111,20,008777,011114,2100
000027300,01040000,000112,20,008777,008574,300
000043000,01039001,000185,20,008777,011114,15700
000045500,01039001,000198,20,008777,009760,2500
000055600,01039001,000245,20,008777,008515,10100
000057800,01039001,000256,20,008777,011114,2200
000062500,01040000,000275,20,008777,011114,4700
000065500,01039001,000290,20,008777,009760,3000
000000300,01040000,000002,20,008777,011114,300
000000900,01039001,000004,20,008777,009760,600
000001400,01040000,000006,20,008777,011114,500
000002800,01039001,000015,20,008777,008574,1400
000003200,01040000,000019,20,008777,008574,400
000009800,01039001,000047,20,008777,008574,6600
000010700,01040000,000051,20,008777,008574,900
000012500,01039001,000056,20,008777,011114,1800
000016400,01040000,000079,20,008777,008574,3900
000016800,01039001,000082,20,008777,008515,400
000021500,01039001,000106,20,008777,010852,4700
000021900,01040000,000110,20,008777,009760,400
000031700,01039001,000145,20,008777,010852,9800
000031800,01040000,000146,20,008777,008574,100
000034200,01039001,000158,20,008777,009760,2400
000035300,01040000,000161,20,008777,008574,1100
000039200,01040000,000177,20,008777,008574,3900
000042000,01040000,000190,20,008777,008515,2800
000042200,01039001,000191,20,008777,008489,200
000045300,01039001,000206,20,008777,011114,3100
000045900,01040000,000210,20,008777,009760,600
000046900,01039001,000213,20,008777,011114,1000
000048900,01039001,000222,20,008777,011114,2000
000050800,01040000,000229,20,008777,008574,1900
000055900,01039001,000247,20,008777,008574,5100
000059700,01039001,000261,20,008777,011114,3800
000062300,01040000,000278,20,008777,008489,2600
000063900,01040000,000285,20,008777,008515,1600
000065800,01040000,000292,20,008777,011114,1900
000068900,01040000,000303,20,008777,008574,3100
000087900,01040000,000374,20,008777,008574,19000
000091700,01040000,000386,20,008777,008574,3800
000097400,01039001,000412,20,008777,008489,5700
000099600,01039001,000424,20,008777,008574,2200
000123500,01040000,000526,20,008777,008515,23900
000123900,01039001,000528,20,008777,008574,400
000125700,01040000,000533,20,008777,008515,1800
000130200,01040000,000553,20,008777,008515,4500
000130700,01039001,000555,20,008777,009760,500
000134400,01040000,000563,20,008777,008574,3700
000138500,01040000,000583,20,008777,008574,4100
000154800,01039001,000639,20,008777,009760,16300
000161000,01040000,000659,20,008777,008515,6200
000163600,01039001,000668,20,008777,008574,2600
000167600,01040000,000689,20,008777,010852,4000
000172300,01040000,000714,20,008777,008515,4700
000175200,01039001,000731,20,008777,009760,2900
000185100,01040000,000763,20,008777,008489,9900
000186400,01039001,000769,20,008777,008574,1300
000194200,01039001,000791,20,008777,011114,7800
000195500,01040000,000798,20,008777,011114,1300
000200700,01039001,000815,20,008777,008489,5200
000207700,01040000,000844,20,008777,011114,7000
000210600,01039001,000858,20,008777,008489,2900
000222300,01039001,000894,20,008777,008489,11700
000230900,01040000,000922,20,008777,008574,8600
000232500,01039001,000925,20,008777,010852,1600
000236600,01039001,000941,20,008777,009760,4100
000237300,01040000,000946,20,008777,008489,700
000237900,01039001,000949,20,008777,009760,600
000258600,01039001,001013,20,008777,008574,20700
000262000,01039001,001027,20,008777,008489,3400
000273800,01040000,001063,20,008777,008574,11800
000288700,01040000,001128,20,008777,011114,14900
000293300,01039001,001143,20,008777,008489,4600
000293700,01040000,001145,20,008777,008574,400
000298500,01039001,001167,20,008777,008574,4800
000305400,01040000,001183,20,008777,008515,6900
000309900,01040000,001207,20,008777,008515,4500
000314600,01039001,001223,20,008777,009760,4700
000319200,01040000,001242,20,008777,008515,4600
000323800,01040000,001261,20,008777,008489,4600
000331500,01039001,001285,20,008777,011114,7700
000338300,01040000,001304,20,008777,009760,6800
000353900,01039001,001366,20,008777,008489,15600
000356800,01040000,001380,20,008777,011114,2900
000358100,01039001,001386,20,008777,008574,1300
000364000,01039001,001403,20,008777,008515,5900
000364300,01040000,001406,20,008777,008489,300
000366700,01039001,001418,20,008777,011114,2400
000369900,01039001,001429,20,008777,008574,3200
000376500,01039001,001463,20,008777,011114,6600
000377100,01040000,001467,20,008777,008574,600
000378200,01039001,001471,20,008777,008574,1100
000395600,01039001,001537,20,008777,008574,17400
000397300,01040000,001544,20,008777,008574,1700
000400800,01039001,001557,20,008777,008515,3500
000413300,01039001,001590,20,008777,011114,12500
000414700,01040000,001594,20,008777,008515,1400
000419200,01040000,001608,20,008777,008489,4500
000419400,01039001,001609,20,008777,008515,200
000424000,01039001,001626,20,008777,008574,4600
000424700,01040000,001631,20,008777,010852,700
000427300,01039001,001644,20,008777,008489,2600
000442500,01039001,001695,20,008777,008489,15200
000445200,01039001,001704,20,008777,009760,2700
000449900,01040000,001718,20,008777,008574,4700
000450100,01039001,001719,20,008777,010852,200
000462700,01039001,001765,20,008777,008489,12600
000464100,01040000,001772,20,008777,011114,1400
000465800,01040000,001782,20,008777,008574,1700
000471000,01040000,001801,20,008777,011114,5200
000475000,01040000,001816,20,008777,011114,4000
000478500,01040000,001826,20,008777,011114,3500
000482000,01039001,001846,20,008777,008489,3500
000489400,01039001,001874,20,008777,008489,7400
000492400,01040000,001889,20,008777,008489,3000
000500600,01040000,001926,20,008777,008574,8200
000500700,01039001,001927,20,008777,008574,100
000514100,01040000,001979,20,008777,008574,13400
000514700,01039001,001982,20,008777,009760,600
000516000,01040000,001988,20,008777,008574,1300
000543100,01039001,002111,20,008777,008489,27100
000548000,01040000,002135,20,008777,009760,4900
000549100,01039001,002140,20,008777,008489,1100
000550300,01040000,002146,20,008777,011114,1200
000550900,01039001,002150,20,008777,008574,600
000552000,01040000,002160,20,008777,011114,1100
000558300,01040000,002190,20,008777,008574,6300
000563700,01040000,002212,20,008777,008574,5400
000565100,01040000,002221,20,008777,010852,1400
000580300,01040000,002278,20,008777,008574,15200
000600500,01039001,002354,20,008777,008574,20200
000605300,01040000,002379,20,008777,011114,4800
000629900,01040000,002483,20,008777,011114,24600
000642600,01039001,002535,20,008777,008574,12700
000648000,01039001,002552,20,008777,011114,5400
000655700,01039001,002580,20,008777,009760,7700
000658200,01039001,002590,20,008777,008574,2500
000660000,01040000,002597,20,008777,008515,1800
000660900,01039001,002603,20,008777,008489,900
000666900,01040000,002626,20,008777,010852,6000
000671300,01040000,002652,20,008777,009760,4400
000680900,01039001,002685,20,008777,010852,9600
000682900,01039001,002692,20,008777,010852,2000
000687100,01039001,002712,20,008777,011114,4200
000001500,01039001,000003,20,008777,008574,1500
000003900,01040000,000011,20,008777,010852,2400
000004100,01039001,000012,20,008777,008489,200
000014600,01040000,000049,20,008777,011114,10500
000021200,01039001,000077,20,008777,010852,6600
000022000,01040000,000080,20,008777,011114,800
000024600,01040000,000095,20,008777,008489,2600
000026100,01040000,000102,20,008777,011114,1500
000032000,01040000,000129,20,008777,008515,5900
000037100,01040000,000150,20,008777,008574,5100
000040700,01040000,000161,20,008777,008574,3600
000050000,01039001,000200,20,008777,011114,9300
000050900,01040000,000206,20,008777,008515,900
000054500,01039001,000217,20,008777,009760,3600
000059700,01039001,000246,20,008777,008574,5200
000060000,01040000,000247,20,008777,011114,300
000067500,01040000,000283,20,008777,009760,7500
000072900,01039001,000307,20,008777,009760,5400
000083800,01040000,000350,20,008777,008489,10900
000087900,01040000,000369,20,008777,011114,4100
000093500,01040000,000394,20,008777,011114,5600
000094500,01039001,000401,20,008777,009760,1000
000094900,01040000,000402,20,008777,011114,400
000098500,01039001,000415,20,008777,011114,3600
000102300,01039001,000435,20,008777,011114,3800
000107600,01039001,000452,20,008777,008489,5300
000000200,01040000,000000,20,008777,010852,200
000000600,01039001,000003,20,008777,008574,400
000003300,01040000,000014,20,008777,008574,2700
000003600,01039001,000015,20,008777,011114,300
000009600,01040000,000041,20,008777,011114,6000
000013100,01040000,000053,20,008777,008574,3500
000013900,01039001,000055,20,008777,011114,800
000020600,01040000,000079,20,008777,009760,6700
000004800,01039001,000021,20,008777,011114,4800
000007800,01040000,000030,20,008777,008574,3000
000008400,01039001,000033,20,008777,011114,600
000008900,01040000,000035,20,008777,008515,500
000007300,01040000,000029,20,008777,011114,7300
000013000,01040000,000052,20,008777,008515,5700
000017800,01040000,000074,20,008777,008574,4800
000019700,01040000,000080,20,008777,008515,1900
000020200,01039001,000081,20,008777,011114,500
000020900,01040000,000083,20,008777,009760,700
000022300,01040000,000088,20,008777,008574,1400
000023800,01039001,000093,20,008777,008489,1500
000027700,01040000,000117,20,008777,011114,3900
000001300,01039001,000004,20,008777,011114,1300
000001800,01040000,000007,20,008777,009760,500
000007200,01040000,000032,20,008777,008574,5400
000009300,01039001,000043,20,008777,008574,2100
000011100,01040000,000054,20,008777,009760,1800
000014700,01040000,000066,20,008777,008574,3600
000004000,01040000,000019,20,008777,008574,4000
000009100,01040000,000048,20,008777,011114,5100
000009600,01039001,000054,20,008777,011114,500
000019000,01040000,000085,20,008777,011114,9400
000004700,01039001,000021,20,008777,009760,4700
000010300,01040000,000038,20,008777,011114,5600
000010800,01039001,000041,20,008777,011114,500
000014600,01040000,000057,20,008777,011114,3800
000014700,01039001,000058,20,008777,011114,100
000016700,01040000,000069,20,008777,008489,2000
000001500,01040000,000011,20,008777,011114,1500
000002400,01039001,000018,20,008777,008574,900
000003800,01039001,000022,20,008777,008515,1400
000006800,01040000,000031,20,008777,011114,3000
000007300,01039001,000036,20,008777,011114,500
000010300,01040000,000048,20,008777,008489,3000
000010800,01039001,000051,20,008777,011114,500
000006700,01040000,000028,20,008777,008574,6700
000007100,01039001,000030,20,008777,011114,400
000016600,01039001,000070,20,008777,008515,9500
000021300,01039001,000090,20,008777,008489,4700
000009000,01040000,000030,20,008777,008574,9000
000010100,01039001,000034,20,008777,008489,1100
000012600,01039001,000044,20,008777,011114,2500
000012700,01040000,000045,20,008777,008489,100
000016600,01040000,000061,20,008777,008574,3900
000018600,01039001,000070,20,008777,010852,2000
000019200,01040000,000074,20,008777,011114,600
000008700,01039001,000022,20,008777,008515,8700
000013000,01040000,000034,20,008777,008574,4300
000014300,01039001,000038,20,008777,008574,1300
000017500,01040000,000052,20,008777,010852,3200
000019500,01039001,000060,20,008777,011114,2000
000019500,01040000,000061,20,008777,009760,0
000022600,01039001,000073,20,008777,008489,3100
000023900,01040000,000079,20,008777,008574,1300
000024300,01039001,000080,20,008777,008515,400
000025300,01040000,000085,20,008777,011114,1000
000028000,01039001,000102,20,008777,011114,2700
000039600,01039001,000153,20,008777,008489,11600
000007900,01040000,000033,20,008777,008489,7900
000002800,01040000,000006,20,008777,008515,2800
000002800,01039001,000007,20,008777,010852,0
000010600,01040000,000042,20,008777,008574,7800
000001800,01039001,000004,20,008777,008489,1800
000007700,01039001,000029,20,008777,008515,5900
000008200,01040000,000035,20,008777,011114,500
000016300,01039001,000071,20,008777,011114,8100
000010000,01039001,000029,20,008777,008574,10000
000014800,01039001,000049,20,008777,008515,4800
000014800,01040000,000050,20,008777,009760,0
000017300,01039001,000058,20,008777,008574,2500
000019800,01040000,000067,20,008777,008515,2500
000028800,01039001,000099,20,008777,008574,9000
